337	1	1	1	170803	084750.80	108.53986166	34.22529306	44.40	-0.0140	-0.0850	-0.9680	3.41	NULL	50	0
338	1	1	1	170803	084750.90	108.53985408	34.22529013	44.40	0.0170	-0.0570	-1.0260	3.41	NULL	49	0
339	1	1	1	170803	084751.00	108.53984651	34.22528724	44.40	-0.0300	-0.0320	-0.9960	3.41	NULL	49	0
340	1	1	1	170803	084751.10	108.53983894	34.22528435	44.40	-0.0040	-0.0170	-0.9650	3.41	NULL	49	0
341	1	1	1	170803	084751.20	108.53983139	34.22528146	44.40	-0.0140	0.0280	-0.9640	3.41	NULL	49	0
342	1	1	1	170803	084751.30	108.53982383	34.22527859	44.40	-0.0570	0.0190	-0.9650	3.55	NULL	49	0
343	1	1	1	170803	084751.40	108.53981629	34.22527573	44.40	0.0200	-0.0520	-1.0370	3.55	NULL	49	0
344	1	1	1	170803	084751.50	108.53980875	34.22527286	44.40	-0.0130	-0.0430	-0.9900	3.55	NULL	49	0
345	1	1	1	170803	084751.60	108.53980120	34.22527004	44.40	-0.0170	-0.0450	-0.9890	3.63	NULL	49	0
346	1	1	1	170803	084751.70	108.53979365	34.22526722	44.40	-0.0400	-0.0820	-0.9480	3.63	NULL	49	0
347	1	1	1	170803	084751.80	108.53978612	34.22526442	44.40	0.0420	0.0110	-1.0790	3.63	NULL	49	0
348	1	1	1	170803	084751.90	108.53977860	34.22526160	44.40	0.0110	-0.0440	-1.0680	3.66	NULL	49	0
349	1	1	1	170803	084752.00	108.53977109	34.22525881	44.40	-0.0300	0.0270	-0.9960	3.66	NULL	49	0
350	1	1	1	170803	084752.10	108.53976359	34.22525602	44.40	-0.0080	0.0180	-1.0860	3.66	NULL	49	0
351	1	1	1	170803	084752.20	108.53975608	34.22525324	44.40	-0.0090	-0.0320	-0.9780	3.72	NULL	49	0
352	1	1	1	170803	084752.30	108.53974861	34.22525046	44.40	0.0490	0.0000	-1.0260	3.72	NULL	49	0
353	1	1	1	170803	084752.40	108.53974113	34.22524771	44.40	0.0240	-0.0240	-1.0100	3.72	NULL	48	0
354	1	1	1	170803	084752.50	108.53973365	34.22524495	44.40	-0.0670	-0.1050	-1.0840	3.75	NULL	48	0
355	1	1	1	170803	084752.60	108.53972619	34.22524219	44.40	0.0340	0.0400	-0.9070	3.75	NULL	48	0
356	1	1	1	170803	084752.70	108.53971872	34.22523945	44.40	-0.0290	-0.1190	-0.9350	3.75	NULL	48	0
357	1	1	1	170803	084752.80	108.53971121	34.22523668	44.40	-0.0230	-0.0130	-0.9630	3.84	NULL	48	0
358	1	1	1	170803	084752.90	108.53970375	34.22523397	44.40	-0.0140	-0.0550	-0.9780	3.84	NULL	48	0
359	1	1	1	170803	084753.00	108.53969625	34.22523127	44.40	-0.0240	-0.0900	-1.0180	3.84	NULL	48	0
360	1	1	1	170803	084753.10	108.53968881	34.22522856	44.40	0.0070	-0.0440	-1.0180	4.13	NULL	48	0
361	1	1	1	170803	084753.20	108.53968137	34.22522590	44.40	0.0160	-0.1160	-1.0020	4.13	NULL	48	0
362	1	1	1	170803	084753.30	108.53967397	34.22522319	44.40	-0.0330	-0.0370	-1.0380	4.13	NULL	48	0
363	1	1	1	170803	084753.40	108.53966658	34.22522050	44.40	-0.0250	-0.0640	-1.0210	4.93	NULL	48	0
364	1	1	1	170803	084753.50	108.53965917	34.22521780	44.40	-0.0430	-0.0220	-1.0140	4.93	NULL	48	0
365	1	1	1	170803	084753.60	108.53965180	34.22521510	44.40	-0.0880	-0.0400	-0.9900	4.93	NULL	48	0
366	1	1	1	170803	084753.70	108.53964442	34.22521241	44.40	-0.0020	-0.0760	-0.9410	4.93	NULL	48	0
367	1	1	1	170803	084753.80	108.53963706	34.22520973	42.55	0.0040	-0.1160	-1.0100	5.08	NULL	48	0
368	1	1	1	170803	084753.90	108.53962967	34.22520706	42.55	0.0430	-0.0510	-1.0430	5.08	NULL	48	0
369	1	1	1	170803	084754.00	108.53962230	34.22520441	42.55	0.0530	-0.0330	-1.0350	5.09	NULL	48	0
370	1	1	1	170803	084754.10	108.53961490	34.22520173	42.55	0.0350	0.0230	-0.9130	5.09	NULL	48	0
371	1	1	1	170803	084754.20	108.53960751	34.22519907	44.40	-0.0060	-0.0010	-0.9660	5.09	NULL	48	0
372	1	1	1	170803	084754.30	108.53960014	34.22519644	42.55	-0.0680	-0.0350	-0.9490	5.09	NULL	48	0
373	1	1	1	170803	084754.40	108.53959278	34.22519379	42.55	-0.0090	-0.0190	-1.0260	5.23	NULL	48	0
374	1	1	1	170803	084754.50	108.53958539	34.22519115	42.55	0.0170	-0.0630	-1.0920	5.23	NULL	48	0
375	1	1	1	170803	084754.60	108.53957804	34.22518853	42.55	0.0380	-0.1230	-0.9480	5.23	NULL	47	0
376	1	1	1	170803	084754.70	108.53957065	34.22518593	42.55	0.0040	-0.0920	-0.9460	5.34	NULL	48	0
377	1	1	1	170803	084754.80	108.53956317	34.22518329	42.55	-0.0120	-0.0370	-0.9920	5.34	NULL	48	0
378	1	1	1	170803	084754.90	108.53955579	34.22518068	42.55	0.0230	0.0540	-0.9550	5.34	NULL	48	0
379	1	1	1	170803	084755.00	108.53954842	34.22517812	42.55	0.0040	-0.0170	-1.0660	5.36	NULL	48	0
380	1	1	1	170803	084755.10	108.53954100	34.22517555	42.55	0.0260	-0.0720	-1.0110	5.36	NULL	48	0
381	1	1	1	170803	084755.20	108.53953361	34.22517301	42.55	0.0350	0.0280	-1.0460	5.36	NULL	48	0
382	1	1	1	170803	084755.30	108.53952618	34.22517047	42.55	-0.0250	-0.0410	-1.0630	5.43	NULL	48	0
383	1	1	1	170803	084755.40	108.53951878	34.22516793	42.55	0.0390	0.0170	-0.9660	5.43	NULL	48	0
384	1	1	1	170803	084755.50	108.53951132	34.22516539	44.40	0.0210	-0.0260	-0.9570	5.43	NULL	48	0
385	1	1	1	170803	084755.60	108.53950408	34.22516297	44.40	0.0420	-0.0590	-0.9520	5.39	NULL	48	0
386	1	1	1	170803	084755.70	108.53949660	34.22516045	44.40	0.0510	0.0080	-0.9890	5.39	NULL	48	0
387	1	1	1	170803	084755.80	108.53948925	34.22515804	44.40	0.0270	-0.0600	-1.0800	5.39	NULL	48	0
388	1	1	1	170803	084755.90	108.53948174	34.22515548	44.40	0.0030	0.0110	-0.9460	5.44	NULL	48	0
389	1	1	1	170803	084756.00	108.53947422	34.22515311	44.40	0.0530	-0.0440	-0.9260	5.44	NULL	48	0
390	1	1	1	170803	084756.10	108.53946670	34.22515060	44.40	0.0580	-0.1020	-1.0310	5.44	NULL	48	0
391	1	1	1	170803	084756.20	108.53945908	34.22514805	44.40	0.0290	-0.0320	-0.9920	5.30	NULL	48	0
392	1	1	1	170803	084756.30	108.53945153	34.22514549	44.40	0.0140	-0.0150	-0.9710	5.30	NULL	49	0
393	1	1	1	170803	084756.40	108.53944388	34.22514303	44.40	0.0150	-0.0130	-0.9530	5.30	NULL	49	0
394	1	1	1	170803	084756.50	108.53943630	34.22514053	44.40	0.0280	-0.0100	-0.9910	3.68	NULL	49	0
395	1	1	1	170803	084756.60	108.53942855	34.22513792	44.40	0.0290	-0.0320	-1.0160	3.68	NULL	49	0
396	1	1	1	170803	084756.70	108.53942091	34.22513535	44.40	0.0440	-0.0470	-1.0550	3.68	NULL	49	0
397	1	1	1	170803	084756.80	108.53941313	34.22513268	44.40	0.0100	-0.0130	-0.9610	3.39	NULL	49	0
398	1	1	1	170803	084756.90	108.53940546	34.22513013	44.40	0.0850	-0.1090	-0.9370	3.39	NULL	49	0
399	1	1	1	170803	084757.00	108.53939777	34.22512765	44.40	0.0450	0.0740	-1.0460	3.39	NULL	49	0
400	1	1	1	170803	084757.10	108.53939006	34.22512510	44.40	0.0680	0.0000	-0.9800	3.62	NULL	49	0
401	1	1	1	170803	084757.20	108.53938233	34.22512260	44.40	0.0320	0.1110	-1.0070	3.62	NULL	50	0
402	1	1	1	170803	084757.30	108.53937454	34.22512005	44.40	0.0660	-0.0670	-0.9990	3.62	NULL	50	0
403	1	1	1	170803	084757.40	108.53936674	34.22511751	46.25	-0.0110	0.0500	-0.9750	3.67	NULL	50	0
404	1	1	1	170803	084757.50	108.53935894	34.22511495	46.25	0.0760	-0.0250	-0.9630	3.67	NULL	50	0
405	1	1	1	170803	084757.60	108.53935109	34.22511244	46.25	0.0800	-0.1000	-0.9860	3.67	NULL	50	0
406	1	1	1	170803	084757.70	108.53934322	34.22510990	46.25	0.0390	-0.0580	-1.0100	3.67	NULL	50	0
407	1	1	1	170803	084757.80	108.53933527	34.22510735	46.25	0.0660	-0.1110	-1.0180	3.71	NULL	51	0
408	1	1	1	170803	084757.90	108.53932736	34.22510477	46.25	0.0510	0.0190	-1.0080	3.71	NULL	50	0
409	1	1	1	170803	084758.00	108.53931936	34.22510222	46.25	0.0500	-0.0320	-1.0400	3.77	NULL	50	0
410	1	1	1	170803	084758.10	108.53931142	34.22509964	46.25	0.0220	-0.0280	-1.0180	3.77	NULL	51	0
411	1	1	1	170803	084758.20	108.53930339	34.22509707	46.25	0.0320	-0.0150	-0.9540	3.77	NULL	50	0
412	1	1	1	170803	084758.30	108.53929541	34.22509453	46.25	0.0480	0.0320	-1.0000	3.77	NULL	51	0
413	1	1	1	170803	084758.40	108.53928744	34.22509190	46.25	-0.0040	-0.0320	-0.9600	3.76	NULL	51	0
414	1	1	1	170803	084758.50	108.53927944	34.22508938	46.25	0.0410	0.0100	-0.8750	3.76	NULL	50	0
415	1	1	1	170803	084758.60	108.53927142	34.22508685	46.25	-0.0070	-0.0300	-0.9610	3.76	NULL	50	0
416	1	1	1	170803	084758.70	108.53926343	34.22508436	46.25	0.0560	0.0990	-0.9250	3.78	NULL	51	0
417	1	1	1	170803	084758.80	108.53925543	34.22508185	46.25	-0.0100	-0.0510	-1.0680	3.78	NULL	50	0
418	1	1	1	170803	084758.90	108.53924744	34.22507938	46.25	0.0240	-0.0290	-0.9690	3.78	NULL	50	0
419	1	1	1	170803	084759.00	108.53923941	34.22507690	46.25	-0.0100	-0.0820	-0.9790	3.76	NULL	51	0
420	1	1	1	170803	084759.10	108.53923141	34.22507447	46.25	0.0090	0.0070	-0.9480	3.76	NULL	50	0
421	1	1	1	170803	084759.20	108.53922338	34.22507200	46.25	-0.0110	-0.0910	-1.0060	3.76	NULL	50	0
422	1	1	1	170803	084759.30	108.53921538	34.22506958	46.25	0.0010	-0.0190	-1.0470	3.75	NULL	51	0
423	1	1	1	170803	084759.40	108.53920736	34.22506716	46.25	-0.0240	-0.0650	-1.0300	3.75	NULL	50	0
424	1	1	1	170803	084759.50	108.53919935	34.22506476	46.25	-0.0490	-0.0680	-1.0440	3.75	NULL	50	0
425	1	1	1	170803	084759.60	108.53919134	34.22506235	46.25	-0.0350	-0.0770	-1.0180	3.73	NULL	51	0
426	1	1	1	170803	084759.70	108.53918335	34.22505997	46.25	0.0180	-0.0910	-0.9700	3.73	NULL	50	0
427	1	1	1	170803	084759.80	108.53917536	34.22505757	46.25	-0.0500	-0.0950	-1.0260	3.73	NULL	50	0
428	1	1	1	170803	084759.90	108.53916736	34.22505522	46.25	-0.0180	-0.0430	-0.9820	3.74	NULL	50	0
429	1	1	1	170803	084800.00	108.53915938	34.22505286	46.25	-0.0400	-0.1320	-1.0600	3.74	NULL	50	0
430	1	1	1	170803	084800.10	108.53915140	34.22505048	46.25	0.0080	-0.1150	-1.0930	3.74	NULL	50	0
431	1	1	1	170803	084800.20	108.53914343	34.22504812	46.25	-0.0430	0.0310	-1.0720	3.73	NULL	50	0
432	1	1	1	170803	084800.30	108.53913546	34.22504575	46.25	-0.0240	-0.0950	-0.9000	3.73	NULL	50	0
433	1	1	1	170803	084800.40	108.53912750	34.22504338	46.25	-0.0370	-0.0310	-1.0930	3.73	NULL	50	0
434	1	1	1	170803	084800.50	108.53911954	34.22504103	46.25	-0.0020	-0.0750	-1.0500	3.74	NULL	50	0
435	1	1	1	170803	084800.60	108.53911158	34.22503868	46.25	-0.0090	-0.0290	-0.9760	3.74	NULL	50	0
436	1	1	1	170803	084800.70	108.53910362	34.22503632	46.25	0.0010	-0.0240	-0.9390	3.74	NULL	50	0
437	1	1	1	170803	084800.80	108.53909564	34.22503398	46.25	-0.0470	-0.0190	-0.9840	3.74	NULL	50	0
438	1	1	1	170803	084800.90	108.53908773	34.22503160	46.25	-0.0140	-0.0960	-0.9430	3.74	NULL	50	0
439	1	1	1	170803	084801.00	108.53907980	34.22502923	46.25	-0.0480	-0.0140	-1.1370	3.74	NULL	50	0
440	1	1	1	170803	084801.10	108.53907190	34.22502687	46.25	-0.0180	-0.0570	-0.9230	3.76	NULL	50	0
441	1	1	1	170803	084801.20	108.53906402	34.22502450	44.40	0.0000	-0.1150	-1.0770	3.76	NULL	50	0
442	1	1	1	170803	084801.30	108.53905612	34.22502215	44.40	-0.0380	-0.0510	-1.0800	3.76	NULL	50	0
443	1	1	1	170803	084801.40	108.53904824	34.22501980	44.40	-0.0400	-0.0700	-0.9910	3.75	NULL	50	0
444	1	1	1	170803	084801.50	108.53904036	34.22501745	44.40	0.0360	0.0360	-0.9840	3.75	NULL	49	0
445	1	1	1	170803	084801.60	108.53903245	34.22501510	44.40	-0.0030	0.0470	-1.0350	3.75	NULL	49	0
446	1	1	1	170803	084801.70	108.53902460	34.22501276	44.40	-0.0660	0.0070	-0.9570	3.75	NULL	49	0
447	1	1	1	170803	084801.80	108.53901674	34.22501040	44.40	-0.0370	-0.0740	-1.0280	3.75	NULL	49	0
448	1	1	1	170803	084801.90	108.53900894	34.22500808	44.40	-0.0810	-0.0060	-0.9370	3.75	NULL	49	0
449	1	1	1	170803	084802.00	108.53900113	34.22500574	44.40	-0.0350	-0.1330	-1.1420	3.76	NULL	49	0
450	1	1	1	170803	084802.10	108.53899337	34.22500342	44.40	-0.0630	-0.0790	-1.0180	3.76	NULL	49	0
451	1	1	1	170803	084802.20	108.53898562	34.22500111	44.40	0.0010	-0.0070	-0.9470	3.76	NULL	49	0
452	1	1	1	170803	084802.30	108.53897790	34.22499880	44.40	-0.0480	-0.0570	-1.0210	3.76	NULL	48	0
453	1	1	1	170803	084802.40	108.53897018	34.22499648	44.40	-0.0430	-0.0040	-0.9120	3.17	NULL	48	0
454	1	1	1	170803	084802.50	108.53896248	34.22499419	44.40	0.0180	0.0320	-1.0300	3.17	NULL	48	0
455	1	1	1	170803	084802.60	108.53895477	34.22499189	44.40	-0.0540	-0.0080	-1.0190	3.17	NULL	48	0
456	1	1	1	170803	084802.70	108.53894713	34.22498960	44.40	-0.0310	-0.0350	-0.9240	2.79	NULL	48	0
457	1	1	1	170803	084802.80	108.53893945	34.22498730	44.40	0.0110	-0.0260	-1.0090	2.79	NULL	48	0
458	1	1	1	170803	084802.90	108.53893182	34.22498499	44.40	-0.0070	0.0070	-1.0680	2.79	NULL	48	0
459	1	1	1	170803	084803.00	108.53892416	34.22498269	44.40	0.0710	-0.0280	-1.0050	2.63	NULL	48	0
460	1	1	1	170803	084803.10	108.53891651	34.22498039	44.40	-0.0180	0.0010	-0.9360	2.63	NULL	48	0
461	1	1	1	170803	084803.20	108.53890886	34.22497809	44.40	-0.0290	0.0000	-0.9790	2.63	NULL	48	0
462	1	1	1	170803	084803.30	108.53890125	34.22497580	44.40	-0.0120	-0.0900	-1.0710	2.68	NULL	48	0
463	1	1	1	170803	084803.40	108.53889359	34.22497350	44.40	-0.0440	0.0070	-1.0100	2.68	NULL	48	0
464	1	1	1	170803	084803.50	108.53888598	34.22497122	44.40	0.0190	-0.0770	-0.9160	2.68	NULL	48	0
465	1	1	1	170803	084803.60	108.53887834	34.22496892	44.40	-0.0630	-0.0230	-1.0470	2.51	NULL	48	0
466	1	1	1	170803	084803.70	108.53887073	34.22496664	44.40	-0.0310	0.0510	-0.9660	2.51	NULL	48	0
467	1	1	1	170803	084803.80	108.53886310	34.22496434	44.40	0.0280	-0.0120	-1.0360	2.51	NULL	48	0
468	1	1	1	170803	084803.90	108.53885550	34.22496204	44.40	-0.0560	-0.0440	-1.0540	2.36	NULL	48	0
469	1	1	1	170803	084804.00	108.53884785	34.22495973	44.40	-0.0090	0.0130	-1.0350	2.36	NULL	48	0
470	1	1	1	170803	084804.10	108.53884024	34.22495742	44.40	0.0520	-0.0600	-0.9230	2.36	NULL	48	0
471	1	1	1	170803	084804.20	108.53883242	34.22495498	44.40	-0.0140	-0.0780	-1.0340	2.36	NULL	48	0
472	1	1	1	170803	084804.30	108.53882483	34.22495268	44.40	0.0060	-0.0010	-1.0480	2.36	NULL	48	0
473	1	1	1	170803	084804.40	108.53881719	34.22495025	44.40	0.0130	-0.0400	-0.9990	2.36	NULL	48	0
474	1	1	1	170803	084804.50	108.53880959	34.22494794	44.40	0.0230	0.0080	-0.9940	2.00	NULL	48	0
475	1	1	1	170803	084804.60	108.53880197	34.22494557	44.40	0.0390	0.0240	-1.0020	2.00	NULL	48	0
476	1	1	1	170803	084804.70	108.53879434	34.22494325	44.40	-0.0240	-0.0480	-1.0130	2.00	NULL	48	0
477	1	1	1	170803	084804.80	108.53878671	34.22494088	44.40	0.0240	-0.0800	-0.9590	1.99	NULL	48	0
478	1	1	1	170803	084804.90	108.53877912	34.22493856	44.40	0.0190	-0.0490	-0.9750	1.99	NULL	48	0
479	1	1	1	170803	084805.00	108.53877142	34.22493616	44.40	0.0030	-0.0330	-1.0390	1.99	NULL	48	0
480	1	1	1	170803	084805.10	108.53876383	34.22493385	44.40	0.0030	0.0280	-1.0000	1.85	NULL	48	0
481	1	1	1	170803	084805.20	108.53875617	34.22493146	44.40	-0.0130	0.0150	-1.0590	1.85	NULL	48	0
482	1	1	1	170803	084805.30	108.53874855	34.22492914	44.40	-0.0270	-0.0080	-1.0410	1.85	NULL	48	0
483	1	1	1	170803	084805.40	108.53874086	34.22492674	44.40	0.0050	-0.0140	-0.9730	1.85	NULL	48	0
484	1	1	1	170803	084805.50	108.53873324	34.22492443	44.40	0.0140	0.0450	-0.9980	1.85	NULL	48	0
485	1	1	1	170803	084805.60	108.53872555	34.22492204	44.40	0.0560	-0.0010	-0.9620	1.85	NULL	48	0
486	1	1	1	170803	084805.70	108.53871793	34.22491973	44.40	0.0100	0.0400	-1.0060	1.85	NULL	48	0
487	1	1	1	170803	084805.80	108.53871036	34.22491739	44.40	0.0010	-0.0050	-0.9770	1.87	NULL	48	0
488	1	1	1	170803	084805.90	108.53870273	34.22491510	44.40	0.0640	-0.0540	-1.0360	1.87	NULL	48	0
489	1	1	1	170803	084806.00	108.53869515	34.22491271	44.40	0.0470	-0.0090	-0.9700	1.95	NULL	48	0
490	1	1	1	170803	084806.10	108.53868751	34.22491042	44.40	-0.0090	0.0930	-1.0500	1.95	NULL	49	0
491	1	1	1	170803	084806.20	108.53867984	34.22490800	44.40	-0.0010	-0.0690	-1.0260	1.95	NULL	48	0
492	1	1	1	170803	084806.30	108.53867219	34.22490571	44.40	0.0350	0.0340	-1.0320	1.95	NULL	49	0
493	1	1	1	170803	084806.40	108.53866451	34.22490330	44.40	0.0100	0.0100	-1.0990	1.92	NULL	49	0
494	1	1	1	170803	084806.50	108.53865680	34.22490100	44.40	-0.0020	0.0990	-0.9260	1.92	NULL	48	0
495	1	1	1	170803	084806.60	108.53864903	34.22489860	44.40	0.0190	0.0890	-0.9070	1.92	NULL	49	0
496	1	1	1	170803	084806.70	108.53864129	34.22489631	44.40	0.0190	0.0250	-0.9430	2.16	NULL	49	0
497	1	1	1	170803	084806.80	108.53863350	34.22489393	44.40	0.0430	0.0200	-0.9400	2.16	NULL	49	0
498	1	1	1	170803	084806.90	108.53862574	34.22489164	44.40	0.0120	0.0400	-1.0180	2.16	NULL	49	0
499	1	1	1	170803	084807.00	108.53861794	34.22488929	44.40	0.0550	-0.0440	-0.9750	2.33	NULL	49	0
500	1	1	1	170803	084807.10	108.53861016	34.22488701	44.40	0.0500	0.0440	-0.9730	2.33	NULL	49	0
501	1	1	1	170803	084807.20	108.53860232	34.22488479	44.40	0.0390	-0.0630	-1.1110	2.33	NULL	49	0
502	1	1	1	170803	084807.30	108.53859449	34.22488248	44.40	0.0480	-0.0380	-1.0760	2.65	NULL	49	0
503	1	1	1	170803	084807.40	108.53858655	34.22488021	44.40	0.0300	-0.0930	-0.9470	2.65	NULL	49	0
504	1	1	1	170803	084807.50	108.53857870	34.22487794	44.40	0.0540	0.0020	-0.9300	2.65	NULL	50	0
505	1	1	1	170803	084807.60	108.53857081	34.22487572	44.40	0.0820	-0.0230	-1.0910	2.96	NULL	49	0
506	1	1	1	170803	084807.70	108.53856292	34.22487340	44.40	0.0520	0.0460	-0.9970	2.96	NULL	50	0
507	1	1	1	170803	084807.80	108.53855498	34.22487110	46.25	0.0330	0.0620	-0.8940	2.96	NULL	50	0
508	1	1	1	170803	084807.90	108.53854705	34.22486884	46.25	0.0330	-0.0320	-0.8980	3.30	NULL	50	0
509	1	1	1	170803	084808.00	108.53853909	34.22486658	46.25	0.0380	0.0050	-1.0260	3.30	NULL	50	0
510	1	1	1	170803	084808.10	108.53853114	34.22486433	46.25	0.0720	0.0740	-1.0760	3.30	NULL	50	0
511	1	1	1	170803	084808.20	108.53852311	34.22486210	46.25	0.0340	-0.0090	-1.0580	3.07	NULL	50	0
512	1	1	1	170803	084808.30	108.53851508	34.22485983	46.25	0.0070	-0.0880	-0.9940	3.07	NULL	50	0
513	1	1	1	170803	084808.40	108.53850707	34.22485754	46.25	0.0290	0.0550	-0.9540	3.07	NULL	51	0
514	1	1	1	170803	084808.50	108.53849905	34.22485531	46.25	0.0010	0.0260	-1.0580	3.32	NULL	50	0
515	1	1	1	170803	084808.60	108.53849101	34.22485305	46.25	-0.0200	0.0890	-1.0620	3.32	NULL	50	0
516	1	1	1	170803	084808.70	108.53848293	34.22485085	46.25	0.0780	0.0340	-0.9890	3.32	NULL	50	0
517	1	1	1	170803	084808.80	108.53847480	34.22484868	46.25	-0.0060	0.0540	-1.0090	3.69	NULL	50	0
518	1	1	1	170803	084808.90	108.53846677	34.22484648	46.25	-0.0130	0.0100	-1.0410	3.69	NULL	50	0
519	1	1	1	170803	084809.00	108.53845872	34.22484436	46.25	-0.0120	-0.0020	-1.0820	3.69	NULL	50	0
520	1	1	1	170803	084809.10	108.53845066	34.22484217	46.25	0.0310	0.1140	-1.0410	3.99	NULL	50	0
521	1	1	1	170803	084809.20	108.53844261	34.22484004	46.25	0.0040	0.0850	-0.9930	3.99	NULL	50	0
522	1	1	1	170803	084809.30	108.53843456	34.22483789	46.25	-0.0190	-0.0020	-1.0670	3.99	NULL	50	0
523	1	1	1	170803	084809.40	108.53842651	34.22483574	46.25	0.0040	0.0110	-0.9200	4.21	NULL	50	0
524	1	1	1	170803	084809.50	108.53841849	34.22483362	46.25	-0.0040	0.0340	-0.9330	4.21	NULL	50	0
525	1	1	1	170803	084809.60	108.53841048	34.22483150	46.25	0.0660	0.0490	-0.9930	4.21	NULL	50	0
526	1	1	1	170803	084809.70	108.53840245	34.22482941	46.25	0.0070	-0.0170	-1.0130	4.21	NULL	50	0
527	1	1	1	170803	084809.80	108.53839450	34.22482728	46.25	-0.0400	0.0480	-1.0310	4.51	NULL	50	0
528	1	1	1	170803	084809.90	108.53838649	34.22482521	44.40	-0.0350	0.0120	-0.9680	4.51	NULL	50	0
529	1	1	1	170803	084810.00	108.53837855	34.22482312	44.40	0.0240	0.0680	-1.0820	4.75	NULL	50	0
530	1	1	1	170803	084810.10	108.53837053	34.22482108	44.40	-0.0080	0.0090	-1.0010	4.75	NULL	50	0
531	1	1	1	170803	084810.20	108.53836257	34.22481905	44.40	-0.0480	0.0910	-1.0480	4.75	NULL	50	0
532	1	1	1	170803	084810.30	108.53835460	34.22481698	44.40	-0.0040	0.0010	-0.8730	4.75	NULL	49	0
533	1	1	1	170803	084810.40	108.53834659	34.22481498	44.40	0.0390	0.1480	-0.9080	4.95	NULL	49	0
534	1	1	1	170803	084810.50	108.53833862	34.22481294	44.40	-0.1020	0.0250	-0.8140	4.95	NULL	49	0
535	1	1	1	170803	084810.60	108.53833066	34.22481091	44.40	-0.0680	0.0250	-0.9880	4.95	NULL	49	0
536	1	1	1	170803	084810.70	108.53832273	34.22480887	44.40	0.0040	0.0270	-1.0330	4.99	NULL	49	0
537	1	1	1	170803	084810.80	108.53831487	34.22480686	44.40	0.0040	-0.0140	-1.0320	4.99	NULL	49	0
538	1	1	1	170803	084810.90	108.53830698	34.22480481	44.40	0.0000	0.0000	-1.0410	4.99	NULL	49	0
539	1	1	1	170803	084811.00	108.53829916	34.22480273	44.40	-0.0080	-0.0100	-1.0210	4.72	NULL	49	0
540	1	1	1	170803	084811.10	108.53829125	34.22480068	44.40	0.0240	0.0300	-0.9840	4.72	NULL	49	0
541	1	1	1	170803	084811.20	108.53828346	34.22479861	44.40	0.0080	-0.0450	-0.9670	4.72	NULL	49	0
542	1	1	1	170803	084811.30	108.53827561	34.22479656	44.40	0.0200	-0.0380	-1.0260	4.43	NULL	49	0
543	1	1	1	170803	084811.40	108.53826785	34.22479454	44.40	0.0860	-0.0350	-0.8650	4.43	NULL	49	0
544	1	1	1	170803	084811.50	108.53826001	34.22479249	44.40	0.0190	0.0710	-1.0660	4.43	NULL	49	0
545	1	1	1	170803	084811.60	108.53825225	34.22479044	44.40	-0.0470	0.0460	-0.9500	3.62	NULL	49	0
546	1	1	1	170803	084811.70	108.53824443	34.22478839	44.40	-0.0460	-0.0250	-1.0210	3.62	NULL	48	0
547	1	1	1	170803	084811.80	108.53823661	34.22478644	44.40	-0.0070	0.0210	-1.0430	3.62	NULL	49	0
548	1	1	1	170803	084811.90	108.53822882	34.22478439	44.40	0.0070	-0.0250	-0.9700	2.74	NULL	48	0
549	1	1	1	170803	084812.00	108.53822105	34.22478245	44.40	-0.0440	-0.0870	-0.9330	2.74	NULL	48	0
550	1	1	1	170803	084812.10	108.53821328	34.22478042	44.40	0.0120	0.0190	-1.0640	2.74	NULL	48	0
551	1	1	1	170803	084812.20	108.53820547	34.22477844	44.40	-0.0020	-0.0310	-0.9840	2.49	NULL	48	0
552	1	1	1	170803	084812.30	108.53819771	34.22477638	44.40	0.0570	-0.0170	-0.9770	2.49	NULL	48	0
553	1	1	1	170803	084812.40	108.53818999	34.22477439	44.40	-0.0660	-0.0180	-0.9700	2.49	NULL	48	0
554	1	1	1	170803	084812.50	108.53818228	34.22477234	44.40	0.0030	-0.0770	-0.9800	2.37	NULL	48	0
555	1	1	1	170803	084812.60	108.53817465	34.22477026	44.40	0.0080	0.0290	-1.0410	2.37	NULL	48	0
556	1	1	1	170803	084812.70	108.53816692	34.22476820	44.40	-0.0120	-0.0790	-0.9850	2.37	NULL	48	0
557	1	1	1	170803	084812.80	108.53815927	34.22476609	44.40	-0.0120	0.0290	-0.9640	2.19	NULL	48	0
558	1	1	1	170803	084812.90	108.53815158	34.22476405	44.40	-0.0040	0.0940	-0.9520	2.19	NULL	48	0
559	1	1	1	170803	084813.00	108.53814396	34.22476202	44.40	0.0190	-0.0310	-0.9960	2.19	NULL	48	0
560	1	1	1	170803	084813.10	108.53813629	34.22475997	44.40	-0.0350	0.0420	-1.0010	2.14	NULL	48	0
561	1	1	1	170803	084813.20	108.53812866	34.22475791	42.55	-0.0280	0.0660	-1.0610	2.14	NULL	48	0
562	1	1	1	170803	084813.30	108.53812101	34.22475586	42.55	0.0020	-0.0130	-0.9780	2.14	NULL	47	0
563	1	1	1	170803	084813.40	108.53811341	34.22475383	42.55	0.0090	0.0430	-1.0590	2.04	NULL	47	0
564	1	1	1	170803	084813.50	108.53810577	34.22475176	42.55	0.0190	-0.1050	-0.9480	2.04	NULL	48	0
565	1	1	1	170803	084813.60	108.53809813	34.22474967	42.55	-0.0100	-0.0280	-1.0410	2.04	NULL	47	0
566	1	1	1	170803	084813.70	108.53809049	34.22474761	42.55	-0.0010	-0.0340	-1.0080	2.04	NULL	48	0
567	1	1	1	170803	084813.80	108.53808291	34.22474556	42.55	-0.0280	0.0610	-0.9990	1.98	NULL	48	0
568	1	1	1	170803	084813.90	108.53807530	34.22474353	42.55	-0.0050	-0.0210	-0.9780	1.98	NULL	47	0
569	1	1	1	170803	084814.00	108.53806775	34.22474151	42.55	-0.0000	0.0450	-1.0730	1.94	NULL	47	0
570	1	1	1	170803	084814.10	108.53806015	34.22473947	42.55	0.0280	0.0240	-0.8920	1.94	NULL	47	0
571	1	1	1	170803	084814.20	108.53805260	34.22473747	42.55	-0.0020	0.0600	-0.9280	1.94	NULL	47	0
572	1	1	1	170803	084814.30	108.53804500	34.22473544	42.55	-0.0410	0.0300	-1.0350	1.95	NULL	47	0
573	1	1	1	170803	084814.40	108.53803744	34.22473343	42.55	-0.0240	-0.0410	-1.0080	1.95	NULL	47	0
574	1	1	1	170803	084814.50	108.53802985	34.22473140	42.55	0.0040	-0.0210	-1.0560	1.95	NULL	47	0
575	1	1	1	170803	084814.60	108.53802228	34.22472939	42.55	-0.0200	-0.0990	-1.0070	1.95	NULL	48	0
576	1	1	1	170803	084814.70	108.53801468	34.22472738	42.55	0.0050	0.0220	-1.0080	1.95	NULL	47	0
577	1	1	1	170803	084814.80	108.53800711	34.22472538	42.55	0.0020	0.0170	-1.0090	1.95	NULL	47	0
578	1	1	1	170803	084814.90	108.53799951	34.22472338	42.55	0.0040	0.0410	-1.0750	1.95	NULL	47	0
579	1	1	1	170803	084815.00	108.53799190	34.22472139	42.55	0.0030	-0.0400	-1.0410	1.95	NULL	47	0
580	1	1	1	170803	084815.10	108.53798428	34.22471938	42.55	0.0190	0.0130	-0.9760	1.95	NULL	48	0
581	1	1	1	170803	084815.20	108.53797661	34.22471738	42.55	0.0080	0.0070	-0.9520	1.95	NULL	48	0
582	1	1	1	170803	084815.30	108.53796898	34.22471538	42.55	-0.0260	-0.0640	-1.0440	1.94	NULL	48	0
583	1	1	1	170803	084815.40	108.53796131	34.22471338	42.55	-0.0050	-0.0350	-1.0810	1.94	NULL	48	0
584	1	1	1	170803	084815.50	108.53795364	34.22471137	42.55	0.0730	-0.0480	-0.9900	1.94	NULL	47	0
585	1	1	1	170803	084815.60	108.53794591	34.22470934	42.55	-0.0200	-0.0110	-0.9560	1.95	NULL	48	0
586	1	1	1	170803	084815.70	108.53793825	34.22470734	42.55	-0.0110	0.1110	-0.9370	1.95	NULL	48	0
587	1	1	1	170803	084815.80	108.53793051	34.22470530	44.40	0.0610	-0.0390	-1.0400	1.95	NULL	48	0
588	1	1	1	170803	084815.90	108.53792281	34.22470331	44.40	0.0250	0.0950	-0.9970	1.95	NULL	48	0
589	1	1	1	170803	084816.00	108.53791509	34.22470131	44.40	-0.0020	0.0240	-0.9940	1.95	NULL	48	0
590	1	1	1	170803	084816.10	108.53790738	34.22469932	44.40	0.0170	-0.0150	-1.0040	1.95	NULL	48	0
591	1	1	1	170803	084816.20	108.53789964	34.22469733	44.40	-0.0250	-0.0020	-1.0630	1.96	NULL	48	0
592	1	1	1	170803	084816.30	108.53789191	34.22469533	44.40	0.0540	-0.0350	-0.9850	1.96	NULL	48	0
593	1	1	1	170803	084816.40	108.53788416	34.22469331	44.40	0.0440	-0.0080	-1.0140	1.96	NULL	48	0
594	1	1	1	170803	084816.50	108.53787640	34.22469131	44.40	0.0550	0.0080	-1.0340	1.76	NULL	48	0
595	1	1	1	170803	084816.60	108.53786861	34.22468928	44.40	0.0420	-0.0210	-0.8540	1.76	NULL	48	0
596	1	1	1	170803	084816.70	108.53786087	34.22468726	44.40	0.0240	0.0340	-1.0000	1.76	NULL	48	0
597	1	1	1	170803	084816.80	108.53785309	34.22468524	44.40	0.0070	-0.0000	-1.0630	1.64	NULL	49	0
598	1	1	1	170803	084816.90	108.53784531	34.22468320	44.40	0.0310	-0.0360	-0.9920	1.64	NULL	48	0
599	1	1	1	170803	084817.00	108.53783751	34.22468116	44.40	0.0250	0.0520	-1.0570	1.64	NULL	49	0
600	1	1	1	170803	084817.10	108.53782970	34.22467911	44.40	0.0340	0.0010	-0.9570	2.08	NULL	49	0
601	1	1	1	170803	084817.20	108.53782187	34.22467705	44.40	0.0710	-0.0800	-1.0360	2.08	NULL	49	0
602	1	1	1	170803	084817.30	108.53781401	34.22467499	44.40	0.0830	0.0110	-1.0520	2.08	NULL	49	0
603	1	1	1	170803	084817.40	108.53780611	34.22467291	44.40	0.0640	-0.0090	-0.9380	2.49	NULL	49	0
604	1	1	1	170803	084817.50	108.53779819	34.22467083	44.40	0.0600	-0.0380	-1.0110	2.49	NULL	49	0
605	1	1	1	170803	084817.60	108.53779022	34.22466875	44.40	0.0350	-0.0440	-0.9440	2.49	NULL	50	0
606	1	1	1	170803	084817.70	108.53778225	34.22466665	44.40	0.0840	0.0450	-1.0520	2.49	NULL	49	0
607	1	1	1	170803	084817.80	108.53777424	34.22466457	46.25	0.0300	-0.0730	-1.0140	2.69	NULL	50	0
608	1	1	1	170803	084817.90	108.53776624	34.22466250	46.25	-0.0530	-0.0030	-1.1030	2.69	NULL	50	0
609	1	1	1	170803	084818.00	108.53775820	34.22466043	46.25	-0.0070	0.0120	-1.0180	2.73	NULL	50	0
610	1	1	1	170803	084818.10	108.53775019	34.22465835	46.25	0.0400	0.0580	-0.9420	2.73	NULL	50	0
611	1	1	1	170803	084818.20	108.53774215	34.22465629	46.25	-0.0170	-0.0100	-1.0180	2.73	NULL	50	0
612	1	1	1	170803	084818.30	108.53773413	34.22465422	46.25	0.0100	-0.0770	-0.9860	2.73	NULL	49	0
613	1	1	1	170803	084818.40	108.53772611	34.22465217	46.25	0.0300	0.0540	-0.9200	2.79	NULL	50	0
614	1	1	1	170803	084818.50	108.53771812	34.22465013	44.40	0.0150	-0.0310	-0.9700	2.79	NULL	50	0
615	1	1	1	170803	084818.60	108.53771013	34.22464811	44.40	-0.0020	0.1190	-1.0470	2.79	NULL	49	0
616	1	1	1	170803	084818.70	108.53770213	34.22464606	44.40	0.0240	-0.0280	-1.0820	3.09	NULL	50	0
617	1	1	1	170803	084818.80	108.53769415	34.22464403	44.40	-0.0110	0.0270	-0.9630	3.09	NULL	50	0
618	1	1	1	170803	084818.90	108.53768616	34.22464201	44.40	-0.0080	0.0700	-0.9770	3.09	NULL	49	0
619	1	1	1	170803	084819.00	108.53767819	34.22463998	44.40	0.0230	-0.0620	-0.9740	4.02	NULL	49	0
620	1	1	1	170803	084819.10	108.53767021	34.22463797	44.40	-0.0280	0.0790	-1.0470	4.02	NULL	49	0
621	1	1	1	170803	084819.20	108.53766224	34.22463595	44.40	-0.0200	0.0330	-1.0270	4.02	NULL	49	0
622	1	1	1	170803	084819.30	108.53765428	34.22463392	44.40	-0.0180	-0.0310	-1.0690	4.41	NULL	50	0
623	1	1	1	170803	084819.40	108.53764634	34.22463191	44.40	-0.0230	-0.0470	-0.9780	4.41	NULL	49	0
624	1	1	1	170803	084819.50	108.53763839	34.22462990	44.40	-0.0140	-0.0030	-1.0170	4.41	NULL	49	0
625	1	1	1	170803	084819.60	108.53763047	34.22462790	44.40	0.0040	-0.0320	-1.0460	4.62	NULL	49	0
626	1	1	1	170803	084819.70	108.53762254	34.22462591	44.40	0.0110	0.0030	-0.9940	4.62	NULL	49	0
627	1	1	1	170803	084819.80	108.53761464	34.22462391	44.40	0.0290	0.0190	-1.0200	4.62	NULL	49	0
628	1	1	1	170803	084819.90	108.53760673	34.22462191	44.40	-0.0440	-0.0360	-0.9760	4.64	NULL	49	0
629	1	1	1	170803	084820.00	108.53759885	34.22461990	44.40	-0.0400	0.0560	-0.9530	4.64	NULL	49	0
630	1	1	1	170803	084820.10	108.53759095	34.22461788	44.40	0.0260	-0.0520	-1.0090	4.64	NULL	49	0
631	1	1	1	170803	084820.20	108.53758308	34.22461586	44.40	-0.0230	-0.0390	-1.0160	4.80	NULL	49	0
632	1	1	1	170803	084820.30	108.53757521	34.22461384	44.40	0.0030	0.0460	-0.9800	4.80	NULL	49	0
633	1	1	1	170803	084820.40	108.53756734	34.22461180	44.40	-0.0650	-0.0800	-1.0100	4.80	NULL	49	0
634	1	1	1	170803	084820.50	108.53755949	34.22460976	44.40	-0.0000	-0.0370	-1.0230	4.16	NULL	49	0
635	1	1	1	170803	084820.60	108.53755167	34.22460772	44.40	0.0320	-0.0650	-0.9720	4.16	NULL	49	0
636	1	1	1	170803	084820.70	108.53754381	34.22460568	44.40	0.0090	0.0960	-1.0320	4.16	NULL	49	0
637	1	1	1	170803	084820.80	108.53753599	34.22460363	44.40	-0.0210	-0.0180	-1.0480	3.01	NULL	49	0
638	1	1	1	170803	084820.90	108.53752814	34.22460157	44.40	0.0090	0.0570	-0.9720	3.01	NULL	48	0
639	1	1	1	170803	084821.00	108.53752030	34.22459950	44.40	0.0090	-0.0030	-0.9440	3.01	NULL	49	0
640	1	1	1	170803	084821.10	108.53751247	34.22459745	44.40	0.0340	-0.0800	-1.0010	2.52	NULL	49	0
641	1	1	1	170803	084821.20	108.53750462	34.22459538	44.40	0.0320	-0.0420	-0.9980	2.52	NULL	49	0
642	1	1	1	170803	084821.30	108.53749676	34.22459332	44.40	0.0260	0.0070	-0.9360	2.52	NULL	49	0
643	1	1	1	170803	084821.40	108.53748890	34.22459125	44.40	0.0240	-0.0330	-0.9880	2.35	NULL	49	0
644	1	1	1	170803	084821.50	108.53748103	34.22458920	44.40	0.0170	0.0860	-1.0450	2.35	NULL	49	0
645	1	1	1	170803	084821.60	108.53747314	34.22458714	44.40	0.0150	-0.0400	-0.9750	2.35	NULL	49	0
646	1	1	1	170803	084821.70	108.53746526	34.22458507	44.40	0.0490	-0.0180	-0.9860	2.35	NULL	49	0
647	1	1	1	170803	084821.80	108.53745735	34.22458302	44.40	0.0200	0.0820	-1.1300	2.03	NULL	49	0
648	1	1	1	170803	084821.90	108.53744943	34.22458096	44.40	-0.0170	-0.0340	-1.0750	2.03	NULL	49	0
649	1	1	1	170803	084822.00	108.53744149	34.22457890	44.40	-0.0260	0.0730	-1.0320	1.90	NULL	49	0
650	1	1	1	170803	084822.10	108.53743354	34.22457684	44.40	0.0320	0.0640	-0.9490	1.90	NULL	49	0
651	1	1	1	170803	084822.20	108.53742558	34.22457478	44.40	-0.0020	-0.0480	-1.0340	1.90	NULL	49	0
652	1	1	1	170803	084822.30	108.53741766	34.22457271	44.40	0.0320	-0.0340	-1.0080	1.90	NULL	49	0
653	1	1	1	170803	084822.40	108.53740973	34.22457065	44.40	0.0190	0.0210	-1.0050	1.81	NULL	49	0
654	1	1	1	170803	084822.50	108.53740180	34.22456862	44.40	0.0130	-0.0660	-1.0240	1.81	NULL	49	0
655	1	1	1	170803	084822.60	108.53739389	34.22456656	44.40	0.0320	0.0030	-0.9830	1.81	NULL	49	0
656	1	1	1	170803	084822.70	108.53738596	34.22456452	44.40	0.0100	-0.0320	-0.9830	1.74	NULL	49	0
657	1	1	1	170803	084822.80	108.53737803	34.22456248	44.40	0.0160	-0.0650	-0.9560	1.74	NULL	49	0
658	1	1	1	170803	084822.90	108.53737013	34.22456043	44.40	0.0040	-0.0080	-0.9630	1.74	NULL	49	0
659	1	1	1	170803	084823.00	108.53736222	34.22455840	44.40	0.0050	0.0860	-0.9390	1.74	NULL	49	0
660	1	1	1	170803	084823.10	108.53735432	34.22455639	44.40	-0.0170	-0.0130	-1.0310	1.74	NULL	49	0
661	1	1	1	170803	084823.20	108.53734643	34.22455438	44.40	0.0550	-0.0270	-0.9900	1.74	NULL	49	0
662	1	1	1	170803	084823.30	108.53733852	34.22455237	44.40	-0.0380	0.0150	-1.0770	1.75	NULL	49	0
663	1	1	1	170803	084823.40	108.53733061	34.22455039	44.40	0.0130	-0.0150	-0.9490	1.75	NULL	49	0
664	1	1	1	170803	084823.50	108.53732272	34.22454840	44.40	-0.0040	-0.0070	-0.9460	1.75	NULL	49	0
665	1	1	1	170803	084823.60	108.53731482	34.22454642	44.40	-0.0460	-0.0390	-1.0560	1.63	NULL	49	0
666	1	1	1	170803	084823.70	108.53730693	34.22454444	44.40	-0.0240	0.0350	-1.0490	1.63	NULL	49	0
667	1	1	1	170803	084823.80	108.53729905	34.22454248	44.40	-0.0050	0.0520	-0.9980	1.63	NULL	49	0
668	1	1	1	170803	084823.90	108.53729117	34.22454052	44.40	0.0360	0.0020	-0.9710	1.59	NULL	49	0
669	1	1	1	170803	084824.00	108.53728330	34.22453856	44.40	0.0120	0.0240	-1.0880	1.59	NULL	49	0
670	1	1	1	170803	084824.10	108.53727541	34.22453658	44.40	0.0370	-0.0250	-0.9360	1.59	NULL	49	0
671	1	1	1	170803	084824.20	108.53726751	34.22453461	44.40	-0.0160	0.0160	-0.8890	1.58	NULL	49	0
672	1	1	1	170803	084824.30	108.53725964	34.22453264	44.40	-0.0690	-0.0110	-0.9490	1.58	NULL	48	0
673	1	1	1	170803	084824.40	108.53725177	34.22453065	44.40	-0.0070	0.0430	-1.0230	1.58	NULL	49	0
674	1	1	1	170803	084824.50	108.53724393	34.22452868	44.40	0.0380	-0.0190	-1.0190	1.58	NULL	49	0
675	1	1	1	170803	084824.60	108.53723613	34.22452670	44.40	0.0310	0.0900	-1.0630	1.58	NULL	48	0
676	1	1	1	170803	084824.70	108.53722829	34.22452471	44.40	0.0080	0.0740	-1.1150	1.58	NULL	49	0
677	1	1	1	170803	084824.80	108.53722048	34.22452272	44.40	0.0570	0.0010	-0.9230	1.66	NULL	48	0
678	1	1	1	170803	084824.90	108.53721266	34.22452075	44.40	-0.0260	-0.0170	-1.0300	1.66	NULL	48	0
679	1	1	1	170803	084825.00	108.53720478	34.22451875	44.40	-0.0390	-0.0130	-0.9820	1.66	NULL	48	0
680	1	1	1	170803	084825.10	108.53719684	34.22451672	44.40	-0.1470	0.0530	-0.8740	1.78	NULL	48	0
681	1	1	1	170803	084825.20	108.53718893	34.22451471	44.40	0.0070	-0.0190	0.0120	1.78	NULL	48	0
682	1	1	1	170803	084825.30	108.53718124	34.22451274	44.40	-0.0100	-0.0030	-0.8780	1.78	NULL	49	0
683	1	1	1	170803	084825.40	108.53717351	34.22451075	44.40	-0.1090	-0.0310	-1.3740	1.80	NULL	48	0
684	1	1	1	170803	084825.50	108.53716571	34.22450876	44.40	0.0190	0.0360	-1.2640	1.80	NULL	48	0
685	1	1	1	170803	084825.60	108.53715801	34.22450675	44.40	0.0180	-0.0180	-0.9790	1.80	NULL	48	0
686	1	1	1	170803	084825.70	108.53715021	34.22450474	44.40	-0.0210	0.0230	-0.9380	1.80	NULL	48	0
687	1	1	1	170803	084825.80	108.53714239	34.22450272	44.40	-0.0540	-0.0200	-0.9080	1.92	NULL	48	0
688	1	1	1	170803	084825.90	108.53713466	34.22450073	44.40	0.0060	-0.0700	-0.9240	1.92	NULL	48	0
689	1	1	1	170803	084826.00	108.53712687	34.22449872	44.40	0.0030	0.0060	-1.0700	2.46	NULL	48	0
690	1	1	1	170803	084826.10	108.53711911	34.22449672	44.40	0.0020	-0.0430	-1.0480	2.46	NULL	48	0
691	1	1	1	170803	084826.20	108.53711137	34.22449473	44.40	-0.0330	-0.0530	-0.9820	2.46	NULL	48	0
692	1	1	1	170803	084826.30	108.53710361	34.22449274	44.40	0.0210	0.0750	-1.0750	2.46	NULL	48	0
693	1	1	1	170803	084826.40	108.53709584	34.22449075	44.40	0.0010	-0.0160	-1.0170	2.62	NULL	49	0
694	1	1	1	170803	084826.50	108.53708804	34.22448877	44.40	0.0580	-0.0110	-0.9900	2.62	NULL	48	0
695	1	1	1	170803	084826.60	108.53708021	34.22448678	44.40	0.0230	-0.0100	-0.9030	2.62	NULL	49	0
696	1	1	1	170803	084826.70	108.53707242	34.22448478	44.40	0.0060	0.0170	-1.0750	2.78	NULL	49	0
697	1	1	1	170803	084826.80	108.53706457	34.22448278	44.40	0.0820	0.0330	-1.0780	2.78	NULL	49	0
698	1	1	1	170803	084826.90	108.53705668	34.22448076	44.40	0.0430	-0.0440	-1.0690	2.78	NULL	49	0
699	1	1	1	170803	084827.00	108.53704876	34.22447873	44.40	0.0360	0.0340	-0.9950	2.87	NULL	50	0
700	1	1	1	170803	084827.10	108.53704083	34.22447668	44.40	0.0820	-0.0300	-1.0500	2.87	NULL	49	0
701	1	1	1	170803	084827.20	108.53703285	34.22447462	44.40	0.0740	0.0360	-1.0390	2.87	NULL	50	0
702	1	1	1	170803	084827.30	108.53702483	34.22447257	44.40	0.0920	0.0020	-0.9850	2.90	NULL	50	0
703	1	1	1	170803	084827.40	108.53701678	34.22447050	46.25	0.0480	0.0430	-0.9920	2.90	NULL	50	0
704	1	1	1	170803	084827.50	108.53700871	34.22446844	46.25	0.1060	-0.0120	-0.9920	2.90	NULL	50	0
705	1	1	1	170803	084827.60	108.53700056	34.22446636	46.25	0.0050	-0.0420	-1.0830	2.87	NULL	51	0
706	1	1	1	170803	084827.70	108.53699244	34.22446428	46.25	-0.0040	0.0170	-0.9140	2.87	NULL	50	0
707	1	1	1	170803	084827.80	108.53698429	34.22446220	46.25	0.0340	-0.0100	-1.1040	2.87	NULL	50	0
708	1	1	1	170803	084827.90	108.53697613	34.22446011	46.25	0.0630	0.0520	-1.0470	2.89	NULL	50	0
709	1	1	1	170803	084828.00	108.53696791	34.22445805	46.25	0.0280	0.0690	-0.8870	2.89	NULL	50	0
710	1	1	1	170803	084828.10	108.53695975	34.22445596	46.25	-0.0200	0.0780	-0.8420	2.89	NULL	51	0
711	1	1	1	170803	084828.20	108.53695156	34.22445390	46.25	0.0160	-0.0220	-1.0620	3.16	NULL	51	0
712	1	1	1	170803	084828.30	108.53694340	34.22445183	46.25	-0.0570	0.0460	-1.0060	3.16	NULL	50	0
713	1	1	1	170803	084828.40	108.53693539	34.22444981	46.25	-0.0430	0.0630	-1.0360	3.16	NULL	50	0
714	1	1	1	170803	084828.50	108.53692724	34.22444776	46.25	0.0640	0.0050	-0.9880	3.43	NULL	51	0
715	1	1	1	170803	084828.60	108.53691917	34.22444574	46.25	0.0350	-0.0200	-1.0750	3.43	NULL	50	0
716	1	1	1	170803	084828.70	108.53691099	34.22444366	46.25	-0.0210	0.0290	-0.9800	3.43	NULL	51	0
717	1	1	1	170803	084828.80	108.53690285	34.22444168	46.25	-0.0060	0.0410	-1.0580	3.74	NULL	51	0
718	1	1	1	170803	084828.90	108.53689471	34.22443959	46.25	-0.0300	0.0600	-0.9880	3.74	NULL	50	0
719	1	1	1	170803	084829.00	108.53688658	34.22443761	46.25	-0.0220	0.0030	-1.0720	3.74	NULL	50	0
720	1	1	1	170803	084829.10	108.53687843	34.22443555	46.25	-0.0140	0.0350	-0.9230	4.09	NULL	50	0
721	1	1	1	170803	084829.20	108.53687013	34.22443356	46.25	-0.0060	0.0420	-1.0540	4.09	NULL	50	0
722	1	1	1	170803	084829.30	108.53686200	34.22443152	46.25	-0.0360	-0.0050	-1.0720	4.09	NULL	51	0
723	1	1	1	170803	084829.40	108.53685370	34.22442957	46.25	-0.0080	0.0110	-0.9690	4.21	NULL	51	0
724	1	1	1	170803	084829.50	108.53684560	34.22442754	46.25	-0.0060	-0.0040	-1.0980	4.21	NULL	50	0
725	1	1	1	170803	084829.60	108.53683736	34.22442557	46.25	0.0260	0.0000	-1.0450	4.21	NULL	50	0
726	1	1	1	170803	084829.70	108.53682923	34.22442355	46.25	0.0300	0.0570	-0.9710	4.21	NULL	50	0
727	1	1	1	170803	084829.80	108.53682101	34.22442168	46.25	-0.0300	-0.0450	-1.0300	4.32	NULL	50	0
728	1	1	1	170803	084829.90	108.53681293	34.22441967	46.25	-0.0330	0.0380	-0.9580	4.32	NULL	50	0
729	1	1	1	170803	084830.00	108.53680475	34.22441780	46.25	-0.0180	0.0220	-1.0460	4.36	NULL	50	0
730	1	1	1	170803	084830.10	108.53679666	34.22441580	46.25	0.0120	-0.0060	-0.9490	4.36	NULL	50	0
731	1	1	1	170803	084830.20	108.53678833	34.22441358	46.25	-0.0210	-0.0530	-1.0510	4.36	NULL	50	0
732	1	1	1	170803	084830.30	108.53678022	34.22441156	46.25	0.0510	-0.0060	-1.0810	4.36	NULL	50	0
733	1	1	1	170803	084830.40	108.53677193	34.22440943	46.25	0.0460	-0.0000	-0.9650	4.42	NULL	50	0
734	1	1	1	170803	084830.50	108.53676387	34.22440743	46.25	-0.0150	0.0420	-0.9840	4.42	NULL	50	0
735	1	1	1	170803	084830.60	108.53675565	34.22440525	46.25	0.0200	-0.0030	-1.0840	4.42	NULL	50	0
736	1	1	1	170803	084830.70	108.53674755	34.22440323	46.25	0.0220	-0.0200	-1.0530	4.51	NULL	50	0
737	1	1	1	170803	084830.80	108.53673946	34.22440094	46.25	0.0100	-0.0050	-0.8840	4.51	NULL	50	0
738	1	1	1	170803	084830.90	108.53673140	34.22439893	46.25	0.0480	0.0100	-0.9750	4.51	NULL	50	0
739	1	1	1	170803	084831.00	108.53672335	34.22439664	46.25	0.0100	-0.0010	-0.9980	4.41	NULL	50	0
740	1	1	1	170803	084831.10	108.53671529	34.22439463	46.25	-0.0460	0.0260	-0.9860	4.41	NULL	50	0
741	1	1	1	170803	084831.20	108.53670731	34.22439252	46.25	0.0040	0.0110	-1.0240	4.41	NULL	50	0
742	1	1	1	170803	084831.30	108.53669926	34.22439052	46.25	0.0410	-0.0430	-1.0470	3.12	NULL	50	0
743	1	1	1	170803	084831.40	108.53669126	34.22438844	44.40	0.0340	0.0090	-0.9810	3.12	NULL	50	0
744	1	1	1	170803	084831.50	108.53668324	34.22438645	44.40	-0.0810	-0.0020	-1.0540	3.12	NULL	50	0
745	1	1	1	170803	084831.60	108.53667534	34.22438441	44.40	0.0590	0.0220	-0.9280	2.70	NULL	49	0
746	1	1	1	170803	084831.70	108.53666734	34.22438240	44.40	-0.0130	0.0560	-1.0980	2.70	NULL	50	0
747	1	1	1	170803	084831.80	108.53665944	34.22438035	44.40	0.0190	-0.0120	-0.9660	2.70	NULL	50	0
748	1	1	1	170803	084831.90	108.53665143	34.22437836	44.40	-0.0770	0.0300	-0.9320	2.48	NULL	49	0
749	1	1	1	170803	084832.00	108.53664347	34.22437629	44.40	0.0220	-0.0340	-1.0400	2.48	NULL	50	0
750	1	1	1	170803	084832.10	108.53663548	34.22437430	44.40	0.0550	0.0060	-1.1010	2.48	NULL	49	0
751	1	1	1	170803	084832.20	108.53662750	34.22437224	44.40	-0.0080	0.0390	-0.9110	2.28	NULL	49	0
752	1	1	1	170803	084832.30	108.53661952	34.22437025	44.40	-0.0200	-0.0580	-0.9350	2.28	NULL	50	0
753	1	1	1	170803	084832.40	108.53661157	34.22436820	44.40	0.0090	0.0290	-1.0500	2.28	NULL	49	0
754	1	1	1	170803	084832.50	108.53660360	34.22436622	44.40	0.0240	-0.0170	-1.0150	2.20	NULL	49	0
755	1	1	1	170803	084832.60	108.53659560	34.22436420	44.40	-0.0350	-0.0000	-0.9670	2.20	NULL	49	0
756	1	1	1	170803	084832.70	108.53658766	34.22436223	44.40	0.0160	-0.0030	-1.0450	2.20	NULL	49	0
757	1	1	1	170803	084832.80	108.53657967	34.22436018	44.40	-0.0110	0.0480	-0.9930	2.11	NULL	49	0
758	1	1	1	170803	084832.90	108.53657171	34.22435822	44.40	-0.0010	0.0490	-0.9750	2.11	NULL	49	0
759	1	1	1	170803	084833.00	108.53656374	34.22435620	44.40	0.0350	0.0210	-1.0030	2.11	NULL	49	0
760	1	1	1	170803	084833.10	108.53655583	34.22435424	44.40	-0.0200	0.0050	-1.0470	2.07	NULL	49	0
761	1	1	1	170803	084833.20	108.53654787	34.22435224	44.40	0.0190	0.0660	-1.0720	2.07	NULL	49	0
762	1	1	1	170803	084833.30	108.53653991	34.22435030	44.40	0.0400	-0.0110	-0.9550	2.07	NULL	49	0
763	1	1	1	170803	084833.40	108.53653198	34.22434832	44.40	-0.0010	0.0230	-1.0310	2.01	NULL	49	0
764	1	1	1	170803	084833.50	108.53652404	34.22434637	44.40	0.0380	0.0230	-1.0190	2.01	NULL	49	0
765	1	1	1	170803	084833.60	108.53651609	34.22434439	44.40	0.0290	-0.0320	-0.9760	2.01	NULL	49	0
766	1	1	1	170803	084833.70	108.53650816	34.22434245	44.40	-0.0590	0.0500	-0.9600	2.01	NULL	49	0
767	1	1	1	170803	084833.80	108.53650024	34.22434050	44.40	0.0500	-0.0550	-0.9900	2.01	NULL	49	0
768	1	1	1	170803	084833.90	108.53649230	34.22433852	44.40	-0.0140	0.0230	-1.0770	2.01	NULL	49	0
769	1	1	1	170803	084834.00	108.53648443	34.22433652	44.40	-0.0350	0.0100	-0.9830	2.01	NULL	49	0
770	1	1	1	170803	084834.10	108.53647651	34.22433454	44.40	0.0270	-0.0170	-1.0280	2.01	NULL	49	0
771	1	1	1	170803	084834.20	108.53646864	34.22433251	44.40	0.0200	-0.0080	-1.0340	2.01	NULL	49	0
772	1	1	1	170803	084834.30	108.53646071	34.22433051	44.40	-0.0010	-0.0340	-1.0540	2.01	NULL	49	0
773	1	1	1	170803	084834.40	108.53645274	34.22432849	44.40	0.0180	-0.0230	-1.0200	2.01	NULL	49	0
774	1	1	1	170803	084834.50	108.53644482	34.22432648	44.40	0.0670	0.0120	-1.0680	2.01	NULL	49	0
775	1	1	1	170803	084834.60	108.53643686	34.22432442	44.40	0.0300	-0.0420	-1.0230	2.01	NULL	50	0
776	1	1	1	170803	084834.70	108.53642892	34.22432241	44.40	0.0060	-0.0030	-0.9510	2.02	NULL	49	0
777	1	1	1	170803	084834.80	108.53642095	34.22432034	44.40	0.0630	0.0800	-0.9880	2.02	NULL	49	0
778	1	1	1	170803	084834.90	108.53641299	34.22431830	44.40	-0.0080	-0.0190	-1.0160	2.02	NULL	50	0
779	1	1	1	170803	084835.00	108.53640498	34.22431624	44.40	0.0550	0.0980	-0.9730	2.04	NULL	50	0
780	1	1	1	170803	084835.10	108.53639701	34.22431420	44.40	0.0070	0.0060	-0.9250	2.04	NULL	50	0
781	1	1	1	170803	084835.20	108.53638899	34.22431215	44.40	-0.0040	-0.0500	-0.9960	2.04	NULL	50	0
782	1	1	1	170803	084835.30	108.53638100	34.22431012	44.40	0.0260	0.0710	-0.9880	2.04	NULL	49	0
783	1	1	1	170803	084835.40	108.53637299	34.22430807	44.40	0.0520	0.0230	-1.0120	2.04	NULL	50	0
784	1	1	1	170803	084835.50	108.53636496	34.22430604	46.25	-0.0090	-0.0110	-1.0330	2.04	NULL	50	0
785	1	1	1	170803	084835.60	108.53635698	34.22430401	46.25	-0.0260	0.0280	-1.0130	2.06	NULL	50	0
786	1	1	1	170803	084835.70	108.53634893	34.22430197	46.25	0.1020	0.0080	-1.0110	2.06	NULL	50	0
787	1	1	1	170803	084835.80	108.53634088	34.22429993	46.25	-0.0160	0.0340	-1.0510	2.06	NULL	50	0
788	1	1	1	170803	084835.90	108.53633284	34.22429788	46.25	0.0400	-0.0030	-0.8380	2.07	NULL	50	0
789	1	1	1	170803	084836.00	108.53632484	34.22429585	46.25	0.0110	-0.0100	-1.0740	2.07	NULL	50	0
790	1	1	1	170803	084836.10	108.53631676	34.22429378	46.25	0.0450	0.0270	-1.0000	2.07	NULL	50	0
791	1	1	1	170803	084836.20	108.53630874	34.22429174	46.25	0.0490	-0.0210	-0.9620	2.15	NULL	50	0
792	1	1	1	170803	084836.30	108.53630067	34.22428969	46.25	0.0250	0.0310	-1.0460	2.15	NULL	50	0
793	1	1	1	170803	084836.40	108.53629263	34.22428764	46.25	-0.0250	-0.0100	-1.0130	2.15	NULL	50	0
794	1	1	1	170803	084836.50	108.53628454	34.22428559	46.25	0.0250	0.0250	-0.9560	2.24	NULL	50	0
795	1	1	1	170803	084836.60	108.53627647	34.22428355	46.25	0.0060	0.0430	-0.9860	2.24	NULL	50	0
796	1	1	1	170803	084836.70	108.53626835	34.22428148	46.25	0.0450	0.0080	-1.0070	2.24	NULL	50	0
797	1	1	1	170803	084836.80	108.53626026	34.22427943	46.25	-0.0070	0.0700	-0.9460	2.50	NULL	50	0
798	1	1	1	170803	084836.90	108.53625216	34.22427738	46.25	0.0130	0.0000	-0.9080	2.50	NULL	51	0
799	1	1	1	170803	084837.00	108.53624407	34.22427532	46.25	0.0330	0.0260	-0.9850	2.50	NULL	50	0
800	1	1	1	170803	084837.10	108.53623592	34.22427325	46.25	-0.0100	0.0320	-1.0870	2.78	NULL	50	0
801	1	1	1	170803	084837.20	108.53622780	34.22427120	46.25	0.0690	0.0570	-0.8940	2.78	NULL	51	0
802	1	1	1	170803	084837.30	108.53621967	34.22426912	46.25	-0.0840	-0.0260	-1.0230	2.78	NULL	51	0
803	1	1	1	170803	084837.40	108.53621159	34.22426702	46.25	0.0230	-0.0140	-0.9960	3.03	NULL	50	0
804	1	1	1	170803	084837.50	108.53620343	34.22426494	46.25	0.0570	-0.0240	-0.9800	3.03	NULL	51	0
805	1	1	1	170803	084837.60	108.53619525	34.22426285	46.25	0.0470	0.0160	-0.9740	3.03	NULL	51	0
806	1	1	1	170803	084837.70	108.53618713	34.22426077	46.25	0.0040	-0.0280	-1.0390	3.03	NULL	50	0
807	1	1	1	170803	084837.80	108.53617894	34.22425869	46.25	0.0030	0.0790	-1.0310	3.40	NULL	51	0
808	1	1	1	170803	084837.90	108.53617079	34.22425662	46.25	0.0280	0.0710	-0.9240	3.40	NULL	50	0
809	1	1	1	170803	084838.00	108.53616267	34.22425460	46.25	-0.0340	0.0500	-1.1100	3.60	NULL	50	0
810	1	1	1	170803	084838.10	108.53615450	34.22425251	46.25	0.0750	0.0130	-0.9000	3.60	NULL	51	0
811	1	1	1	170803	084838.20	108.53614637	34.22425048	46.25	0.0240	-0.0550	-0.9590	3.60	NULL	51	0
812	1	1	1	170803	084838.30	108.53613824	34.22424841	46.25	0.0280	0.0040	-1.0240	3.60	NULL	50	0
813	1	1	1	170803	084838.40	108.53613012	34.22424637	46.25	0.0650	-0.0120	-0.9630	3.68	NULL	50	0
814	1	1	1	170803	084838.50	108.53612192	34.22424426	46.25	0.0710	-0.0020	-1.0720	3.68	NULL	51	0
815	1	1	1	170803	084838.60	108.53611375	34.22424223	46.25	-0.0450	0.0020	-0.9970	3.68	NULL	51	0
816	1	1	1	170803	084838.70	108.53610560	34.22424014	46.25	-0.0570	-0.0150	-0.8930	3.77	NULL	51	0
817	1	1	1	170803	084838.80	108.53609743	34.22423810	46.25	-0.0180	0.0550	-1.0650	3.77	NULL	51	0
818	1	1	1	170803	084838.90	108.53608926	34.22423601	46.25	0.0140	0.0180	-1.0980	3.77	NULL	50	0
819	1	1	1	170803	084839.00	108.53608115	34.22423396	46.25	0.0480	0.0750	-1.0850	3.86	NULL	50	0
820	1	1	1	170803	084839.10	108.53607299	34.22423186	46.25	0.0760	-0.0150	-1.1110	3.86	NULL	51	0
821	1	1	1	170803	084839.20	108.53606484	34.22422979	46.25	0.0170	-0.0090	-0.9780	3.86	NULL	50	0
822	1	1	1	170803	084839.30	108.53605665	34.22422767	46.25	0.0330	0.0340	-0.9640	4.33	NULL	51	0
823	1	1	1	170803	084839.40	108.53604844	34.22422560	46.25	-0.0230	-0.0110	-1.0370	4.33	NULL	51	0
824	1	1	1	170803	084839.50	108.53604026	34.22422348	46.25	-0.0010	-0.0410	-0.9720	4.33	NULL	51	0
825	1	1	1	170803	084839.60	108.53603206	34.22422141	46.25	0.0130	-0.0380	-1.0460	5.00	NULL	51	0
826	1	1	1	170803	084839.70	108.53602389	34.22421930	46.25	0.0020	0.0330	-0.9570	5.00	NULL	51	0
827	1	1	1	170803	084839.80	108.53601571	34.22421721	46.25	0.0260	-0.0340	-1.0570	5.00	NULL	51	0
828	1	1	1	170803	084839.90	108.53600750	34.22421511	46.25	0.0450	0.0060	-0.9410	5.57	NULL	51	0
829	1	1	1	170803	084840.00	108.53599931	34.22421302	46.25	0.0620	0.0430	-0.8980	5.57	NULL	51	0
830	1	1	1	170803	084840.10	108.53599112	34.22421092	46.25	-0.0260	-0.0610	-1.1210	5.57	NULL	50	0
831	1	1	1	170803	084840.20	108.53598291	34.22420884	46.25	0.0440	-0.0640	-1.0260	5.09	NULL	51	0
832	1	1	1	170803	084840.30	108.53597468	34.22420673	46.25	0.0340	0.0050	-1.0070	5.09	NULL	51	0
833	1	1	1	170803	084840.40	108.53596644	34.22420464	46.25	-0.1080	0.0630	-1.0070	5.09	NULL	51	0
834	1	1	1	170803	084840.50	108.53595828	34.22420253	46.25	0.0270	0.0340	-1.0540	3.91	NULL	51	0
835	1	1	1	170803	084840.60	108.53595008	34.22420043	46.25	-0.0060	-0.0380	-1.1140	3.91	NULL	51	0
836	1	1	1	170803	084840.70	108.53594189	34.22419832	46.25	-0.0010	0.0480	-1.0930	3.91	NULL	50	0
837	1	1	1	170803	084840.80	108.53593372	34.22419622	46.25	0.0140	-0.0080	-0.9980	3.18	NULL	50	0
838	1	1	1	170803	084840.90	108.53592555	34.22419410	46.25	0.0010	-0.0400	-1.0170	3.18	NULL	51	0
839	1	1	1	170803	084841.00	108.53591737	34.22419200	46.25	-0.0570	-0.0200	-0.9620	3.18	NULL	50	0
840	1	1	1	170803	084841.10	108.53590923	34.22418990	46.25	-0.0020	-0.0370	-1.0510	2.82	NULL	50	0
841	1	1	1	170803	084841.20	108.53590107	34.22418781	46.25	0.0030	-0.0540	-0.9660	2.82	NULL	51	0
842	1	1	1	170803	084841.30	108.53589291	34.22418570	46.25	-0.0550	-0.0110	-1.0150	2.82	NULL	50	0
843	1	1	1	170803	084841.40	108.53588475	34.22418360	46.25	-0.1000	-0.0230	-0.9360	2.60	NULL	50	0
844	1	1	1	170803	084841.50	108.53587667	34.22418151	46.25	0.0690	0.0320	-0.6880	2.60	NULL	51	0
845	1	1	1	170803	084841.60	108.53586858	34.22417942	46.25	-0.0350	-0.0080	-1.1310	2.60	NULL	50	0
846	1	1	1	170803	084841.70	108.53586046	34.22417731	46.25	-0.0150	0.0260	-1.1260	2.60	NULL	50	0
847	1	1	1	170803	084841.80	108.53585238	34.22417521	46.25	0.0390	0.0110	-0.8880	2.47	NULL	50	0
848	1	1	1	170803	084841.90	108.53584431	34.22417312	46.25	-0.0490	0.0150	-1.0010	2.47	NULL	50	0
849	1	1	1	170803	084842.00	108.53583623	34.22417101	46.25	-0.0750	0.0510	-1.0980	2.40	NULL	50	0
850	1	1	1	170803	084842.10	108.53582819	34.22416891	46.25	-0.0030	-0.0380	-1.0360	2.40	NULL	50	0
851	1	1	1	170803	084842.20	108.53582014	34.22416680	46.25	0.0430	0.0300	-1.0340	2.40	NULL	50	0
852	1	1	1	170803	084842.30	108.53581210	34.22416469	46.25	0.0100	0.0670	-0.9540	2.29	NULL	50	0
853	1	1	1	170803	084842.40	108.53580408	34.22416258	46.25	0.0060	-0.0340	-0.9460	2.29	NULL	50	0