304	1	1	1	170803	085422.50	108.53986533	34.22529463	51.80	-0.0250	-0.0110	-1.1170	12.68	NULL	58	0
305	1	1	1	170803	085422.60	108.53985641	34.22529130	53.65	0.0610	-0.0070	-1.0210	12.94	NULL	58	0
306	1	1	1	170803	085422.70	108.53984760	34.22528790	51.80	0.0100	-0.1310	-1.0400	12.94	NULL	58	0
307	1	1	1	170803	085422.80	108.53983881	34.22528453	51.80	-0.0020	-0.0250	-1.0570	12.94	NULL	58	0
308	1	1	1	170803	085422.90	108.53982999	34.22528115	51.80	0.0030	-0.0430	-1.1090	12.94	NULL	58	0
309	1	1	1	170803	085423.00	108.53982118	34.22527781	51.80	-0.0410	-0.0400	-0.9510	11.71	NULL	58	0
310	1	1	1	170803	085423.10	108.53981238	34.22527447	51.80	-0.0090	-0.1080	-1.0260	11.71	NULL	57	0
311	1	1	1	170803	085423.20	108.53980344	34.22527102	51.80	0.0620	-0.0200	-1.0370	4.67	NULL	58	0
312	1	1	1	170803	085423.30	108.53979460	34.22526769	51.80	-0.0430	-0.0780	-0.9260	4.67	NULL	58	0
313	1	1	1	170803	085423.40	108.53978579	34.22526435	51.80	0.0670	-0.0420	-1.0210	4.67	NULL	57	0
314	1	1	1	170803	085423.50	108.53977697	34.22526104	51.80	-0.0010	-0.0050	-1.0720	4.67	NULL	57	0
315	1	1	1	170803	085423.60	108.53976816	34.22525770	51.80	0.0300	-0.0130	-0.9440	3.55	NULL	58	0
316	1	1	1	170803	085423.70	108.53975933	34.22525443	51.80	0.0130	-0.0460	-1.0160	3.55	NULL	58	0
317	1	1	1	170803	085423.80	108.53975040	34.22525107	51.80	-0.0030	-0.1110	-0.9720	3.55	NULL	57	0
318	1	1	1	170803	085423.90	108.53974157	34.22524781	51.80	0.0090	0.0750	-0.9430	3.41	NULL	57	0
319	1	1	1	170803	085424.00	108.53973263	34.22524450	51.80	0.0660	-0.0020	-0.9520	3.41	NULL	57	0
320	1	1	1	170803	085424.10	108.53972380	34.22524125	51.80	0.0060	0.0510	-1.0400	3.41	NULL	57	0
321	1	1	1	170803	085424.20	108.53971496	34.22523798	51.80	-0.0190	-0.0910	-0.9320	4.27	NULL	57	0
322	1	1	1	170803	085424.30	108.53970611	34.22523479	51.80	0.0130	-0.0240	-0.9910	4.27	NULL	57	0
323	1	1	1	170803	085424.40	108.53969717	34.22523153	51.80	0.0180	-0.0300	-1.0450	4.27	NULL	57	0
324	1	1	1	170803	085424.50	108.53968832	34.22522836	51.80	0.0240	-0.1220	-0.9660	5.43	NULL	57	0
325	1	1	1	170803	085424.60	108.53967946	34.22522525	51.80	0.0290	-0.0070	-0.9360	5.43	NULL	57	0
326	1	1	1	170803	085424.70	108.53967062	34.22522207	51.80	-0.0110	-0.0400	-1.0190	5.43	NULL	57	0
327	1	1	1	170803	085424.80	108.53966178	34.22521894	51.80	-0.0480	-0.0320	-0.9890	5.93	NULL	57	0
328	1	1	1	170803	085424.90	108.53965292	34.22521579	51.80	-0.0540	-0.0520	-1.0790	5.93	NULL	57	0
329	1	1	1	170803	085425.00	108.53964408	34.22521265	51.80	0.0290	-0.0840	-0.9830	5.93	NULL	57	0
330	1	1	1	170803	085425.10	108.53963523	34.22520955	51.80	0.0210	-0.0030	-0.9120	6.27	NULL	57	0
331	1	1	1	170803	085425.20	108.53962634	34.22520643	51.80	0.0010	-0.0210	-1.0450	6.27	NULL	57	0
332	1	1	1	170803	085425.30	108.53961746	34.22520332	51.80	0.0220	-0.0280	-1.0230	6.27	NULL	57	0
333	1	1	1	170803	085425.40	108.53960855	34.22520023	51.80	0.0250	0.0040	-0.9700	6.54	NULL	57	0
334	1	1	1	170803	085425.50	108.53959971	34.22519716	51.80	-0.0430	-0.0700	-0.9540	6.54	NULL	57	0
335	1	1	1	170803	085425.60	108.53959082	34.22519408	51.80	0.0190	0.0330	-1.0310	6.54	NULL	57	0
336	1	1	1	170803	085425.70	108.53958197	34.22519098	51.80	0.0190	-0.0890	-1.1580	7.25	NULL	57	0
337	1	1	1	170803	085425.80	108.53957307	34.22518787	51.80	-0.0030	0.0210	-0.9080	7.25	NULL	57	0
338	1	1	1	170803	085425.90	108.53956421	34.22518482	51.80	-0.0500	-0.0580	-0.9950	7.25	NULL	57	0
339	1	1	1	170803	085426.00	108.53955536	34.22518171	51.80	-0.0390	0.0590	-1.0420	8.11	NULL	57	0
340	1	1	1	170803	085426.10	108.53954653	34.22517865	51.80	0.0110	-0.0700	-0.9570	8.11	NULL	57	0
341	1	1	1	170803	085426.20	108.53953785	34.22517567	51.80	0.0140	0.0220	-0.9470	8.11	NULL	57	0
342	1	1	1	170803	085426.30	108.53952902	34.22517262	51.80	0.0480	0.0010	-0.9780	8.65	NULL	56	0
343	1	1	1	170803	085426.40	108.53952024	34.22516956	51.80	-0.0240	0.0150	-1.0240	8.65	NULL	57	0
344	1	1	1	170803	085426.50	108.53951139	34.22516654	51.80	0.0100	-0.0330	-1.0880	8.65	NULL	57	0
345	1	1	1	170803	085426.60	108.53950269	34.22516357	51.80	0.0120	-0.0710	-0.9400	8.78	NULL	57	0
346	1	1	1	170803	085426.70	108.53949385	34.22516057	51.80	-0.0150	-0.0520	-1.0160	8.78	NULL	56	0
347	1	1	1	170803	085426.80	108.53948487	34.22515736	51.80	0.0150	-0.0740	-1.0820	8.78	NULL	57	0
348	1	1	1	170803	085426.90	108.53947599	34.22515431	51.80	-0.0370	0.0410	-1.0850	8.78	NULL	57	0
349	1	1	1	170803	085427.00	108.53946701	34.22515146	51.80	0.0560	-0.0160	-0.9550	9.31	NULL	57	0
350	1	1	1	170803	085427.10	108.53945821	34.22514846	51.80	0.0130	-0.0580	-1.0230	9.31	NULL	57	0
351	1	1	1	170803	085427.20	108.53944928	34.22514582	51.80	-0.0160	0.0500	-1.0030	7.84	NULL	57	0
352	1	1	1	170803	085427.30	108.53944038	34.22514289	51.80	0.0410	-0.1060	-0.9800	7.84	NULL	57	0
353	1	1	1	170803	085427.40	108.53943133	34.22513982	51.80	-0.0130	-0.0140	-1.0190	7.84	NULL	57	0
354	1	1	1	170803	085427.50	108.53942243	34.22513687	51.80	0.0440	-0.0390	-1.0040	7.84	NULL	57	0
355	1	1	1	170803	085427.60	108.53941342	34.22513383	51.80	0.0030	0.0630	-1.0420	6.64	NULL	57	0
356	1	1	1	170803	085427.70	108.53940447	34.22513092	51.80	0.0380	0.0600	-0.9240	6.64	NULL	57	0
357	1	1	1	170803	085427.80	108.53939546	34.22512778	51.80	0.0400	-0.0340	-1.0040	6.64	NULL	57	0
358	1	1	1	170803	085427.90	108.53938648	34.22512485	51.80	0.0320	-0.0330	-1.0040	6.20	NULL	57	0
359	1	1	1	170803	085428.00	108.53937745	34.22512192	51.80	0.0250	0.0280	-0.9760	6.20	NULL	57	0
360	1	1	1	170803	085428.10	108.53936844	34.22511900	51.80	0.0330	-0.0880	-0.9760	6.20	NULL	58	0
361	1	1	1	170803	085428.20	108.53935965	34.22511623	51.80	-0.0140	-0.0180	-1.0210	5.97	NULL	58	0
362	1	1	1	170803	085428.30	108.53935061	34.22511331	51.80	-0.0130	-0.0310	-1.0430	5.97	NULL	58	0
363	1	1	1	170803	085428.40	108.53934159	34.22511038	51.80	0.0190	-0.0390	-1.0140	5.97	NULL	58	0
364	1	1	1	170803	085428.50	108.53933251	34.22510746	53.65	0.0090	-0.0170	-1.0950	5.42	NULL	58	0
365	1	1	1	170803	085428.60	108.53932344	34.22510452	53.65	0.0380	-0.0980	-1.0200	5.42	NULL	58	0
366	1	1	1	170803	085428.70	108.53931433	34.22510160	53.65	0.0190	0.0360	-0.9560	5.42	NULL	58	0
367	1	1	1	170803	085428.80	108.53930519	34.22509866	53.65	-0.0120	-0.0950	-0.9200	5.12	NULL	58	0
368	1	1	1	170803	085428.90	108.53929606	34.22509574	53.65	-0.0000	-0.0670	-0.9780	5.12	NULL	58	0
369	1	1	1	170803	085429.00	108.53928695	34.22509280	53.65	0.0510	-0.1480	-0.9890	5.12	NULL	58	0
370	1	1	1	170803	085429.10	108.53927780	34.22508987	53.65	0.0490	-0.0380	-0.9520	5.08	NULL	58	0
371	1	1	1	170803	085429.20	108.53926864	34.22508692	53.65	0.0050	-0.0180	-1.0840	5.08	NULL	58	0
372	1	1	1	170803	085429.30	108.53925947	34.22508399	53.65	0.0060	0.0060	-1.1220	5.08	NULL	59	0
373	1	1	1	170803	085429.40	108.53925024	34.22508100	53.65	0.0630	-0.0230	-0.9900	5.03	NULL	59	0
374	1	1	1	170803	085429.50	108.53924103	34.22507807	53.65	0.1240	-0.1620	-1.0390	5.03	NULL	59	0
375	1	1	1	170803	085429.60	108.53923176	34.22507510	53.65	0.0060	-0.0530	-0.9790	5.03	NULL	59	0
376	1	1	1	170803	085429.70	108.53922254	34.22507215	53.65	0.0330	-0.1140	-0.9260	4.97	NULL	59	0
377	1	1	1	170803	085429.80	108.53921309	34.22506907	53.65	0.0290	0.0230	-1.0100	4.97	NULL	59	0
378	1	1	1	170803	085429.90	108.53920380	34.22506614	53.65	0.0550	-0.0790	-0.9740	4.97	NULL	59	0
379	1	1	1	170803	085430.00	108.53919436	34.22506309	53.65	0.0380	0.0310	-0.9260	4.97	NULL	59	0
380	1	1	1	170803	085430.10	108.53918507	34.22506016	53.65	0.0090	-0.0550	-0.9910	4.97	NULL	59	0
381	1	1	1	170803	085430.20	108.53917572	34.22505730	53.65	0.0620	-0.0000	-0.9720	4.97	NULL	59	0
382	1	1	1	170803	085430.30	108.53916636	34.22505439	53.65	0.0340	-0.0240	-0.9950	4.99	NULL	60	0
383	1	1	1	170803	085430.40	108.53915695	34.22505153	53.65	0.0340	-0.1080	-1.0260	4.99	NULL	60	0
384	1	1	1	170803	085430.50	108.53914758	34.22504859	53.65	0.0370	0.0220	-0.9870	4.99	NULL	60	0
385	1	1	1	170803	085430.60	108.53913812	34.22504572	53.65	-0.0520	-0.0520	-0.9800	4.77	NULL	60	0
386	1	1	1	170803	085430.70	108.53912870	34.22504281	53.65	0.0410	-0.0140	-0.9180	4.77	NULL	60	0
387	1	1	1	170803	085430.80	108.53911922	34.22503992	55.50	0.0740	-0.0480	-1.0250	4.77	NULL	60	0
388	1	1	1	170803	085430.90	108.53910974	34.22503700	55.50	0.0230	-0.0420	-1.0640	4.77	NULL	60	0
389	1	1	1	170803	085431.00	108.53910017	34.22503413	55.50	0.0360	0.0130	-0.9200	4.68	NULL	60	0
390	1	1	1	170803	085431.10	108.53909066	34.22503122	55.50	0.0370	-0.0800	-0.8860	4.68	NULL	60	0
391	1	1	1	170803	085431.20	108.53908105	34.22502835	55.50	0.0300	-0.0510	-1.0430	4.68	NULL	60	0
392	1	1	1	170803	085431.30	108.53907151	34.22502546	55.50	0.0350	-0.0390	-1.0620	4.68	NULL	61	0
393	1	1	1	170803	085431.40	108.53906193	34.22502258	55.50	0.0280	-0.1420	-1.0950	4.68	NULL	61	0
394	1	1	1	170803	085431.50	108.53905239	34.22501971	55.50	0.0310	-0.0140	-0.9990	4.68	NULL	60	0
395	1	1	1	170803	085431.60	108.53904280	34.22501686	55.50	0.0140	-0.0030	-0.9710	4.35	NULL	60	0
396	1	1	1	170803	085431.70	108.53903325	34.22501400	55.50	0.0260	-0.0030	-0.9620	4.35	NULL	60	0
397	1	1	1	170803	085431.80	108.53902365	34.22501117	55.50	-0.0440	-0.0620	-0.9710	4.35	NULL	60	0
398	1	1	1	170803	085431.90	108.53901410	34.22500833	55.50	0.0240	0.0520	-0.9250	4.19	NULL	60	0
399	1	1	1	170803	085432.00	108.53900453	34.22500552	55.50	0.0030	0.0350	-0.9160	4.19	NULL	60	0
400	1	1	1	170803	085432.10	108.53899499	34.22500270	55.50	0.0350	-0.0110	-1.0960	4.19	NULL	60	0
401	1	1	1	170803	085432.20	108.53898546	34.22499990	55.50	-0.0080	0.0290	-1.0640	3.56	NULL	60	0
402	1	1	1	170803	085432.30	108.53897593	34.22499711	55.50	-0.0800	-0.0370	-1.0830	3.56	NULL	60	0
403	1	1	1	170803	085432.40	108.53896640	34.22499435	55.50	0.0230	-0.0010	-1.1150	3.56	NULL	60	0
404	1	1	1	170803	085432.50	108.53895685	34.22499158	55.50	-0.0170	-0.0170	-1.0400	2.75	NULL	60	0
405	1	1	1	170803	085432.60	108.53894728	34.22498886	55.50	-0.0700	-0.0160	-1.0050	2.75	NULL	60	0
406	1	1	1	170803	085432.70	108.53893774	34.22498613	55.50	0.0690	-0.0210	-0.9310	2.75	NULL	60	0
407	1	1	1	170803	085432.80	108.53892818	34.22498344	55.50	0.0600	-0.0130	-0.8790	2.36	NULL	60	0
408	1	1	1	170803	085432.90	108.53891863	34.22498072	55.50	0.0510	0.0180	-1.0810	2.36	NULL	60	0
409	1	1	1	170803	085433.00	108.53890907	34.22497806	55.50	-0.0130	-0.0320	-0.9070	2.36	NULL	60	0
410	1	1	1	170803	085433.10	108.53889952	34.22497540	55.50	0.0510	0.0060	-0.9400	2.14	NULL	60	0
411	1	1	1	170803	085433.20	108.53888991	34.22497277	55.50	-0.0060	-0.0360	-1.0160	2.14	NULL	60	0
412	1	1	1	170803	085433.30	108.53888032	34.22497012	55.50	-0.0390	-0.0570	-1.0520	2.14	NULL	60	0
413	1	1	1	170803	085433.40	108.53887069	34.22496749	55.50	0.0440	-0.0230	-1.0130	1.96	NULL	60	0
414	1	1	1	170803	085433.50	108.53886109	34.22496486	55.50	-0.0220	-0.0090	-1.0040	1.96	NULL	60	0
415	1	1	1	170803	085433.60	108.53885144	34.22496227	55.50	0.0240	-0.1790	-0.8910	1.96	NULL	60	0
416	1	1	1	170803	085433.70	108.53884185	34.22495962	55.50	0.0250	-0.0180	-1.0740	1.84	NULL	60	0
417	1	1	1	170803	085433.80	108.53883212	34.22495697	55.50	0.0390	-0.0530	-0.8890	1.84	NULL	61	0
418	1	1	1	170803	085433.90	108.53882253	34.22495434	55.50	0.0080	-0.0630	-0.9580	1.84	NULL	60	0
419	1	1	1	170803	085434.00	108.53881279	34.22495167	55.50	0.0520	-0.0660	-1.0350	1.75	NULL	60	0
420	1	1	1	170803	085434.10	108.53880318	34.22494901	55.50	0.0810	-0.0370	-0.9750	1.75	NULL	60	0
421	1	1	1	170803	085434.20	108.53879344	34.22494633	55.50	0.0140	-0.0630	-0.8890	1.75	NULL	61	0
422	1	1	1	170803	085434.30	108.53878380	34.22494365	55.50	-0.0290	0.0150	-0.9570	1.69	NULL	61	0
423	1	1	1	170803	085434.40	108.53877406	34.22494095	55.50	-0.0120	0.0120	-0.9290	1.69	NULL	61	0
424	1	1	1	170803	085434.50	108.53876443	34.22493826	55.50	0.0390	-0.0780	-1.0660	1.69	NULL	60	0
425	1	1	1	170803	085434.60	108.53875472	34.22493556	55.50	0.0960	0.0630	-1.0160	1.62	NULL	61	0
426	1	1	1	170803	085434.70	108.53874502	34.22493286	55.50	0.0460	-0.0870	-0.9970	1.62	NULL	61	0
427	1	1	1	170803	085434.80	108.53873526	34.22493017	55.50	0.0610	-0.0640	-0.9980	1.62	NULL	61	0
428	1	1	1	170803	085434.90	108.53872557	34.22492746	55.50	0.0400	-0.0740	-0.9360	1.62	NULL	61	0
429	1	1	1	170803	085435.00	108.53871580	34.22492475	55.50	0.0430	-0.0680	-0.9350	1.72	NULL	61	0
430	1	1	1	170803	085435.10	108.53870610	34.22492203	55.50	0.0690	-0.0330	-0.9300	1.72	NULL	61	0
431	1	1	1	170803	085435.20	108.53869636	34.22491932	55.50	-0.0170	0.0030	-1.0240	1.71	NULL	61	0
432	1	1	1	170803	085435.30	108.53868663	34.22491660	55.50	0.0460	-0.0100	-1.0630	1.71	NULL	61	0
433	1	1	1	170803	085435.40	108.53867688	34.22491389	55.50	0.0090	0.0710	-1.0660	1.71	NULL	61	0
434	1	1	1	170803	085435.50	108.53866715	34.22491116	55.50	0.0050	0.0290	-1.0250	1.71	NULL	61	0
435	1	1	1	170803	085435.60	108.53865736	34.22490847	55.50	-0.0000	0.0150	-1.0240	1.70	NULL	61	0
436	1	1	1	170803	085435.70	108.53864756	34.22490572	55.50	-0.0340	0.0590	-0.9730	1.70	NULL	62	0
437	1	1	1	170803	085435.80	108.53863772	34.22490299	55.50	0.0580	-0.0430	-0.8860	1.70	NULL	62	0
438	1	1	1	170803	085435.90	108.53862793	34.22490026	55.50	-0.0520	0.0000	-0.9390	1.69	NULL	61	0
439	1	1	1	170803	085436.00	108.53861805	34.22489754	55.50	0.0490	-0.0350	-0.9990	1.69	NULL	62	0
440	1	1	1	170803	085436.10	108.53860825	34.22489479	55.50	0.0560	0.0550	-1.0240	1.69	NULL	62	0
441	1	1	1	170803	085436.20	108.53859837	34.22489210	55.50	0.0310	0.0060	-1.0910	1.68	NULL	61	0
442	1	1	1	170803	085436.30	108.53858852	34.22488936	55.50	0.0710	0.0820	-1.1030	1.68	NULL	62	0
443	1	1	1	170803	085436.40	108.53857861	34.22488665	55.50	-0.0040	-0.0300	-1.0160	1.68	NULL	62	0
444	1	1	1	170803	085436.50	108.53856875	34.22488390	55.50	-0.0250	-0.0430	-0.9290	1.67	NULL	62	0
445	1	1	1	170803	085436.60	108.53855884	34.22488117	57.35	-0.0130	-0.0300	-1.0140	1.67	NULL	62	0
446	1	1	1	170803	085436.70	108.53854896	34.22487840	57.35	0.0760	0.0500	-1.0080	1.67	NULL	62	0
447	1	1	1	170803	085436.80	108.53853905	34.22487566	57.35	-0.0090	0.0160	-0.9020	1.66	NULL	62	0
448	1	1	1	170803	085436.90	108.53852918	34.22487290	57.35	0.0010	-0.0670	-0.9910	1.66	NULL	62	0
449	1	1	1	170803	085437.00	108.53851933	34.22487011	57.35	-0.0160	0.0410	-1.1230	1.66	NULL	62	0
450	1	1	1	170803	085437.10	108.53850943	34.22486732	57.35	0.0830	-0.0060	-1.0720	1.67	NULL	62	0
451	1	1	1	170803	085437.20	108.53849955	34.22486451	57.35	-0.0030	-0.0650	-1.0330	1.67	NULL	62	0
452	1	1	1	170803	085437.30	108.53848964	34.22486172	57.35	0.0070	0.0200	-0.9290	1.67	NULL	62	0
453	1	1	1	170803	085437.40	108.53847970	34.22485890	57.35	0.1080	0.0510	-0.9660	1.66	NULL	63	0
454	1	1	1	170803	085437.50	108.53846976	34.22485610	57.35	0.0580	-0.0370	-0.7140	1.66	NULL	63	0
455	1	1	1	170803	085437.60	108.53845980	34.22485330	57.35	-0.0380	0.0170	-1.0100	1.66	NULL	63	0
456	1	1	1	170803	085437.70	108.53844988	34.22485051	57.35	0.0190	0.0120	-1.1280	1.65	NULL	62	0
457	1	1	1	170803	085437.80	108.53843991	34.22484771	57.35	-0.0130	0.0080	-1.0110	1.65	NULL	62	0
458	1	1	1	170803	085437.90	108.53842993	34.22484491	57.35	0.0380	-0.0200	-1.0270	1.65	NULL	63	0
459	1	1	1	170803	085438.00	108.53841989	34.22484212	57.35	0.0090	0.0520	-0.9820	1.64	NULL	63	0
460	1	1	1	170803	085438.10	108.53840993	34.22483934	57.35	0.0260	-0.0150	-1.0140	1.64	NULL	63	0
461	1	1	1	170803	085438.20	108.53839991	34.22483657	57.35	0.0240	0.0050	-1.0890	1.64	NULL	62	0
462	1	1	1	170803	085438.30	108.53838990	34.22483375	57.35	0.0490	0.0180	-1.0350	1.65	NULL	63	0
463	1	1	1	170803	085438.40	108.53837988	34.22483097	57.35	-0.0040	-0.0430	-1.0430	1.65	NULL	63	0
464	1	1	1	170803	085438.50	108.53836990	34.22482818	57.35	0.0650	-0.0130	-1.0500	1.65	NULL	63	0
465	1	1	1	170803	085438.60	108.53835990	34.22482533	57.35	-0.1200	0.0370	-0.9740	1.59	NULL	63	0
466	1	1	1	170803	085438.70	108.53834988	34.22482253	57.35	0.0750	0.0230	-0.8860	1.59	NULL	63	0
467	1	1	1	170803	085438.80	108.53833988	34.22481969	57.35	-0.1060	-0.0210	-0.6780	1.59	NULL	62	0
468	1	1	1	170803	085438.90	108.53832993	34.22481687	57.35	0.0460	0.0460	-1.0310	1.59	NULL	62	0
469	1	1	1	170803	085439.00	108.53831994	34.22481405	57.35	0.0270	0.0750	-1.0150	1.58	NULL	62	0
470	1	1	1	170803	085439.10	108.53830995	34.22481127	57.35	-0.0010	-0.0610	-0.9590	1.58	NULL	63	0
471	1	1	1	170803	085439.20	108.53829996	34.22480850	57.35	-0.0220	0.0360	-1.1070	1.63	NULL	62	0
472	1	1	1	170803	085439.30	108.53829002	34.22480570	57.35	0.0240	-0.0500	-1.0410	1.63	NULL	62	0
473	1	1	1	170803	085439.40	108.53828003	34.22480296	57.35	-0.0570	-0.0450	-0.9590	1.63	NULL	62	0
474	1	1	1	170803	085439.50	108.53827012	34.22480019	57.35	-0.0450	-0.0560	-0.9830	1.63	NULL	62	0
475	1	1	1	170803	085439.60	108.53826028	34.22479742	57.35	0.0130	0.0070	-1.0640	1.79	NULL	62	0
476	1	1	1	170803	085439.70	108.53825039	34.22479467	57.35	0.0040	0.0600	-1.1010	1.79	NULL	62	0
477	1	1	1	170803	085439.80	108.53824055	34.22479193	55.50	-0.0020	-0.0190	-0.9510	1.79	NULL	62	0
478	1	1	1	170803	085439.90	108.53823071	34.22478918	55.50	-0.0050	0.0560	-0.9200	1.87	NULL	61	0
479	1	1	1	170803	085440.00	108.53822090	34.22478647	55.50	0.0120	-0.0090	-1.0440	1.87	NULL	61	0
480	1	1	1	170803	085440.10	108.53821109	34.22478375	55.50	-0.0330	-0.0870	-1.0250	1.87	NULL	61	0
481	1	1	1	170803	085440.20	108.53820134	34.22478103	55.50	-0.0000	-0.0020	-1.0280	1.90	NULL	61	0
482	1	1	1	170803	085440.30	108.53819154	34.22477833	55.50	-0.0180	-0.0230	-0.9270	1.90	NULL	61	0
483	1	1	1	170803	085440.40	108.53818181	34.22477561	55.50	-0.0350	-0.0710	-1.0250	1.90	NULL	61	0
484	1	1	1	170803	085440.50	108.53817208	34.22477293	55.50	-0.0090	-0.0240	-1.0660	2.13	NULL	61	0
485	1	1	1	170803	085440.60	108.53816242	34.22477021	55.50	-0.0010	0.0200	-0.9650	2.13	NULL	60	0
486	1	1	1	170803	085440.70	108.53815273	34.22476752	55.50	-0.0390	0.0090	-0.9860	2.13	NULL	61	0
487	1	1	1	170803	085440.80	108.53814312	34.22476480	55.50	-0.0080	0.0300	-1.1360	2.22	NULL	61	0
488	1	1	1	170803	085440.90	108.53813349	34.22476213	55.50	-0.0690	0.0880	-1.0210	2.22	NULL	60	0
489	1	1	1	170803	085441.00	108.53812391	34.22475946	55.50	-0.0350	-0.1090	-1.1060	2.22	NULL	60	0
490	1	1	1	170803	085441.10	108.53811429	34.22475684	55.50	-0.0020	0.0330	-1.0320	2.24	NULL	60	0
491	1	1	1	170803	085441.20	108.53810474	34.22475419	55.50	-0.0200	-0.0570	-0.9830	2.24	NULL	60	0
492	1	1	1	170803	085441.30	108.53809515	34.22475157	55.50	-0.0790	0.0300	-0.9800	2.24	NULL	60	0
493	1	1	1	170803	085441.40	108.53808560	34.22474895	55.50	-0.0490	0.0200	-0.9580	2.29	NULL	60	0
494	1	1	1	170803	085441.50	108.53807604	34.22474636	53.65	-0.0430	-0.0200	-0.9980	2.29	NULL	59	0
495	1	1	1	170803	085441.60	108.53806652	34.22474377	53.65	-0.0340	0.0440	-1.0400	2.29	NULL	60	0
496	1	1	1	170803	085441.70	108.53805700	34.22474122	53.65	-0.0590	0.0660	-1.0940	2.29	NULL	60	0
497	1	1	1	170803	085441.80	108.53804751	34.22473866	53.65	-0.0010	0.0820	-1.0480	2.29	NULL	60	0
498	1	1	1	170803	085441.90	108.53803798	34.22473611	53.65	-0.0040	-0.0330	-1.0460	2.29	NULL	59	0
499	1	1	1	170803	085442.00	108.53802849	34.22473356	53.65	-0.0220	-0.0530	-0.9630	2.34	NULL	59	0
500	1	1	1	170803	085442.10	108.53801898	34.22473103	53.65	-0.0350	0.0940	-1.0320	2.34	NULL	60	0
501	1	1	1	170803	085442.20	108.53800949	34.22472849	53.65	0.0110	-0.0590	-0.9810	2.34	NULL	60	0
502	1	1	1	170803	085442.30	108.53800000	34.22472598	53.65	0.0120	0.0210	-1.0000	2.36	NULL	59	0
503	1	1	1	170803	085442.40	108.53799050	34.22472344	53.65	0.0430	0.0250	-1.0330	2.36	NULL	59	0
504	1	1	1	170803	085442.50	108.53798096	34.22472096	53.65	-0.0030	-0.0470	-0.8500	2.36	NULL	60	0
505	1	1	1	170803	085442.60	108.53797144	34.22471845	53.65	0.0440	0.0220	-0.9150	2.34	NULL	60	0
506	1	1	1	170803	085442.70	108.53796194	34.22471595	53.65	0.0200	-0.0080	-0.9980	2.34	NULL	59	0
507	1	1	1	170803	085442.80	108.53795240	34.22471344	53.65	0.0500	-0.0040	-1.0390	2.34	NULL	59	0
508	1	1	1	170803	085442.90	108.53794284	34.22471094	53.65	0.0750	-0.0180	-0.9970	2.34	NULL	59	0
509	1	1	1	170803	085443.00	108.53793327	34.22470839	53.65	-0.0190	0.0150	-0.9960	2.44	NULL	60	0
510	1	1	1	170803	085443.10	108.53792372	34.22470590	53.65	0.0560	-0.0370	-0.9980	2.44	NULL	60	0
511	1	1	1	170803	085443.20	108.53791414	34.22470336	53.65	0.0430	0.0200	-0.9470	2.49	NULL	60	0
512	1	1	1	170803	085443.30	108.53790456	34.22470085	53.65	0.0200	0.0150	-1.0450	2.49	NULL	59	0
513	1	1	1	170803	085443.40	108.53789499	34.22469832	53.65	0.0210	-0.0460	-1.0730	2.49	NULL	60	0
514	1	1	1	170803	085443.50	108.53788540	34.22469578	53.65	0.0060	-0.0680	-1.0310	2.49	NULL	60	0
515	1	1	1	170803	085443.60	108.53787579	34.22469324	55.50	0.0510	-0.0080	-1.0300	2.82	NULL	60	0
516	1	1	1	170803	085443.70	108.53786617	34.22469070	55.50	-0.0060	-0.0270	-0.8980	2.82	NULL	60	0
517	1	1	1	170803	085443.80	108.53785654	34.22468814	55.50	-0.0140	0.0990	-0.9640	2.82	NULL	60	0
518	1	1	1	170803	085443.90	108.53784691	34.22468563	55.50	0.0370	-0.1220	-1.0440	3.62	NULL	60	0
519	1	1	1	170803	085444.00	108.53783726	34.22468309	55.50	0.0240	0.0380	-0.9750	3.62	NULL	60	0
520	1	1	1	170803	085444.10	108.53782762	34.22468054	55.50	0.0010	-0.0590	-1.0410	3.62	NULL	60	0
521	1	1	1	170803	085444.20	108.53781796	34.22467800	55.50	0.0610	-0.0510	-1.0270	4.00	NULL	60	0
522	1	1	1	170803	085444.30	108.53780830	34.22467546	55.50	0.0330	-0.0040	-0.9780	4.00	NULL	60	0
523	1	1	1	170803	085444.40	108.53779862	34.22467290	55.50	-0.0020	0.0560	-0.9930	4.00	NULL	60	0
524	1	1	1	170803	085444.50	108.53778894	34.22467036	55.50	0.0250	0.0080	-1.0770	4.07	NULL	61	0
525	1	1	1	170803	085444.60	108.53777924	34.22466780	55.50	0.0170	0.0410	-1.0800	4.07	NULL	61	0
526	1	1	1	170803	085444.70	108.53776953	34.22466527	55.50	-0.0100	0.0210	-1.0200	4.07	NULL	60	0
527	1	1	1	170803	085444.80	108.53775982	34.22466274	55.50	0.0710	-0.0490	-0.9490	4.13	NULL	60	0
528	1	1	1	170803	085444.90	108.53775009	34.22466020	55.50	0.0190	0.0310	-1.0300	4.13	NULL	61	0
529	1	1	1	170803	085445.00	108.53774035	34.22465766	55.50	-0.0200	-0.0300	-1.0410	4.13	NULL	61	0
530	1	1	1	170803	085445.10	108.53773061	34.22465511	55.50	0.0450	-0.0190	-0.9380	3.26	NULL	61	0
531	1	1	1	170803	085445.20	108.53772085	34.22465256	55.50	0.0140	-0.0500	-0.9220	3.26	NULL	61	0
532	1	1	1	170803	085445.30	108.53771112	34.22465003	55.50	0.0110	0.0210	-1.0420	3.26	NULL	61	0
533	1	1	1	170803	085445.40	108.53770134	34.22464749	55.50	0.0500	-0.0730	-1.0010	2.91	NULL	61	0
534	1	1	1	170803	085445.50	108.53769156	34.22464498	55.50	-0.0210	0.0430	-0.9950	2.91	NULL	61	0
535	1	1	1	170803	085445.60	108.53768177	34.22464246	55.50	0.0110	-0.1160	-0.9640	2.91	NULL	61	0
536	1	1	1	170803	085445.70	108.53767199	34.22463994	55.50	0.0210	0.0080	-1.0500	2.82	NULL	61	0
537	1	1	1	170803	085445.80	108.53766218	34.22463744	55.50	-0.0010	0.0240	-0.9050	2.82	NULL	61	0
538	1	1	1	170803	085445.90	108.53765236	34.22463492	55.50	0.0330	-0.0320	-1.0680	2.82	NULL	61	0
539	1	1	1	170803	085446.00	108.53764254	34.22463240	55.50	0.0050	-0.0850	-0.9530	2.72	NULL	61	0
540	1	1	1	170803	085446.10	108.53763274	34.22462990	55.50	0.0560	0.0160	-1.0510	2.72	NULL	61	0
541	1	1	1	170803	085446.20	108.53762290	34.22462739	55.50	0.0520	0.0260	-0.9730	2.72	NULL	61	0
542	1	1	1	170803	085446.30	108.53761307	34.22462489	55.50	-0.0250	-0.0000	-0.9440	2.66	NULL	61	0
543	1	1	1	170803	085446.40	108.53760323	34.22462238	55.50	0.0240	-0.0310	-1.0590	2.66	NULL	61	0
544	1	1	1	170803	085446.50	108.53759337	34.22461988	55.50	-0.0260	0.0230	-1.0690	2.66	NULL	62	0
545	1	1	1	170803	085446.60	108.53758349	34.22461737	55.50	-0.0100	-0.0140	-0.9680	2.60	NULL	62	0
546	1	1	1	170803	085446.70	108.53757361	34.22461488	55.50	0.0770	0.0340	-0.9700	2.60	NULL	61	0
547	1	1	1	170803	085446.80	108.53756369	34.22461239	55.50	0.0220	-0.0230	-1.0400	2.60	NULL	61	0
548	1	1	1	170803	085446.90	108.53755381	34.22460988	55.50	-0.0340	-0.1140	-1.0340	2.60	NULL	61	0
549	1	1	1	170803	085447.00	108.53754389	34.22460739	55.50	0.0050	-0.0250	-1.0500	2.58	NULL	61	0
550	1	1	1	170803	085447.10	108.53753399	34.22460488	55.50	0.0450	-0.0690	-0.9050	2.58	NULL	62	0
551	1	1	1	170803	085447.20	108.53752408	34.22460235	55.50	-0.0220	0.0740	-1.1040	2.51	NULL	62	0
552	1	1	1	170803	085447.30	108.53751417	34.22459981	55.50	-0.0090	-0.0300	-0.9530	2.51	NULL	61	0
553	1	1	1	170803	085447.40	108.53750426	34.22459725	55.50	0.0100	0.0370	-1.0950	2.51	NULL	61	0
554	1	1	1	170803	085447.50	108.53749432	34.22459471	55.50	0.0240	0.0100	-1.0220	2.51	NULL	62	0
555	1	1	1	170803	085447.60	108.53748437	34.22459214	57.35	0.0090	-0.0540	-0.9860	2.45	NULL	62	0
556	1	1	1	170803	085447.70	108.53747443	34.22458962	57.35	0.0720	0.0150	-1.0290	2.45	NULL	62	0
557	1	1	1	170803	085447.80	108.53746446	34.22458706	57.35	-0.0010	0.0040	-0.9950	2.45	NULL	62	0
558	1	1	1	170803	085447.90	108.53745452	34.22458452	57.35	0.0010	-0.0430	-1.0140	2.40	NULL	62	0
559	1	1	1	170803	085448.00	108.53744457	34.22458196	57.35	0.0410	0.0100	-1.0180	2.40	NULL	62	0
560	1	1	1	170803	085448.10	108.53743459	34.22457942	57.35	0.0350	-0.0730	-0.9490	2.40	NULL	62	0
561	1	1	1	170803	085448.20	108.53742461	34.22457686	57.35	-0.0580	-0.0060	-0.9880	2.37	NULL	62	0
562	1	1	1	170803	085448.30	108.53741463	34.22457431	57.35	0.0980	-0.0160	-0.9780	2.37	NULL	62	0
563	1	1	1	170803	085448.40	108.53740463	34.22457176	57.35	0.0130	-0.0090	-0.9310	2.37	NULL	62	0
564	1	1	1	170803	085448.50	108.53739466	34.22456922	57.35	0.0410	-0.0140	-1.0550	2.36	NULL	62	0
565	1	1	1	170803	085448.60	108.53738467	34.22456667	57.35	-0.0070	0.0190	-1.0450	2.36	NULL	62	0
566	1	1	1	170803	085448.70	108.53737467	34.22456413	57.35	-0.0210	0.0360	-0.9850	2.36	NULL	62	0
567	1	1	1	170803	085448.80	108.53736467	34.22456156	57.35	0.0440	-0.0230	-1.0020	2.34	NULL	63	0
568	1	1	1	170803	085448.90	108.53735468	34.22455901	57.35	0.0130	0.0650	-1.0440	2.34	NULL	62	0
569	1	1	1	170803	085449.00	108.53734469	34.22455644	57.35	0.0310	-0.0270	-1.0630	2.34	NULL	62	0
570	1	1	1	170803	085449.10	108.53733468	34.22455389	57.35	-0.0140	-0.0100	-1.1650	2.52	NULL	62	0
571	1	1	1	170803	085449.20	108.53732467	34.22455133	57.35	-0.0100	-0.0420	-1.0500	2.52	NULL	62	0
572	1	1	1	170803	085449.30	108.53731468	34.22454878	57.35	0.0550	-0.0910	-0.9630	2.52	NULL	62	0
573	1	1	1	170803	085449.40	108.53730467	34.22454621	57.35	-0.0100	0.0530	-1.0080	2.76	NULL	62	0
574	1	1	1	170803	085449.50	108.53729468	34.22454366	57.35	-0.0050	0.0170	-0.9660	2.76	NULL	62	0
575	1	1	1	170803	085449.60	108.53728471	34.22454108	57.35	-0.0430	0.0230	-0.9790	2.76	NULL	62	0
576	1	1	1	170803	085449.70	108.53727470	34.22453852	57.35	0.0020	0.0190	-1.1170	3.32	NULL	62	0
577	1	1	1	170803	085449.80	108.53726470	34.22453593	57.35	-0.0280	-0.0090	-0.9360	3.32	NULL	62	0
578	1	1	1	170803	085449.90	108.53725470	34.22453336	57.35	-0.0520	0.0060	-0.9300	3.32	NULL	63	0
579	1	1	1	170803	085450.00	108.53724469	34.22453075	57.35	-0.0390	0.0410	-1.0060	3.60	NULL	63	0
580	1	1	1	170803	085450.10	108.53723474	34.22452815	57.35	-0.0020	0.0830	-1.0200	3.60	NULL	62	0
581	1	1	1	170803	085450.20	108.53722478	34.22452554	57.35	-0.0680	0.0120	-1.1340	3.60	NULL	62	0
582	1	1	1	170803	085450.30	108.53721479	34.22452295	57.35	-0.0430	0.0270	-1.1820	4.20	NULL	62	0
583	1	1	1	170803	085450.40	108.53720483	34.22452033	57.35	0.1570	-0.0420	-1.1880	4.20	NULL	62	0
584	1	1	1	170803	085450.50	108.53719474	34.22451769	57.35	0.0330	-0.0910	-1.0170	4.20	NULL	62	0
585	1	1	1	170803	085450.60	108.53718466	34.22451504	57.35	-0.0030	0.0070	0.0120	4.36	NULL	62	0
586	1	1	1	170803	085450.70	108.53717474	34.22451243	57.35	-0.3100	0.1900	-0.7750	4.36	NULL	62	0
587	1	1	1	170803	085450.80	108.53716478	34.22450980	57.35	-0.1860	-0.0320	-1.2730	4.36	NULL	62	0
588	1	1	1	170803	085450.90	108.53715482	34.22450720	57.35	0.0260	0.0380	-1.2650	4.36	NULL	62	0
589	1	1	1	170803	085451.00	108.53714494	34.22450458	55.50	0.0340	0.0310	-1.1330	4.34	NULL	62	0
590	1	1	1	170803	085451.10	108.53713493	34.22450198	57.35	-0.0250	0.0380	-0.9290	4.34	NULL	62	0
591	1	1	1	170803	085451.20	108.53712494	34.22449937	57.35	0.0130	0.0370	-0.9770	4.40	NULL	62	0
592	1	1	1	170803	085451.30	108.53711500	34.22449678	57.35	0.0150	-0.0020	-0.8770	4.40	NULL	62	0
593	1	1	1	170803	085451.40	108.53710501	34.22449419	57.35	-0.0430	0.0270	-0.9470	4.40	NULL	62	0
594	1	1	1	170803	085451.50	108.53709506	34.22449168	57.35	0.0490	0.0920	-1.0660	4.40	NULL	62	0
595	1	1	1	170803	085451.60	108.53708510	34.22448916	57.35	0.0370	0.0210	-1.0180	4.44	NULL	62	0
596	1	1	1	170803	085451.70	108.53707513	34.22448664	57.35	-0.0490	-0.0060	-0.9410	4.44	NULL	62	0
597	1	1	1	170803	085451.80	108.53706516	34.22448416	57.35	0.0490	0.0750	-1.0940	4.44	NULL	61	0
598	1	1	1	170803	085451.90	108.53705519	34.22448166	57.35	0.0290	0.0680	-1.0620	4.66	NULL	62	0
599	1	1	1	170803	085452.00	108.53704521	34.22447916	57.35	-0.0610	0.0160	-0.9760	4.66	NULL	62	0
600	1	1	1	170803	085452.10	108.53703526	34.22447666	55.50	0.0600	0.0540	-1.0530	4.66	NULL	62	0
601	1	1	1	170803	085452.20	108.53702530	34.22447415	55.50	-0.0170	-0.0410	-1.0320	4.78	NULL	62	0
602	1	1	1	170803	085452.30	108.53701535	34.22447167	55.50	0.0220	0.1090	-1.0330	4.78	NULL	61	0
603	1	1	1	170803	085452.40	108.53700541	34.22446918	55.50	-0.0070	0.0570	-1.0210	4.78	NULL	61	0
604	1	1	1	170803	085452.50	108.53699542	34.22446671	57.35	0.0480	0.0400	-1.0980	4.85	NULL	62	0
605	1	1	1	170803	085452.60	108.53698546	34.22446425	57.35	0.0020	0.0140	-0.8670	4.85	NULL	62	0
606	1	1	1	170803	085452.70	108.53697553	34.22446177	55.50	0.0150	-0.0550	-1.0960	4.85	NULL	62	0
607	1	1	1	170803	085452.80	108.53696563	34.22445930	55.50	0.0080	0.0030	-1.0330	5.01	NULL	61	0
608	1	1	1	170803	085452.90	108.53695568	34.22445682	55.50	-0.0030	-0.0530	-0.8460	5.01	NULL	61	0
609	1	1	1	170803	085453.00	108.53694580	34.22445423	55.50	0.0420	-0.0310	-1.0120	5.01	NULL	61	0
610	1	1	1	170803	085453.10	108.53693589	34.22445176	55.50	-0.0980	-0.0040	-1.0120	5.03	NULL	62	0
611	1	1	1	170803	085453.20	108.53692611	34.22444928	55.50	0.0470	-0.0630	-1.0520	5.03	NULL	62	0
612	1	1	1	170803	085453.30	108.53691618	34.22444680	55.50	-0.0330	0.0710	-1.1410	5.03	NULL	61	0
613	1	1	1	170803	085453.40	108.53690654	34.22444464	55.50	-0.0560	0.0220	-0.8950	5.12	NULL	61	0
614	1	1	1	170803	085453.50	108.53689667	34.22444218	55.50	-0.0570	-0.0170	-1.0720	5.12	NULL	61	0
615	1	1	1	170803	085453.60	108.53688685	34.22443998	55.50	0.0520	-0.0140	-1.0720	5.12	NULL	61	0
616	1	1	1	170803	085453.70	108.53687699	34.22443752	55.50	-0.0140	-0.0430	-0.9750	4.68	NULL	61	0
617	1	1	1	170803	085453.80	108.53686701	34.22443527	55.50	-0.0450	-0.0090	-1.0820	4.68	NULL	61	0
618	1	1	1	170803	085453.90	108.53685714	34.22443281	55.50	0.0020	0.0380	-1.0430	4.68	NULL	61	0
619	1	1	1	170803	085454.00	108.53684719	34.22443055	55.50	-0.0060	0.0340	-1.0700	3.22	NULL	61	0
620	1	1	1	170803	085454.10	108.53683736	34.22442811	55.50	0.0550	-0.0080	-1.0090	3.22	NULL	61	0
621	1	1	1	170803	085454.20	108.53682741	34.22442575	55.50	-0.0580	-0.0520	-0.9410	3.22	NULL	61	0
622	1	1	1	170803	085454.30	108.53681756	34.22442330	55.50	-0.0390	-0.0260	-0.9800	2.82	NULL	61	0
623	1	1	1	170803	085454.40	108.53680774	34.22442108	55.50	-0.0240	-0.0060	-1.0220	2.82	NULL	61	0
624	1	1	1	170803	085454.50	108.53679793	34.22441865	55.50	0.0340	0.0600	-0.9810	2.82	NULL	61	0
625	1	1	1	170803	085454.60	108.53678803	34.22441637	55.50	0.0240	-0.0120	-0.9800	2.55	NULL	61	0
626	1	1	1	170803	085454.70	108.53677821	34.22441393	55.50	0.0430	0.0190	-1.0200	2.55	NULL	61	0
627	1	1	1	170803	085454.80	108.53676840	34.22441169	55.50	0.0490	0.0570	-0.9410	2.55	NULL	61	0
628	1	1	1	170803	085454.90	108.53675862	34.22440927	55.50	-0.0750	0.0530	-0.9140	2.55	NULL	60	0
629	1	1	1	170803	085455.00	108.53674874	34.22440696	55.50	0.0690	0.0420	-1.0600	2.66	NULL	60	0
630	1	1	1	170803	085455.10	108.53673892	34.22440452	55.50	0.0140	-0.0340	-1.1100	2.66	NULL	61	0
631	1	1	1	170803	085455.20	108.53672904	34.22440219	55.50	0.0330	0.0150	-0.9170	2.95	NULL	61	0
632	1	1	1	170803	085455.30	108.53671925	34.22439975	55.50	0.0390	0.0240	-0.9870	2.95	NULL	61	0
633	1	1	1	170803	085455.40	108.53670962	34.22439725	55.50	-0.0050	0.0390	-0.9530	2.95	NULL	60	0
634	1	1	1	170803	085455.50	108.53669985	34.22439482	55.50	0.0160	0.0480	-1.0350	2.95	NULL	61	0
635	1	1	1	170803	085455.60	108.53669016	34.22439234	55.50	-0.0680	0.0200	-1.0460	3.15	NULL	61	0
636	1	1	1	170803	085455.70	108.53668039	34.22438990	55.50	0.0060	0.0590	-1.0190	3.15	NULL	61	0
637	1	1	1	170803	085455.80	108.53667068	34.22438741	55.50	0.0050	-0.0170	-1.0550	3.15	NULL	61	0
638	1	1	1	170803	085455.90	108.53666093	34.22438495	55.50	0.0310	0.0100	-1.0060	3.26	NULL	60	0
639	1	1	1	170803	085456.00	108.53665117	34.22438239	55.50	-0.0540	0.0410	-0.9340	3.26	NULL	60	0
640	1	1	1	170803	085456.10	108.53664144	34.22437993	55.50	0.0580	-0.0260	-0.9290	3.26	NULL	61	0
641	1	1	1	170803	085456.20	108.53663169	34.22437739	55.50	0.0400	0.0140	-1.0760	3.48	NULL	61	0
642	1	1	1	170803	085456.30	108.53662190	34.22437493	55.50	0.0110	0.0280	-0.9970	3.48	NULL	60	0
643	1	1	1	170803	085456.40	108.53661216	34.22437243	55.50	0.0130	0.0730	-0.9020	3.48	NULL	60	0
644	1	1	1	170803	085456.50	108.53660244	34.22436995	55.50	0.0220	0.0330	-1.0630	3.74	NULL	60	0
645	1	1	1	170803	085456.60	108.53659270	34.22436744	55.50	-0.0200	-0.0100	-0.9680	3.74	NULL	61	0
646	1	1	1	170803	085456.70	108.53658297	34.22436495	55.50	0.0140	0.0370	-0.9730	3.74	NULL	61	0
647	1	1	1	170803	085456.80	108.53657323	34.22436239	55.50	0.0010	0.0090	-1.0140	4.11	NULL	61	0
648	1	1	1	170803	085456.90	108.53656349	34.22435989	55.50	0.0020	0.0250	-0.9310	4.11	NULL	60	0
649	1	1	1	170803	085457.00	108.53655378	34.22435734	55.50	-0.0170	0.0330	-1.0050	4.11	NULL	60	0
650	1	1	1	170803	085457.10	108.53654406	34.22435482	55.50	0.0630	0.0430	-1.0920	4.31	NULL	61	0
651	1	1	1	170803	085457.20	108.53653434	34.22435228	55.50	-0.0130	-0.0150	-0.9980	4.31	NULL	61	0
652	1	1	1	170803	085457.30	108.53652461	34.22434978	55.50	0.0740	0.0590	-1.0650	4.31	NULL	60	0
653	1	1	1	170803	085457.40	108.53651488	34.22434725	55.50	0.0410	-0.0680	-1.0140	4.36	NULL	60	0
654	1	1	1	170803	085457.50	108.53650515	34.22434474	55.50	-0.0710	0.0060	-0.9100	4.36	NULL	61	0
655	1	1	1	170803	085457.60	108.53649546	34.22434223	55.50	-0.0370	0.0070	-1.0890	4.36	NULL	61	0
656	1	1	1	170803	085457.70	108.53648571	34.22433970	55.50	0.0040	0.0970	-1.0360	4.44	NULL	61	0
657	1	1	1	170803	085457.80	108.53647602	34.22433718	55.50	0.0190	-0.0340	-1.0220	4.44	NULL	61	0
658	1	1	1	170803	085457.90	108.53646629	34.22433465	55.50	0.0270	0.0090	-0.9280	4.44	NULL	60	0
659	1	1	1	170803	085458.00	108.53645662	34.22433210	55.50	-0.0990	0.0140	-0.9310	4.51	NULL	60	0
660	1	1	1	170803	085458.10	108.53644690	34.22432955	55.50	0.1050	-0.0140	-0.9440	4.51	NULL	61	0
661	1	1	1	170803	085458.20	108.53643722	34.22432699	55.50	-0.0180	0.0570	-1.0360	4.51	NULL	61	0
662	1	1	1	170803	085458.30	108.53642748	34.22432445	55.50	0.0290	0.0480	-1.0030	4.51	NULL	61	0
663	1	1	1	170803	085458.40	108.53641780	34.22432188	55.50	0.0470	0.0150	-1.0310	4.51	NULL	60	0
664	1	1	1	170803	085458.50	108.53640806	34.22431934	55.50	0.0010	-0.0130	-1.0430	4.51	NULL	61	0
665	1	1	1	170803	085458.60	108.53639834	34.22431676	55.50	-0.0020	0.0430	-0.8800	4.52	NULL	61	0
666	1	1	1	170803	085458.70	108.53638862	34.22431420	55.50	0.0760	0.0320	-0.9390	4.52	NULL	61	0
667	1	1	1	170803	085458.80	108.53637891	34.22431161	55.50	0.0410	0.0280	-0.9520	4.52	NULL	61	0
668	1	1	1	170803	085458.90	108.53636916	34.22430906	55.50	-0.0000	0.0650	-1.0340	4.52	NULL	60	0
669	1	1	1	170803	085459.00	108.53635944	34.22430647	55.50	0.0340	-0.0630	-1.0130	4.53	NULL	60	0
670	1	1	1	170803	085459.10	108.53634969	34.22430390	55.50	-0.0810	0.0530	-1.1170	4.53	NULL	61	0
671	1	1	1	170803	085459.20	108.53633994	34.22430132	55.50	0.0290	-0.0140	-1.0060	4.47	NULL	61	0
672	1	1	1	170803	085459.30	108.53633018	34.22429876	55.50	-0.0080	0.0380	-0.8030	4.47	NULL	61	0
673	1	1	1	170803	085459.40	108.53632040	34.22429617	55.50	0.0150	0.0480	-1.0730	4.47	NULL	61	0
674	1	1	1	170803	085459.50	108.53631062	34.22429360	55.50	-0.0160	0.0340	-0.9560	4.47	NULL	61	0
675	1	1	1	170803	085459.60	108.53630084	34.22429102	55.50	0.0320	-0.0030	-1.0460	4.43	NULL	61	0
676	1	1	1	170803	085459.70	108.53629106	34.22428847	55.50	-0.0060	0.1130	-1.0950	4.43	NULL	61	0
677	1	1	1	170803	085459.80	108.53628125	34.22428592	55.50	0.0230	0.0280	-1.1190	4.43	NULL	61	0
678	1	1	1	170803	085459.90	108.53627144	34.22428336	55.50	0.0170	0.0010	-1.0030	4.42	NULL	61	0
679	1	1	1	170803	085500.00	108.53626161	34.22428081	55.50	0.0270	0.0540	-0.9610	4.42	NULL	61	0
680	1	1	1	170803	085500.10	108.53625183	34.22427826	55.50	-0.0330	0.0460	-1.1010	4.42	NULL	61	0
681	1	1	1	170803	085500.20	108.53624202	34.22427570	55.50	0.0310	0.0240	-1.0030	4.43	NULL	61	0
682	1	1	1	170803	085500.30	108.53623218	34.22427314	55.50	0.0790	-0.0520	-1.0290	4.43	NULL	61	0
683	1	1	1	170803	085500.40	108.53622235	34.22427057	55.50	-0.0680	-0.0100	-1.0320	4.43	NULL	61	0
684	1	1	1	170803	085500.50	108.53621254	34.22426803	55.50	0.0120	0.0550	-0.9050	4.43	NULL	61	0
685	1	1	1	170803	085500.60	108.53620269	34.22426545	55.50	0.0430	0.0150	-0.8790	4.43	NULL	61	0
686	1	1	1	170803	085500.70	108.53619286	34.22426290	55.50	0.0290	0.0350	-0.9150	4.43	NULL	62	0
687	1	1	1	170803	085500.80	108.53618303	34.22426033	55.50	-0.0110	-0.0760	-1.0730	4.43	NULL	62	0
688	1	1	1	170803	085500.90	108.53617319	34.22425777	55.50	-0.0370	0.0430	-1.1090	4.43	NULL	61	0
689	1	1	1	170803	085501.00	108.53616334	34.22425520	55.50	0.1210	0.0680	-1.0610	4.43	NULL	61	0
690	1	1	1	170803	085501.10	108.53615348	34.22425264	55.50	0.0390	0.0310	-0.9330	4.07	NULL	61	0
691	1	1	1	170803	085501.20	108.53614360	34.22425008	55.50	-0.0290	-0.0810	-0.9460	4.07	NULL	61	0
692	1	1	1	170803	085501.30	108.53613377	34.22424752	55.50	0.0430	0.0510	-1.0590	4.07	NULL	61	0
693	1	1	1	170803	085501.40	108.53612391	34.22424496	55.50	0.0880	0.0020	-1.1470	3.00	NULL	61	0
694	1	1	1	170803	085501.50	108.53611399	34.22424238	55.50	0.0450	-0.0780	-0.9700	3.00	NULL	61	0
695	1	1	1	170803	085501.60	108.53610409	34.22423981	55.50	-0.0140	-0.0460	-0.7880	3.00	NULL	61	0
696	1	1	1	170803	085501.70	108.53609422	34.22423725	55.50	0.1220	-0.0290	-0.9360	2.73	NULL	62	0
697	1	1	1	170803	085501.80	108.53608434	34.22423468	55.50	0.1040	0.0000	-0.6770	2.73	NULL	62	0
698	1	1	1	170803	085501.90	108.53607450	34.22423213	55.50	-0.0560	0.0430	-1.1910	2.73	NULL	61	0
699	1	1	1	170803	085502.00	108.53606467	34.22422959	55.50	0.0550	-0.0110	-1.0580	2.52	NULL	61	0
700	1	1	1	170803	085502.10	108.53605475	34.22422702	55.50	0.0510	0.0560	-1.0140	2.52	NULL	61	0
701	1	1	1	170803	085502.20	108.53604485	34.22422446	55.50	0.0110	0.0200	-0.8660	2.52	NULL	61	0
702	1	1	1	170803	085502.30	108.53603494	34.22422191	55.50	0.0090	0.1070	-0.8630	2.09	NULL	62	0
703	1	1	1	170803	085502.40	108.53602500	34.22421935	55.50	-0.0450	0.0500	-0.9660	2.09	NULL	62	0
704	1	1	1	170803	085502.50	108.53601509	34.22421681	55.50	0.0340	0.0390	-1.0290	2.09	NULL	61	0
705	1	1	1	170803	085502.60	108.53600518	34.22421427	55.50	0.0800	0.0210	-0.9470	1.88	NULL	62	0
706	1	1	1	170803	085502.70	108.53599527	34.22421173	55.50	-0.0380	0.0090	-1.0770	1.88	NULL	62	0
707	1	1	1	170803	085502.80	108.53598537	34.22420921	55.50	0.1120	-0.0080	-1.1130	1.88	NULL	62	0
708	1	1	1	170803	085502.90	108.53597541	34.22420665	55.50	0.0190	0.0230	-1.0380	1.88	NULL	62	0
709	1	1	1	170803	085503.00	108.53596547	34.22420411	57.35	-0.1270	-0.0430	-1.0860	1.71	NULL	62	0
710	1	1	1	170803	085503.10	108.53595556	34.22420157	55.50	0.0860	-0.0500	-0.9900	1.71	NULL	61	0
711	1	1	1	170803	085503.20	108.53594561	34.22419902	57.35	0.0540	0.0080	-1.0400	1.67	NULL	61	0
712	1	1	1	170803	085503.30	108.53593567	34.22419647	57.35	0.0310	-0.0030	-1.0500	1.67	NULL	62	0
713	1	1	1	170803	085503.40	108.53592572	34.22419392	57.35	0.0370	-0.0200	-1.1300	1.67	NULL	62	0
714	1	1	1	170803	085503.50	108.53591576	34.22419138	57.35	-0.0210	-0.0010	-0.9010	1.67	NULL	62	0
715	1	1	1	170803	085503.60	108.53590573	34.22418882	57.35	-0.0110	-0.0640	-1.1060	1.64	NULL	62	0
716	1	1	1	170803	085503.70	108.53589576	34.22418627	57.35	0.0830	0.0340	-0.9630	1.64	NULL	62	0
717	1	1	1	170803	085503.80	108.53588570	34.22418371	57.35	-0.0210	0.0200	-0.8990	1.64	NULL	62	0
718	1	1	1	170803	085503.90	108.53587575	34.22418116	57.35	-0.0440	0.0420	-0.9300	1.67	NULL	62	0
719	1	1	1	170803	085504.00	108.53586580	34.22417861	57.35	0.0560	0.0230	-1.1540	1.67	NULL	62	0
720	1	1	1	170803	085504.10	108.53585582	34.22417604	57.35	0.0560	-0.0350	-1.0870	1.67	NULL	62	0
721	1	1	1	170803	085504.20	108.53584587	34.22417349	57.35	-0.0330	0.0030	-0.9510	1.59	NULL	62	0
722	1	1	1	170803	085504.30	108.53583591	34.22417093	57.35	-0.0520	-0.0340	-1.0980	1.59	NULL	62	0
723	1	1	1	170803	085504.40	108.53582597	34.22416827	57.35	0.0540	0.0060	-0.9700	1.59	NULL	62	0
724	1	1	1	170803	085504.50	108.53581600	34.22416568	57.35	0.0400	0.0540	-1.0270	1.64	NULL	62	0
725	1	1	1	170803	085504.60	108.53580607	34.22416298	57.35	0.0550	0.0180	-1.0160	1.64	NULL	62	0