21065	2	2	1	170801	103055.40	108.53602723	34.22311200	27.75	0.0200	0.0320	-1.0250	1.19	NULL	NULL	0
21066	2	2	1	170801	103055.50	108.53603217	34.22311309	27.75	0.0800	0.0030	-1.0170	1.19	NULL	NULL	0
21067	2	2	1	170801	103055.60	108.53603712	34.22311414	27.75	0.0760	0.0170	-0.9900	1.14	NULL	NULL	0
21068	2	2	1	170801	103055.70	108.53604213	34.22311526	27.75	0.0620	-0.0360	-0.9660	1.14	NULL	NULL	0
21069	2	2	1	170801	103055.80	108.53604785	34.22311505	27.75	0.0410	0.0080	-1.0210	1.14	NULL	NULL	0
21070	2	2	1	170801	103055.90	108.53605290	34.22311622	27.75	0.0320	0.0140	-0.9570	1.14	NULL	NULL	0
21071	2	2	1	170801	103056.00	108.53605764	34.22311784	27.75	0.0220	-0.0130	-0.9360	1.19	NULL	NULL	0
21072	2	2	1	170801	103056.10	108.53606272	34.22311899	27.75	0.0530	0.0060	-0.9940	1.19	NULL	NULL	0
21073	2	2	1	170801	103056.20	108.53606772	34.22312033	27.75	0.0760	0.0360	-1.0380	1.19	NULL	NULL	0
21074	2	2	1	170801	103056.30	108.53607285	34.22312155	27.75	0.0640	0.0620	-1.0500	1.35	NULL	NULL	0
21075	2	2	1	170801	103056.40	108.53607758	34.22312346	27.75	0.0660	-0.0390	-0.9840	1.35	NULL	NULL	0
21076	2	2	1	170801	103056.50	108.53608272	34.22312470	27.75	0.0510	0.0080	-1.0560	1.35	NULL	NULL	0
21077	2	2	1	170801	103056.60	108.53608779	34.22312602	27.75	-0.0010	0.0660	-1.0260	1.39	NULL	NULL	0
21078	2	2	1	170801	103056.70	108.53609291	34.22312727	27.75	0.0660	0.0210	-0.9340	1.39	NULL	NULL	0
21079	2	2	1	170801	103056.80	108.53609784	34.22312807	27.75	-0.0100	0.0050	-0.9960	1.39	NULL	NULL	0
21080	2	2	1	170801	103056.90	108.53610300	34.22312938	29.60	0.0410	0.0380	-1.0140	1.59	NULL	NULL	0
21081	2	2	1	170801	103057.00	108.53610828	34.22313088	27.75	0.0100	0.0330	-0.9180	1.59	NULL	NULL	0
21082	2	2	1	170801	103057.10	108.53611339	34.22313216	27.75	0.0070	-0.0320	-0.9840	1.59	NULL	NULL	0
21083	2	2	1	170801	103057.20	108.53611853	34.22313351	27.75	-0.0740	-0.0230	-1.1100	1.92	NULL	NULL	0
21084	2	2	1	170801	103057.30	108.53612364	34.22313473	27.75	-0.1000	-0.0770	-0.9820	1.92	NULL	NULL	0
21085	2	2	1	170801	103057.40	108.53612867	34.22313594	27.75	-0.0440	-0.0210	-0.9940	1.92	NULL	NULL	0
21086	2	2	1	170801	103057.50	108.53613373	34.22313715	27.75	0.0180	0.0430	-1.0280	2.67	NULL	NULL	0
21087	2	2	1	170801	103057.60	108.53613879	34.22313851	27.75	0.0230	0.0370	-1.0070	2.67	NULL	NULL	0
21088	2	2	1	170801	103057.70	108.53614379	34.22313974	27.75	-0.0130	0.0770	-1.0280	2.67	NULL	NULL	0
21089	2	2	1	170801	103057.80	108.53614882	34.22314083	27.75	0.0090	0.0410	-1.0350	2.72	NULL	NULL	0
21090	2	2	1	170801	103057.90	108.53615375	34.22314213	27.75	-0.0490	0.0360	-0.9990	2.72	NULL	NULL	0
21091	2	2	1	170801	103058.00	108.53615915	34.22314248	27.75	-0.0110	0.0240	-1.0640	2.72	NULL	NULL	0
21092	2	2	1	170801	103058.10	108.53616403	34.22314376	27.75	-0.0450	0.0040	-1.0180	2.90	NULL	NULL	0
21093	2	2	1	170801	103058.20	108.53616896	34.22314495	27.75	-0.0030	0.0570	-0.9870	2.90	NULL	NULL	0
21094	2	2	1	170801	103058.30	108.53617390	34.22314619	27.75	-0.0050	0.0630	-0.9740	2.90	NULL	NULL	0
21095	2	2	1	170801	103058.40	108.53617863	34.22314742	27.75	0.0050	0.0180	-1.0470	2.94	NULL	NULL	0
21096	2	2	1	170801	103058.50	108.53618352	34.22314866	27.75	-0.0110	-0.0370	-1.0100	2.94	NULL	NULL	0
21097	2	2	1	170801	103058.60	108.53618812	34.22315031	27.75	-0.0300	0.0390	-1.0030	2.94	NULL	NULL	0
21098	2	2	1	170801	103058.70	108.53619302	34.22315150	27.75	0.0240	-0.0140	-0.9730	2.48	NULL	NULL	0
21099	2	2	1	170801	103058.80	108.53619772	34.22315305	27.75	-0.0090	0.0420	-0.9890	2.48	NULL	NULL	0
21100	2	2	1	170801	103058.90	108.53620263	34.22315426	27.75	0.0480	0.0000	-1.0030	2.48	NULL	NULL	0
21101	2	2	1	170801	103059.00	108.53620769	34.22315549	27.75	0.0270	0.0480	-1.0330	2.49	NULL	NULL	0
21102	2	2	1	170801	103059.10	108.53621250	34.22315666	27.75	0.0270	-0.0480	-0.9350	2.49	NULL	NULL	0
21103	2	2	1	170801	103059.20	108.53621734	34.22315783	27.75	0.0280	-0.0010	-1.0170	2.49	NULL	NULL	0
21104	2	2	1	170801	103059.30	108.53622217	34.22315903	27.75	-0.0630	0.0320	-0.9800	2.61	NULL	NULL	0
21105	2	2	1	170801	103059.40	108.53622699	34.22316022	25.90	-0.0610	-0.0250	-1.0010	2.61	NULL	NULL	0
21106	2	2	1	170801	103059.50	108.53623180	34.22316142	25.90	-0.0170	0.0230	-1.0240	2.61	NULL	NULL	0
21107	2	2	1	170801	103059.60	108.53623660	34.22316260	25.90	-0.0730	-0.0180	-0.9710	2.68	NULL	NULL	0
21108	2	2	1	170801	103059.70	108.53624135	34.22316376	25.90	0.0230	0.0810	-0.9600	2.68	NULL	NULL	0
21109	2	2	1	170801	103059.80	108.53624612	34.22316491	25.90	-0.0560	-0.0160	-0.9450	2.68	NULL	NULL	0
21110	2	2	1	170801	103059.90	108.53625088	34.22316611	25.90	0.0200	0.0000	-0.9360	2.68	NULL	NULL	0
21111	2	2	1	170801	103100.00	108.53625562	34.22316732	25.90	-0.0960	0.0380	-0.9480	2.77	NULL	NULL	0
21112	2	2	1	170801	103100.10	108.53626038	34.22316845	25.90	0.0040	0.0260	-1.0130	2.77	NULL	NULL	0
21113	2	2	1	170801	103100.20	108.53626507	34.22316968	25.90	-0.0100	-0.0130	-0.9350	2.77	NULL	NULL	0
21114	2	2	1	170801	103100.30	108.53626983	34.22317082	25.90	0.0650	0.0050	-1.0290	2.91	NULL	NULL	0
21115	2	2	1	170801	103100.40	108.53627460	34.22317202	25.90	-0.0490	-0.0290	-1.0190	2.91	NULL	NULL	0
21116	2	2	1	170801	103100.50	108.53627934	34.22317321	25.90	0.0220	-0.0380	-0.9130	2.91	NULL	NULL	0
21117	2	2	1	170801	103100.60	108.53628404	34.22317438	25.90	-0.0140	0.0040	-0.9330	2.88	NULL	NULL	0
21118	2	2	1	170801	103100.70	108.53628878	34.22317556	25.90	0.0250	0.0290	-1.0330	2.88	NULL	NULL	0
21119	2	2	1	170801	103100.80	108.53629485	34.22318188	25.90	0.0090	0.0020	-1.0200	2.88	NULL	NULL	0
21120	2	2	1	170801	103100.90	108.53629963	34.22318309	25.90	0.0180	-0.0060	-0.9860	3.08	NULL	NULL	0
21121	2	2	1	170801	103101.00	108.53630444	34.22318435	25.90	0.0770	0.0000	-1.0120	3.08	NULL	NULL	0
21122	2	2	1	170801	103101.10	108.53630924	34.22318553	25.90	0.0160	-0.0310	-0.9970	3.08	NULL	NULL	0
21123	2	2	1	170801	103101.20	108.53631302	34.22318298	25.90	-0.0190	0.0030	-1.0050	2.57	NULL	NULL	0
21124	2	2	1	170801	103101.30	108.53631779	34.22318418	25.90	0.0070	0.0430	-0.9590	2.57	NULL	NULL	0
21125	2	2	1	170801	103101.40	108.53632261	34.22318428	27.75	-0.0180	0.0030	-1.0210	2.57	NULL	NULL	0
21126	2	2	1	170801	103101.50	108.53632740	34.22318556	27.75	0.0450	-0.0380	-1.0670	2.14	NULL	NULL	0
21127	2	2	1	170801	103101.60	108.53633311	34.22319010	27.75	-0.0090	0.0710	-0.9940	2.14	NULL	NULL	0
21128	2	2	1	170801	103101.70	108.53633794	34.22319137	27.75	0.0500	-0.0490	-1.0140	2.14	NULL	NULL	0
21129	2	2	1	170801	103101.80	108.53634368	34.22319300	27.75	0.0400	0.0610	-0.9960	1.81	NULL	NULL	0
21130	2	2	1	170801	103101.90	108.53634858	34.22319427	27.75	0.0340	0.0340	-0.9500	1.81	NULL	NULL	0
21131	2	2	1	170801	103102.00	108.53635210	34.22319262	25.90	0.0220	-0.0320	-0.8900	1.81	NULL	NULL	0
21132	2	2	1	170801	103102.10	108.53635685	34.22319404	27.75	0.0980	0.0220	-1.0030	1.81	NULL	NULL	0
21133	2	2	1	170801	103102.20	108.53636240	34.22319984	27.75	0.0630	-0.0360	-1.0210	1.81	NULL	NULL	0
21134	2	2	1	170801	103102.30	108.53636725	34.22320111	27.75	0.0720	-0.0110	-1.0630	1.81	NULL	NULL	0
21135	2	2	1	170801	103102.40	108.53637160	34.22320226	27.75	0.0640	0.0400	-1.0960	1.60	NULL	NULL	0
21136	2	2	1	170801	103102.50	108.53637649	34.22320350	27.75	0.1420	0.0970	-1.0000	1.60	NULL	NULL	0
21137	2	2	1	170801	103102.60	108.53638078	34.22320362	27.75	-0.0390	0.0620	-0.9050	1.60	NULL	NULL	0
21138	2	2	1	170801	103102.70	108.53638566	34.22320492	27.75	0.0040	0.0270	-0.9450	1.70	NULL	NULL	0
21139	2	2	1	170801	103102.80	108.53638816	34.22320219	27.75	0.0520	0.1530	-1.0770	1.70	NULL	NULL	0
21140	2	2	1	170801	103102.90	108.53639308	34.22320343	27.75	0.0410	0.0190	-1.0700	1.70	NULL	NULL	0
21141	2	2	1	170801	103103.00	108.53639588	34.22320352	27.75	0.0500	-0.0300	-1.0500	1.66	NULL	NULL	0
21142	2	2	1	170801	103103.10	108.53640082	34.22320478	27.75	-0.0390	0.1430	-1.1080	1.66	NULL	NULL	0
21143	2	2	1	170801	103103.20	108.53640659	34.22320731	27.75	0.0660	0.0370	-1.0080	1.66	NULL	NULL	0
21144	2	2	1	170801	103103.30	108.53641155	34.22320855	27.75	0.0400	-0.0060	-0.9500	1.69	NULL	NULL	0
21145	2	2	1	170801	103103.40	108.53641947	34.22320978	27.75	-0.0440	0.0860	-0.9960	1.69	NULL	NULL	0
21146	2	2	1	170801	103103.50	108.53642428	34.22321104	27.75	-0.1020	-0.0210	-0.9870	1.69	NULL	NULL	0
21147	2	2	1	170801	103103.60	108.53642961	34.22321274	27.75	-0.0550	0.0080	-0.9190	1.72	NULL	NULL	0
21148	2	2	1	170801	103103.70	108.53643436	34.22321392	25.90	0.0100	0.0800	-0.9880	1.72	NULL	NULL	0
21149	2	2	1	170801	103103.80	108.53643955	34.22321544	27.75	-0.0920	0.0730	-1.0900	1.72	NULL	NULL	0
21150	2	2	1	170801	103103.90	108.53644431	34.22321666	25.90	-0.0530	-0.0410	-1.0000	1.72	NULL	NULL	0
21151	2	2	1	170801	103104.00	108.53644903	34.22321781	25.90	-0.0280	0.0270	-1.0090	1.70	NULL	NULL	0
21152	2	2	1	170801	103104.10	108.53645375	34.22321905	25.90	-0.0360	0.0380	-0.9950	1.70	NULL	NULL	0
21153	2	2	1	170801	103104.20	108.53645878	34.22322116	25.90	-0.0840	0.0030	-0.9650	1.70	NULL	NULL	0
21154	2	2	1	170801	103104.30	108.53646348	34.22322231	25.90	0.0410	-0.0200	-0.9900	1.91	NULL	NULL	0
21155	2	2	1	170801	103104.40	108.53646743	34.22322162	25.90	0.0410	0.0490	-1.0450	1.91	NULL	NULL	0
21156	2	2	1	170801	103104.50	108.53647210	34.22322282	25.90	-0.0240	-0.0310	-0.9980	1.91	NULL	NULL	0
21157	2	2	1	170801	103104.60	108.53647665	34.22322407	25.90	-0.0200	-0.0710	-0.9680	2.42	NULL	NULL	0
21158	2	2	1	170801	103104.70	108.53648126	34.22322527	25.90	-0.0330	-0.0540	-0.9560	2.42	NULL	NULL	0
21159	2	2	1	170801	103104.80	108.53648582	34.22322646	25.90	-0.0510	0.0370	-0.9830	2.42	NULL	NULL	0
21160	2	2	1	170801	103104.90	108.53649044	34.22322766	25.90	0.0170	0.0340	-1.0220	2.60	NULL	NULL	0
21161	2	2	1	170801	103105.00	108.53649497	34.22322868	25.90	-0.0340	-0.0820	-1.0530	2.60	NULL	NULL	0
21162	2	2	1	170801	103105.10	108.53649955	34.22322989	25.90	0.1250	-0.0060	-0.9830	2.60	NULL	NULL	0
21163	2	2	1	170801	103105.20	108.53650414	34.22323110	25.90	0.0750	0.0350	-0.9880	2.94	NULL	NULL	0
21164	2	2	1	170801	103105.30	108.53650876	34.22323227	25.90	-0.0030	-0.0030	-0.9680	2.94	NULL	NULL	0
21165	2	2	1	170801	103105.40	108.53651338	34.22323353	25.90	0.0650	-0.0500	-0.9370	2.94	NULL	NULL	0
21166	2	2	1	170801	103105.50	108.53651807	34.22323476	25.90	0.0760	-0.0360	-0.9980	2.99	NULL	NULL	0
21167	2	2	1	170801	103105.60	108.53652243	34.22323627	27.75	0.0320	0.0420	-0.9630	2.99	NULL	NULL	0
21168	2	2	1	170801	103105.70	108.53652713	34.22323743	25.90	0.0700	0.0010	-0.9570	2.99	NULL	NULL	0
21169	2	2	1	170801	103105.80	108.53653203	34.22323864	27.75	0.0490	0.0370	-1.0750	3.00	NULL	NULL	0
21170	2	2	1	170801	103105.90	108.53653680	34.22323994	25.90	0.0070	0.0180	-0.9950	3.00	NULL	NULL	0
21171	2	2	1	170801	103106.00	108.53654164	34.22324121	27.75	0.0690	0.0670	-0.9840	3.00	NULL	NULL	0
21172	2	2	1	170801	103106.10	108.53654645	34.22324238	25.90	-0.0350	0.0120	-0.9570	3.14	NULL	NULL	0
21173	2	2	1	170801	103106.20	108.53655120	34.22324367	27.75	0.0060	0.1020	-1.0320	3.14	NULL	NULL	0
21174	2	2	1	170801	103106.30	108.53655601	34.22324488	25.90	0.0090	-0.0270	-0.9900	3.14	NULL	NULL	0
21175	2	2	1	170801	103106.40	108.53656077	34.22324610	25.90	0.0730	0.0490	-1.0840	3.18	NULL	NULL	0
21176	2	2	1	170801	103106.50	108.53656559	34.22324731	27.75	-0.0010	0.0230	-1.0300	3.18	NULL	NULL	0
21177	2	2	1	170801	103106.60	108.53657047	34.22324842	27.75	-0.0090	0.0270	-1.0460	3.18	NULL	NULL	0
21178	2	2	1	170801	103106.70	108.53657527	34.22324960	27.75	-0.0540	0.0300	-0.9800	2.93	NULL	NULL	0
21179	2	2	1	170801	103106.80	108.53657696	34.22325008	25.90	-0.0630	0.0630	-1.0480	2.93	NULL	NULL	0
21180	2	2	1	170801	103106.90	108.53658162	34.22325126	25.90	-0.1270	-0.0200	-0.9980	2.93	NULL	NULL	0
21181	2	2	1	170801	103107.00	108.53658648	34.22325247	25.90	-0.0020	0.0150	-0.9840	2.97	NULL	NULL	0
21182	2	2	1	170801	103107.10	108.53659110	34.22325358	25.90	-0.0490	0.0510	-0.9990	2.97	NULL	NULL	0
21183	2	2	1	170801	103107.20	108.53659597	34.22325476	25.90	-0.1060	-0.0280	-1.0370	2.97	NULL	NULL	0
21184	2	2	1	170801	103107.30	108.53660057	34.22325588	25.90	-0.0450	0.0070	-0.9740	3.22	NULL	NULL	0
21185	2	2	1	170801	103107.40	108.53660396	34.22325661	25.90	-0.0450	0.0480	-0.9420	3.22	NULL	NULL	0
21186	2	2	1	170801	103107.50	108.53660855	34.22325767	25.90	-0.0340	-0.0380	-0.9060	3.22	NULL	NULL	0
21187	2	2	1	170801	103107.60	108.53661239	34.22325860	25.90	-0.0710	-0.0020	-0.9200	3.27	NULL	NULL	0
21188	2	2	1	170801	103107.70	108.53661691	34.22325972	25.90	0.0050	-0.0420	-0.9700	3.27	NULL	NULL	0
21189	2	2	1	170801	103107.80	108.53662456	34.22326162	25.90	-0.0200	0.0010	-1.0670	3.27	NULL	NULL	0
21190	2	2	1	170801	103107.90	108.53662909	34.22326280	25.90	-0.0530	-0.0120	-1.0480	3.27	NULL	NULL	0
21191	2	2	1	170801	103108.00	108.53663550	34.22326440	24.05	0.0680	0.0260	-1.0080	3.30	NULL	NULL	0
21192	2	2	1	170801	103108.10	108.53664005	34.22326551	25.90	0.0390	-0.0160	-1.0160	3.30	NULL	NULL	0
21193	2	2	1	170801	103108.20	108.53664309	34.22326623	25.90	-0.0100	-0.0460	-0.9950	3.30	NULL	NULL	0
21194	2	2	1	170801	103108.30	108.53664763	34.22326741	25.90	-0.0070	0.0300	-0.9900	3.57	NULL	NULL	0
21195	2	2	1	170801	103108.40	108.53665359	34.22326892	25.90	-0.0070	-0.0240	-1.0230	3.57	NULL	NULL	0
21196	2	2	1	170801	103108.50	108.53665814	34.22327007	25.90	0.0640	0.0480	-1.0250	3.57	NULL	NULL	0
21197	2	2	1	170801	103108.60	108.53666270	34.22327120	25.90	0.0470	-0.0180	-1.0030	3.78	NULL	NULL	0
21198	2	2	1	170801	103108.70	108.53666729	34.22327238	25.90	0.0790	-0.0510	-1.0180	3.78	NULL	NULL	0
21199	2	2	1	170801	103108.80	108.53667185	34.22327361	25.90	0.0530	0.0170	-0.9920	3.78	NULL	NULL	0
21200	2	2	1	170801	103108.90	108.53667645	34.22327479	25.90	-0.0230	0.0020	-0.9410	3.61	NULL	NULL	0
21201	2	2	1	170801	103109.00	108.53668113	34.22327595	25.90	0.0480	0.0630	-1.0200	3.61	NULL	NULL	0
21202	2	2	1	170801	103109.10	108.53668574	34.22327718	25.90	0.0520	0.0050	-1.0400	3.61	NULL	NULL	0
21203	2	2	1	170801	103109.20	108.53669044	34.22327839	25.90	0.0380	0.0710	-1.0560	3.53	NULL	NULL	0
21204	2	2	1	170801	103109.30	108.53669510	34.22327967	25.90	0.1300	-0.0150	-1.0000	3.53	NULL	NULL	0
21205	2	2	1	170801	103109.40	108.53669983	34.22328088	25.90	0.0310	-0.0410	-0.9790	3.53	NULL	NULL	0
21206	2	2	1	170801	103109.50	108.53670450	34.22328211	25.90	-0.0100	-0.0340	-1.0000	2.44	NULL	NULL	0
21207	2	2	1	170801	103109.60	108.53670921	34.22328335	25.90	0.0140	0.0280	-0.9960	2.44	NULL	NULL	0
21208	2	2	1	170801	103109.70	108.53671395	34.22328463	25.90	-0.0500	-0.0640	-0.9580	2.44	NULL	NULL	0
21209	2	2	1	170801	103109.80	108.53671872	34.22328585	25.90	-0.0180	-0.0400	-0.9770	2.31	NULL	NULL	0
21210	2	2	1	170801	103109.90	108.53672345	34.22328714	25.90	-0.0260	0.0360	-0.9210	2.31	NULL	NULL	0
21211	2	2	1	170801	103110.00	108.53672813	34.22328836	25.90	0.1000	0.0220	-1.0070	2.31	NULL	NULL	0
21212	2	2	1	170801	103110.10	108.53673287	34.22328961	25.90	0.0200	-0.0600	-0.9880	1.81	NULL	NULL	0
21213	2	2	1	170801	103110.20	108.53673766	34.22329091	27.75	0.0350	0.0420	-1.1430	1.81	NULL	NULL	0
21214	2	2	1	170801	103110.30	108.53674238	34.22329216	25.90	0.0210	0.0120	-1.0800	1.81	NULL	NULL	0
21215	2	2	1	170801	103110.40	108.53674733	34.22329343	25.90	-0.0790	0.0040	-1.0500	1.68	NULL	NULL	0
21216	2	2	1	170801	103110.50	108.53675201	34.22329473	25.90	-0.0460	0.0110	-0.9890	1.68	NULL	NULL	0
21217	2	2	1	170801	103110.60	108.53675664	34.22329596	25.90	-0.1080	0.0580	-0.9360	1.68	NULL	NULL	0
21218	2	2	1	170801	103110.70	108.53676126	34.22329714	25.90	-0.1260	0.0120	-1.0290	1.43	NULL	NULL	0
21219	2	2	1	170801	103110.80	108.53676587	34.22329836	25.90	-0.0690	-0.0350	-0.9490	1.43	NULL	NULL	0
21220	2	2	1	170801	103110.90	108.53677040	34.22329963	25.90	0.0860	0.0450	-1.0270	1.43	NULL	NULL	0
21221	2	2	1	170801	103111.00	108.53677497	34.22330084	24.05	-0.1610	0.0420	-1.0800	1.41	NULL	NULL	0
21222	2	2	1	170801	103111.10	108.53677943	34.22330194	24.05	-0.0060	-0.0050	-0.9120	1.41	NULL	NULL	0
21223	2	2	1	170801	103111.20	108.53678394	34.22330312	24.05	0.0500	-0.0390	-0.9970	1.41	NULL	NULL	0
21224	2	2	1	170801	103111.30	108.53678839	34.22330430	24.05	0.0230	-0.0310	-0.9550	1.63	NULL	NULL	0
21225	2	2	1	170801	103111.40	108.53678884	34.22330449	24.05	0.0270	0.0380	-0.9590	1.63	NULL	NULL	0
21226	2	2	1	170801	103111.50	108.53679326	34.22330564	24.05	0.0610	0.0220	-0.9530	1.63	NULL	NULL	0
21227	2	2	1	170801	103111.60	108.53679767	34.22330681	24.05	-0.0350	0.0160	-0.9830	2.75	NULL	NULL	0
21228	2	2	1	170801	103111.70	108.53680206	34.22330796	24.05	0.0100	-0.0030	-1.0220	2.75	NULL	NULL	0
21229	2	2	1	170801	103111.80	108.53680573	34.22330885	24.05	-0.0080	-0.0090	-1.0150	2.75	NULL	NULL	0
21230	2	2	1	170801	103111.90	108.53681012	34.22331002	24.05	0.0640	-0.0590	-1.0130	2.75	NULL	NULL	0
21231	2	2	1	170801	103112.00	108.53681443	34.22331117	24.05	0.0330	0.0190	-1.0180	3.24	NULL	NULL	0
21232	2	2	1	170801	103112.10	108.53681882	34.22331231	24.05	0.0020	0.0170	-0.9830	3.24	NULL	NULL	0
21233	2	2	1	170801	103112.20	108.53682294	34.22331337	24.05	-0.0220	-0.0900	-1.0260	3.24	NULL	NULL	0
21234	2	2	1	170801	103112.30	108.53682725	34.22331454	24.05	-0.0670	-0.0230	-1.0030	3.35	NULL	NULL	0
21235	2	2	1	170801	103112.40	108.53683253	34.22331590	24.05	-0.0380	-0.0180	-1.0290	3.35	NULL	NULL	0
21236	2	2	1	170801	103112.50	108.53683678	34.22331702	24.05	-0.0640	-0.0260	-0.9550	3.35	NULL	NULL	0
21237	2	2	1	170801	103112.60	108.53684197	34.22331844	24.05	-0.0160	-0.0480	-1.0030	3.50	NULL	NULL	0
21238	2	2	1	170801	103112.70	108.53684627	34.22331955	24.05	0.0870	0.0990	-0.9970	3.50	NULL	NULL	0
21239	2	2	1	170801	103112.80	108.53685001	34.22332057	24.05	0.0680	0.0410	-0.9910	3.50	NULL	NULL	0
21240	2	2	1	170801	103112.90	108.53685433	34.22332169	24.05	0.0270	0.0220	-0.9860	3.06	NULL	NULL	0
21241	2	2	1	170801	103113.00	108.53685824	34.22332272	24.05	-0.0030	0.0430	-0.9670	3.06	NULL	NULL	0
21242	2	2	1	170801	103113.10	108.53686254	34.22332385	24.05	0.0100	0.0530	-0.9860	3.06	NULL	NULL	0
21243	2	2	1	170801	103113.20	108.53686564	34.22332466	24.05	-0.0270	-0.0220	-1.0000	2.05	NULL	NULL	0
21244	2	2	1	170801	103113.30	108.53686987	34.22332577	24.05	-0.0360	-0.0360	-0.9240	2.05	NULL	NULL	0
21245	2	2	1	170801	103113.40	108.53687401	34.22332688	24.05	0.0030	0.0720	-1.0000	2.05	NULL	NULL	0
21246	2	2	1	170801	103113.50	108.53687828	34.22332800	24.05	0.0750	0.0320	-0.9970	1.51	NULL	NULL	0
21247	2	2	1	170801	103113.60	108.53688258	34.22332914	24.05	0.0650	0.0430	-0.9910	1.51	NULL	NULL	0
21248	2	2	1	170801	103113.70	108.53688687	34.22333024	24.05	0.0650	0.0410	-1.0060	1.51	NULL	NULL	0
21249	2	2	1	170801	103113.80	108.53689126	34.22333138	24.05	0.1400	-0.0760	-0.9670	1.42	NULL	NULL	0
21250	2	2	1	170801	103113.90	108.53689567	34.22333252	24.05	0.0880	0.0720	-0.9800	1.42	NULL	NULL	0
21251	2	2	1	170801	103114.00	108.53690006	34.22333371	24.05	0.0880	0.0390	-0.9820	1.42	NULL	NULL	0
21252	2	2	1	170801	103114.10	108.53690456	34.22333492	25.90	0.0350	-0.0110	-1.0090	1.42	NULL	NULL	0
21253	2	2	1	170801	103114.20	108.53691162	34.22333671	25.90	0.0810	-0.0300	-0.9600	1.42	NULL	NULL	0
21254	2	2	1	170801	103114.30	108.53691615	34.22333790	25.90	0.0370	0.0300	-0.9160	1.42	NULL	NULL	0
21255	2	2	1	170801	103114.40	108.53692319	34.22333966	25.90	0.0650	0.0150	-0.9310	1.38	NULL	NULL	0
21256	2	2	1	170801	103114.50	108.53692777	34.22334077	25.90	0.0400	-0.0110	-0.9340	1.38	NULL	NULL	0
21257	2	2	1	170801	103114.60	108.53693117	34.22334172	25.90	0.0480	0.0230	-1.0250	1.38	NULL	NULL	0
21258	2	2	1	170801	103114.70	108.53693581	34.22334285	25.90	0.0170	-0.0060	-1.0220	1.22	NULL	NULL	0
21259	2	2	1	170801	103114.80	108.53693886	34.22334266	25.90	0.0960	0.0140	-0.9540	1.22	NULL	NULL	0
21260	2	2	1	170801	103114.90	108.53694352	34.22334388	25.90	0.0510	0.0520	-1.0220	1.22	NULL	NULL	0
21261	2	2	1	170801	103115.00	108.53694857	34.22334400	25.90	0.0140	0.0260	-1.0340	1.16	NULL	NULL	0
21262	2	2	1	170801	103115.10	108.53695327	34.22334519	25.90	-0.0100	0.0260	-0.9850	1.16	NULL	NULL	0
21263	2	2	1	170801	103115.20	108.53695695	34.22334797	25.90	0.0290	-0.0030	-1.0090	1.16	NULL	NULL	0
21264	2	2	1	170801	103115.30	108.53696159	34.22334917	25.90	-0.0460	0.0130	-1.0120	1.15	NULL	NULL	0
21265	2	2	1	170801	103115.40	108.53696982	34.22335128	25.90	0.0270	-0.0320	-1.0080	1.15	NULL	NULL	0
21266	2	2	1	170801	103115.50	108.53697452	34.22335248	25.90	-0.0580	-0.0330	-1.0250	1.15	NULL	NULL	0
21267	2	2	1	170801	103115.60	108.53697942	34.22335123	25.90	0.1050	-0.0430	-1.0540	2.37	NULL	NULL	0
21268	2	2	1	170801	103115.70	108.53698393	34.22335252	25.90	0.0430	0.0420	-1.0790	2.37	NULL	NULL	0
21269	2	2	1	170801	103115.80	108.53698641	34.22335604	25.90	-0.0490	-0.0230	-0.9430	2.37	NULL	NULL	0
21270	2	2	1	170801	103115.90	108.53699103	34.22335733	25.90	-0.3410	-0.3450	-1.5520	2.37	NULL	NULL	0
21271	2	2	1	170801	103116.00	108.53699430	34.22335956	25.90	-0.0840	-0.0160	-1.0890	2.89	NULL	NULL	0
21272	2	2	1	170801	103116.10	108.53699897	34.22336079	25.90	0.1160	0.0030	-1.0460	2.89	NULL	NULL	0
21273	2	2	1	170801	103116.20	108.53700290	34.22336340	25.90	0.0820	0.0500	-1.1760	2.89	NULL	NULL	0
21274	2	2	1	170801	103116.30	108.53700756	34.22336463	25.90	0.0450	-0.0320	-1.0450	2.82	NULL	NULL	0
21275	2	2	1	170801	103116.40	108.53701516	34.22336548	25.90	0.0360	0.0040	-0.9410	2.82	NULL	NULL	0
21276	2	2	1	170801	103116.50	108.53701982	34.22336671	25.90	0.0380	0.0100	-0.9170	2.82	NULL	NULL	0
21277	2	2	1	170801	103116.60	108.53702378	34.22336392	25.90	0.0130	0.0340	-1.0040	1.62	NULL	NULL	0
21278	2	2	1	170801	103116.70	108.53702849	34.22336516	25.90	0.0400	0.0300	-1.0200	1.62	NULL	NULL	0
21279	2	2	1	170801	103116.80	108.53703281	34.22336901	25.90	0.0490	0.0270	-1.0190	1.62	NULL	NULL	0
21280	2	2	1	170801	103116.90	108.53703744	34.22337030	25.90	0.0880	0.0440	-1.0350	1.58	NULL	NULL	0
21281	2	2	1	170801	103117.00	108.53704644	34.22337314	25.90	0.0690	-0.0220	-0.9900	1.58	NULL	NULL	0
21282	2	2	1	170801	103117.10	108.53705137	34.22337449	27.75	0.0340	-0.0150	-0.9670	1.58	NULL	NULL	0
21283	2	2	1	170801	103117.20	108.53705605	34.22337829	27.75	0.0110	-0.0030	-0.9670	1.70	NULL	NULL	0
21284	2	2	1	170801	103117.30	108.53706083	34.22337961	27.75	0.0850	0.0210	-0.9500	1.70	NULL	NULL	0
21285	2	2	1	170801	103117.40	108.53706507	34.22338009	27.75	0.0770	0.0610	-1.0270	1.70	NULL	NULL	0
21286	2	2	1	170801	103117.50	108.53707005	34.22338135	27.75	0.1230	-0.0280	-0.9700	1.93	NULL	NULL	0
21287	2	2	1	170801	103117.60	108.53707000	34.22338051	27.75	0.0120	0.0040	-1.0340	1.93	NULL	NULL	0
21288	2	2	1	170801	103117.70	108.53707508	34.22338190	27.75	0.1340	0.0310	-1.0340	1.93	NULL	NULL	0
21289	2	2	1	170801	103117.80	108.53708383	34.22338192	27.75	0.1420	0.0010	-1.0660	2.34	NULL	NULL	0
21290	2	2	1	170801	103117.90	108.53708897	34.22338325	29.60	0.1320	0.0480	-0.9920	2.34	NULL	NULL	0
21291	2	2	1	170801	103118.00	108.53709456	34.22338570	27.75	0.1190	-0.0350	-0.9920	2.34	NULL	NULL	0
21292	2	2	1	170801	103118.10	108.53709974	34.22338699	29.60	0.0080	0.0150	-1.0130	2.91	NULL	NULL	0
21293	2	2	1	170801	103118.20	108.53710342	34.22338728	29.60	0.0240	-0.0150	-1.0080	2.91	NULL	NULL	0
21294	2	2	1	170801	103118.30	108.53710864	34.22338857	29.60	-0.0410	0.0250	-0.9600	2.91	NULL	NULL	0
21295	2	2	1	170801	103118.40	108.53711346	34.22338925	27.75	0.0070	-0.0240	-0.9570	2.94	NULL	NULL	0
21296	2	2	1	170801	103118.50	108.53711878	34.22339051	29.60	0.0680	0.0040	-1.0070	2.94	NULL	NULL	0
21297	2	2	1	170801	103118.60	108.53712486	34.22339253	29.60	-0.1420	0.0180	-1.0720	2.94	NULL	NULL	0
21298	2	2	1	170801	103118.70	108.53712996	34.22339380	27.75	-0.0330	-0.0390	-0.9840	2.87	NULL	NULL	0
21299	2	2	1	170801	103118.80	108.53713200	34.22339445	29.60	0.0220	0.0010	-0.9500	2.87	NULL	NULL	0
21300	2	2	1	170801	103118.90	108.53713711	34.22339570	27.75	-0.1260	-0.0080	-1.0760	2.87	NULL	NULL	0
21301	2	2	1	170801	103119.00	108.53714062	34.22339667	27.75	-0.0340	-0.0000	-0.9830	2.96	NULL	NULL	0
21302	2	2	1	170801	103119.10	108.53714559	34.22339795	27.75	-0.0070	-0.0350	-0.9260	2.96	NULL	NULL	0
21303	2	2	1	170801	103119.20	108.53715032	34.22339903	27.75	-0.0450	0.0270	-1.0540	2.96	NULL	NULL	0
21304	2	2	1	170801	103119.30	108.53715539	34.22340026	27.75	0.0270	0.0480	-0.9880	2.06	NULL	NULL	0
21305	2	2	1	170801	103119.40	108.53715986	34.22340167	27.75	0.0500	-0.0060	-1.0250	2.06	NULL	NULL	0
21306	2	2	1	170801	103119.50	108.53716477	34.22340291	27.75	0.0010	0.0100	-1.0250	2.06	NULL	NULL	0
21307	2	2	1	170801	103119.60	108.53717036	34.22340446	27.75	0.0000	0.0350	-0.9570	1.46	NULL	NULL	0
21308	2	2	1	170801	103119.70	108.53717526	34.22340567	27.75	-0.0410	-0.0070	-0.9600	1.46	NULL	NULL	0
21309	2	2	1	170801	103119.80	108.53718000	34.22340675	27.75	-0.0460	-0.0420	-0.9950	1.46	NULL	NULL	0
21310	2	2	1	170801	103119.90	108.53718487	34.22340799	27.75	0.0040	0.0340	-1.0130	1.46	NULL	NULL	0
21311	2	2	1	170801	103120.00	108.53719089	34.22340921	27.75	-0.0470	-0.0110	-0.9600	1.32	NULL	NULL	0
21312	2	2	1	170801	103120.10	108.53719567	34.22341042	27.75	0.0650	-0.0690	-1.0250	1.32	NULL	NULL	0
21313	2	2	1	170801	103120.20	108.53720130	34.22341194	25.90	0.0190	0.0020	-1.0180	1.32	NULL	NULL	0
21314	2	2	1	170801	103120.30	108.53720623	34.22341309	27.75	0.1060	-0.0330	-1.0630	1.25	NULL	NULL	0
21315	2	2	1	170801	103120.40	108.53721076	34.22341416	27.75	0.0760	-0.0610	-1.0580	1.25	NULL	NULL	0
21316	2	2	1	170801	103120.50	108.53721559	34.22341539	27.75	0.0310	0.0570	-1.0290	1.25	NULL	NULL	0
21317	2	2	1	170801	103120.60	108.53722215	34.22341697	27.75	0.0070	0.0530	-0.9980	1.23	NULL	NULL	0
21318	2	2	1	170801	103120.70	108.53722704	34.22341823	27.75	0.0010	-0.0840	-0.9380	1.23	NULL	NULL	0
21319	2	2	1	170801	103120.80	108.53723229	34.22341943	24.05	0.0070	0.0560	-0.9830	1.23	NULL	NULL	0
21320	2	2	1	170801	103120.90	108.53723701	34.22342061	24.05	-0.0520	0.0060	-0.9670	1.23	NULL	NULL	0
21321	2	2	1	170801	103121.00	108.53723854	34.22342094	25.90	-0.0130	-0.0030	-1.0300	1.23	NULL	NULL	0
21322	2	2	1	170801	103121.10	108.53724320	34.22342203	25.90	0.0290	0.0060	-1.0200	1.23	NULL	NULL	0
21323	2	2	1	170801	103121.20	108.53724730	34.22342305	25.90	0.0080	-0.0230	-1.0490	1.29	NULL	NULL	0
21324	2	2	1	170801	103121.30	108.53725203	34.22342425	25.90	0.0520	-0.0400	-1.0900	1.29	NULL	NULL	0
21325	2	2	1	170801	103121.40	108.53725661	34.22342541	25.90	0.0370	0.0900	-0.9920	1.29	NULL	NULL	0
21326	2	2	1	170801	103121.50	108.53726138	34.22342663	25.90	-0.0190	-0.0030	-0.9480	1.33	NULL	NULL	0
21327	2	2	1	170801	103121.60	108.53726636	34.22342785	25.90	-0.0650	-0.0760	-0.9170	1.33	NULL	NULL	0
21328	2	2	1	170801	103121.70	108.53727109	34.22342909	25.90	0.0100	0.0110	-1.0380	1.33	NULL	NULL	0
21329	2	2	1	170801	103121.80	108.53727566	34.22343053	25.90	-0.0190	0.0350	-1.0430	1.27	NULL	NULL	0
21330	2	2	1	170801	103121.90	108.53728039	34.22343174	25.90	0.0120	-0.0280	-0.9730	1.27	NULL	NULL	0
21331	2	2	1	170801	103122.00	108.53728558	34.22343281	25.90	0.0380	-0.0110	-0.9360	1.27	NULL	NULL	0
21332	2	2	1	170801	103122.10	108.53729030	34.22343412	25.90	0.0600	0.0590	-0.9580	1.21	NULL	NULL	0
21333	2	2	1	170801	103122.20	108.53729483	34.22343514	25.90	-0.0110	0.0810	-1.0200	1.21	NULL	NULL	0
21334	2	2	1	170801	103122.30	108.53729949	34.22343638	25.90	0.0920	-0.0540	-0.9710	1.21	NULL	NULL	0
21335	2	2	1	170801	103122.40	108.53730757	34.22343843	25.90	0.0270	0.0290	-0.9760	1.26	NULL	NULL	0
21336	2	2	1	170801	103122.50	108.53731231	34.22343971	25.90	0.0800	-0.0030	-1.0810	1.26	NULL	NULL	0
21337	2	2	1	170801	103122.60	108.53732101	34.22344195	27.75	0.0230	0.0470	-0.9420	1.26	NULL	NULL	0
21338	2	2	1	170801	103122.70	108.53732585	34.22344319	25.90	0.0410	-0.0530	-0.9890	1.47	NULL	NULL	0
21339	2	2	1	170801	103122.80	108.53732991	34.22344433	27.75	0.0720	0.0320	-0.9760	1.47	NULL	NULL	0
21340	2	2	1	170801	103122.90	108.53733474	34.22344566	27.75	0.0180	-0.0280	-0.9450	1.47	NULL	NULL	0
21341	2	2	1	170801	103123.00	108.53733842	34.22344658	25.90	0.1000	0.0430	-1.0230	1.81	NULL	NULL	0
21342	2	2	1	170801	103123.10	108.53734328	34.22344788	27.75	-0.0240	-0.0290	-0.9690	1.81	NULL	NULL	0
21343	2	2	1	170801	103123.20	108.53734486	34.22344852	27.75	0.0450	0.0020	-1.0270	1.81	NULL	NULL	0
21344	2	2	1	170801	103123.30	108.53734975	34.22344980	27.75	0.0020	0.0050	-1.0390	1.97	NULL	NULL	0
21345	2	2	1	170801	103123.40	108.53735429	34.22345094	27.75	0.0140	0.0260	-0.9710	1.97	NULL	NULL	0
21346	2	2	1	170801	103123.50	108.53735920	34.22345223	27.75	0.0150	0.0440	-0.9350	1.97	NULL	NULL	0
21347	2	2	1	170801	103123.60	108.53736339	34.22345305	27.75	-0.0150	0.0430	-0.9580	2.10	NULL	NULL	0
21348	2	2	1	170801	103123.70	108.53736818	34.22345428	25.90	0.0130	-0.0040	-0.9240	2.10	NULL	NULL	0
21349	2	2	1	170801	103123.80	108.53737346	34.22345565	27.75	-0.0280	-0.0060	-0.9630	2.10	NULL	NULL	0
21350	2	2	1	170801	103123.90	108.53737836	34.22345690	27.75	0.0170	0.0450	-1.0470	2.10	NULL	NULL	0
21351	2	2	1	170801	103124.00	108.53738299	34.22345800	27.75	-0.0390	-0.0040	-1.0090	2.17	NULL	NULL	0
21352	2	2	1	170801	103124.10	108.53738783	34.22345929	27.75	-0.0700	-0.0400	-0.9760	2.17	NULL	NULL	0
21353	2	2	1	170801	103124.20	108.53739680	34.22346145	27.75	-0.0470	0.0160	-0.9740	2.17	NULL	NULL	0
21354	2	2	1	170801	103124.30	108.53740162	34.22346266	27.75	-0.0900	0.0050	-1.0130	2.24	NULL	NULL	0
21355	2	2	1	170801	103124.40	108.53740417	34.22346336	25.90	0.0420	-0.0460	-0.9530	2.24	NULL	NULL	0
21356	2	2	1	170801	103124.50	108.53740894	34.22346461	25.90	0.0840	0.0680	-1.0000	2.24	NULL	NULL	0
21357	2	2	1	170801	103124.60	108.53741438	34.22346606	25.90	-0.0140	0.0070	-1.0310	2.13	NULL	NULL	0
21358	2	2	1	170801	103124.70	108.53741904	34.22346723	25.90	0.0360	0.0790	-1.0690	2.13	NULL	NULL	0
21359	2	2	1	170801	103124.80	108.53742427	34.22346876	25.90	-0.0170	0.0580	-0.9670	2.13	NULL	NULL	0
21360	2	2	1	170801	103124.90	108.53742896	34.22346997	25.90	-0.0270	0.0190	-0.9470	2.22	NULL	NULL	0
21361	2	2	1	170801	103125.00	108.53743502	34.22347140	25.90	-0.1120	-0.0140	-0.9950	2.22	NULL	NULL	0
21362	2	2	1	170801	103125.10	108.53743967	34.22347260	25.90	0.1170	-0.0190	-0.9370	2.22	NULL	NULL	0
21363	2	2	1	170801	103125.20	108.53744442	34.22347386	25.90	0.0290	0.0150	-1.0050	2.16	NULL	NULL	0
21364	2	2	1	170801	103125.30	108.53744905	34.22347506	25.90	-0.0370	0.0010	-1.1220	2.16	NULL	NULL	0
21365	2	2	1	170801	103125.40	108.53745368	34.22347633	25.90	-0.0260	0.0220	-0.9770	2.16	NULL	NULL	0
21366	2	2	1	170801	103125.50	108.53745827	34.22347749	25.90	-0.0940	0.0010	-1.0110	2.00	NULL	NULL	0
21367	2	2	1	170801	103125.60	108.53746283	34.22347871	25.90	0.0230	0.0450	-0.9990	2.00	NULL	NULL	0
21368	2	2	1	170801	103125.70	108.53746735	34.22347995	25.90	0.0710	0.0190	-1.0000	2.00	NULL	NULL	0
21369	2	2	1	170801	103125.80	108.53747186	34.22348112	24.05	-0.0120	0.0300	-1.0670	1.47	NULL	NULL	0
21370	2	2	1	170801	103125.90	108.53747637	34.22348233	25.90	0.0250	-0.0140	-1.0240	1.47	NULL	NULL	0
21371	2	2	1	170801	103126.00	108.53748087	34.22348367	25.90	-0.0080	0.0110	-0.9660	1.47	NULL	NULL	0
21372	2	2	1	170801	103126.10	108.53748536	34.22348486	25.90	0.0510	0.0530	-0.9580	1.28	NULL	NULL	0
21373	2	2	1	170801	103126.20	108.53749004	34.22348601	25.90	0.0890	0.0660	-0.9840	1.28	NULL	NULL	0
21374	2	2	1	170801	103126.30	108.53749449	34.22348717	24.05	0.0210	0.0810	-0.9620	1.28	NULL	NULL	0
21375	2	2	1	170801	103126.40	108.53749918	34.22348853	24.05	-0.0230	-0.0270	-1.0480	1.21	NULL	NULL	0
21376	2	2	1	170801	103126.50	108.53750365	34.22348972	25.90	-0.0270	0.0500	-1.0430	1.21	NULL	NULL	0
21377	2	2	1	170801	103126.60	108.53750819	34.22349096	24.05	0.0290	-0.0010	-1.0120	1.21	NULL	NULL	0
21378	2	2	1	170801	103126.70	108.53751262	34.22349217	24.05	-0.0040	0.0340	-0.9800	1.21	NULL	NULL	0
21379	2	2	1	170801	103126.80	108.53751712	34.22349326	24.05	0.0450	0.0340	-1.0630	1.21	NULL	NULL	0
21380	2	2	1	170801	103126.90	108.53752161	34.22349440	24.05	0.0310	-0.0300	-1.0710	1.21	NULL	NULL	0
21381	2	2	1	170801	103127.00	108.53752601	34.22349527	24.05	0.0200	-0.0040	-0.9640	1.19	NULL	NULL	0
21382	2	2	1	170801	103127.10	108.53753042	34.22349644	24.05	-0.0800	0.0350	-1.0130	1.19	NULL	NULL	0
21383	2	2	1	170801	103127.20	108.53752974	34.22349668	24.05	-0.0340	0.0030	-0.9780	1.19	NULL	NULL	0
21384	2	2	1	170801	103127.30	108.53753413	34.22349778	24.05	0.0930	-0.0390	-0.9450	1.23	NULL	NULL	0
21385	2	2	1	170801	103127.40	108.53753710	34.22349848	24.05	0.0570	0.0100	-1.0700	1.23	NULL	NULL	0
21386	2	2	1	170801	103127.50	108.53754153	34.22349960	24.05	0.0490	0.0030	-1.0660	1.23	NULL	NULL	0
21387	2	2	1	170801	103127.60	108.53754590	34.22350088	24.05	0.0510	0.0430	-0.9720	1.38	NULL	NULL	0
21388	2	2	1	170801	103127.70	108.53755040	34.22350198	25.90	0.1300	0.0550	-1.0430	1.38	NULL	NULL	0
21389	2	2	1	170801	103127.80	108.53755954	34.22350412	24.05	0.1080	0.0330	-0.9730	1.38	NULL	NULL	0
21390	2	2	1	170801	103127.90	108.53756402	34.22350526	24.05	0.1070	0.0050	-0.9980	1.38	NULL	NULL	0
21391	2	2	1	170801	103128.00	108.53756940	34.22350666	25.90	0.0680	0.0270	-0.9920	2.31	NULL	NULL	0
21392	2	2	1	170801	103128.10	108.53757389	34.22350779	24.05	0.0450	-0.0320	-0.9970	2.31	NULL	NULL	0
21393	2	2	1	170801	103128.20	108.53757871	34.22350886	25.90	0.0510	0.0430	-1.0320	2.31	NULL	NULL	0
21394	2	2	1	170801	103128.30	108.53758326	34.22350996	25.90	-0.0200	0.0260	-1.0120	3.49	NULL	NULL	0
21395	2	2	1	170801	103128.40	108.53758756	34.22351096	25.90	0.1340	-0.0210	-0.9680	3.49	NULL	NULL	0
21396	2	2	1	170801	103128.50	108.53759215	34.22351209	25.90	0.0400	-0.0090	-1.0110	3.49	NULL	NULL	0
21397	2	2	1	170801	103128.60	108.53759504	34.22351268	25.90	-0.0020	0.0390	-1.0490	3.30	NULL	NULL	0
21398	2	2	1	170801	103128.70	108.53759969	34.22351380	25.90	0.0790	-0.0710	-1.0430	3.30	NULL	NULL	0
21399	2	2	1	170801	103128.80	108.53760407	34.22351484	25.90	0.0090	-0.0010	-0.9980	3.30	NULL	NULL	0
21400	2	2	1	170801	103128.90	108.53760881	34.22351590	25.90	0.0390	0.0030	-0.9160	2.41	NULL	NULL	0
21401	2	2	1	170801	103129.00	108.53761426	34.22351733	25.90	-0.0040	-0.0170	-0.9570	2.41	NULL	NULL	0
21402	2	2	1	170801	103129.10	108.53761900	34.22351847	25.90	0.1070	0.0190	-0.9380	2.41	NULL	NULL	0
21403	2	2	1	170801	103129.20	108.53762425	34.22351975	25.90	0.0740	0.0100	-0.9470	2.19	NULL	NULL	0
21404	2	2	1	170801	103129.30	108.53762905	34.22352094	25.90	0.1060	-0.0170	-0.9360	2.19	NULL	NULL	0
21405	2	2	1	170801	103129.40	108.53763301	34.22352189	27.75	0.0440	0.0440	-0.9430	2.19	NULL	NULL	0
21406	2	2	1	170801	103129.50	108.53763794	34.22352306	27.75	0.1090	-0.0370	-1.0060	1.90	NULL	NULL	0
21407	2	2	1	170801	103129.60	108.53764508	34.22352478	27.75	0.1000	-0.0520	-0.9880	1.90	NULL	NULL	0
21408	2	2	1	170801	103129.70	108.53764998	34.22352603	27.75	0.1090	0.0160	-0.9720	1.90	NULL	NULL	0
21409	2	2	1	170801	103129.80	108.53765518	34.22352720	27.75	0.1200	-0.0570	-0.9970	1.71	NULL	NULL	0
21410	2	2	1	170801	103129.90	108.53766023	34.22352845	27.75	0.0790	-0.0260	-0.9690	1.71	NULL	NULL	0
21411	2	2	1	170801	103130.00	108.53766371	34.22352956	27.75	0.0990	0.0340	-1.0970	1.71	NULL	NULL	0
21412	2	2	1	170801	103130.10	108.53766878	34.22353080	27.75	0.0930	0.0510	-0.9260	1.63	NULL	NULL	0
21413	2	2	1	170801	103130.20	108.53767334	34.22353198	27.75	0.0440	0.0450	-0.9500	1.63	NULL	NULL	0
21414	2	2	1	170801	103130.30	108.53767849	34.22353331	29.60	0.0350	0.0150	-0.9470	1.63	NULL	NULL	0
21415	2	2	1	170801	103130.40	108.53768232	34.22353418	29.60	0.0580	0.0350	-0.9770	1.84	NULL	NULL	0
21416	2	2	1	170801	103130.50	108.53768745	34.22353548	27.75	0.0230	-0.0370	-0.9730	1.84	NULL	NULL	0
21417	2	2	1	170801	103130.60	108.53769204	34.22353665	29.60	0.0040	0.0080	-1.0370	1.84	NULL	NULL	0
21418	2	2	1	170801	103130.70	108.53769718	34.22353798	27.75	-0.0030	-0.0270	-1.0080	2.08	NULL	NULL	0
21419	2	2	1	170801	103130.80	108.53770051	34.22353869	29.60	-0.0610	-0.0060	-1.0110	2.08	NULL	NULL	0
21420	2	2	1	170801	103130.90	108.53770568	34.22354004	29.60	-0.0700	-0.0260	-1.0380	2.08	NULL	NULL	0
21421	2	2	1	170801	103131.00	108.53771077	34.22354136	27.75	0.0590	-0.0390	-0.9390	2.85	NULL	NULL	0
21422	2	2	1	170801	103131.10	108.53771585	34.22354270	27.75	-0.0680	-0.0090	-0.9500	2.85	NULL	NULL	0
21423	2	2	1	170801	103131.20	108.53772087	34.22354403	27.75	-0.0150	0.0390	-0.9960	2.85	NULL	NULL	0
21424	2	2	1	170801	103131.30	108.53772587	34.22354536	27.75	-0.0750	-0.0750	-0.9980	3.04	NULL	NULL	0
21425	2	2	1	170801	103131.40	108.53773263	34.22354715	27.75	-0.0490	0.0040	-0.9970	3.04	NULL	NULL	0
21426	2	2	1	170801	103131.50	108.53773753	34.22354845	27.75	-0.0990	-0.0400	-1.0040	3.04	NULL	NULL	0
21427	2	2	1	170801	103131.60	108.53774113	34.22354946	27.75	-0.0860	-0.0480	-0.9890	3.20	NULL	NULL	0
21428	2	2	1	170801	103131.70	108.53774599	34.22355075	27.75	-0.0690	0.0770	-0.9810	3.20	NULL	NULL	0
21429	2	2	1	170801	103131.80	108.53775203	34.22355233	27.75	-0.0200	-0.0050	-0.9770	3.20	NULL	NULL	0
21430	2	2	1	170801	103131.90	108.53775681	34.22355358	25.90	-0.0320	0.0560	-0.9970	3.20	NULL	NULL	0
21431	2	2	1	170801	103132.00	108.53776188	34.22355492	25.90	-0.0530	-0.0220	-1.0050	3.17	NULL	NULL	0
21432	2	2	1	170801	103132.10	108.53776656	34.22355617	25.90	-0.1400	0.0490	-1.0460	3.17	NULL	NULL	0
21433	2	2	1	170801	103132.20	108.53777221	34.22355757	25.90	-0.0750	0.0090	-0.9850	3.17	NULL	NULL	0
21434	2	2	1	170801	103132.30	108.53777678	34.22355881	25.90	0.0260	0.0950	-0.9820	2.80	NULL	NULL	0
21435	2	2	1	170801	103132.40	108.53778451	34.22356087	25.90	-0.0010	-0.0220	-0.9720	2.80	NULL	NULL	0
21436	2	2	1	170801	103132.50	108.53778898	34.22356206	25.90	-0.0270	0.0080	-1.0090	2.80	NULL	NULL	0
21437	2	2	1	170801	103132.60	108.53779124	34.22356258	25.90	0.0010	0.0300	-0.9870	2.82	NULL	NULL	0
21438	2	2	1	170801	103132.70	108.53779579	34.22356380	25.90	-0.0540	0.0080	-0.9600	2.82	NULL	NULL	0
21439	2	2	1	170801	103132.80	108.53779738	34.22356420	24.05	-0.0130	0.0260	-1.0740	2.82	NULL	NULL	0
21440	2	2	1	170801	103132.90	108.53780186	34.22356540	25.90	-0.0560	0.0250	-1.0530	2.74	NULL	NULL	0
21441	2	2	1	170801	103133.00	108.53780607	34.22356641	24.05	-0.0270	-0.0190	-1.0100	2.74	NULL	NULL	0
21442	2	2	1	170801	103133.10	108.53781049	34.22356756	24.05	-0.0420	-0.0260	-0.9690	2.74	NULL	NULL	0
21443	2	2	1	170801	103133.20	108.53781510	34.22356877	24.05	-0.0350	0.0420	-0.9670	1.84	NULL	NULL	0
21444	2	2	1	170801	103133.30	108.53781944	34.22356994	24.05	0.0510	-0.0080	-0.9600	1.84	NULL	NULL	0
21445	2	2	1	170801	103133.40	108.53782383	34.22357114	24.05	-0.0410	-0.0240	-1.0440	1.84	NULL	NULL	0
21446	2	2	1	170801	103133.50	108.53782818	34.22357224	24.05	0.0120	-0.0010	-1.0390	1.72	NULL	NULL	0
21447	2	2	1	170801	103133.60	108.53783121	34.22357313	24.05	0.0070	0.0220	-1.0260	1.72	NULL	NULL	0
21448	2	2	1	170801	103133.70	108.53783555	34.22357430	24.05	0.0330	-0.0750	-0.9970	1.72	NULL	NULL	0
21449	2	2	1	170801	103133.80	108.53783996	34.22357545	24.05	-0.0190	0.0260	-0.9850	1.76	NULL	NULL	0
21450	2	2	1	170801	103133.90	108.53784426	34.22357656	24.05	-0.0150	-0.1140	-0.9830	1.76	NULL	NULL	0
21451	2	2	1	170801	103134.00	108.53784844	34.22357780	24.05	0.0230	-0.0150	-0.9980	1.76	NULL	NULL	0
21452	2	2	1	170801	103134.10	108.53785279	34.22357899	24.05	0.0040	-0.0250	-0.9840	1.75	NULL	NULL	0
21453	2	2	1	170801	103134.20	108.53785726	34.22357999	24.05	-0.0100	0.0110	-0.9580	1.75	NULL	NULL	0
21454	2	2	1	170801	103134.30	108.53786156	34.22358109	24.05	0.0110	0.0400	-1.0150	1.75	NULL	NULL	0
21455	2	2	1	170801	103134.40	108.53786584	34.22358238	24.05	0.0350	0.0230	-1.0230	1.65	NULL	NULL	0
21456	2	2	1	170801	103134.50	108.53787013	34.22358353	24.05	-0.0100	-0.0200	-1.0130	1.65	NULL	NULL	0
21457	2	2	1	170801	103134.60	108.53787732	34.22358545	24.05	0.0340	-0.0310	-1.0730	1.65	NULL	NULL	0
21458	2	2	1	170801	103134.70	108.53788165	34.22358666	24.05	0.0340	0.0290	-1.0280	1.68	NULL	NULL	0
21459	2	2	1	170801	103134.80	108.53788681	34.22358796	24.05	0.0140	-0.0200	-1.0020	1.68	NULL	NULL	0
21460	2	2	1	170801	103134.90	108.53789117	34.22358919	24.05	0.0590	0.0090	-0.9370	1.68	NULL	NULL	0
21461	2	2	1	170801	103135.00	108.53789459	34.22359007	24.05	0.0620	0.0600	-1.0360	1.67	NULL	NULL	0
21462	2	2	1	170801	103135.10	108.53789900	34.22359122	24.05	0.0350	0.0290	-0.9770	1.67	NULL	NULL	0
21463	2	2	1	170801	103135.20	108.53790383	34.22359245	24.05	0.0860	-0.0580	-0.9570	1.67	NULL	NULL	0
21464	2	2	1	170801	103135.30	108.53790828	34.22359366	24.05	0.0260	-0.0450	-1.0250	1.72	NULL	NULL	0
21465	2	2	1	170801	103135.40	108.53791151	34.22359457	25.90	0.0640	-0.0030	-1.0670	1.72	NULL	NULL	0
21466	2	2	1	170801	103135.50	108.53791606	34.22359578	25.90	0.0790	-0.0150	-1.0430	1.72	NULL	NULL	0
21467	2	2	1	170801	103135.60	108.53792412	34.22359789	25.90	0.0720	-0.0240	-0.9860	1.81	NULL	NULL	0
21468	2	2	1	170801	103135.70	108.53792867	34.22359911	25.90	0.0610	-0.0360	-0.9620	1.81	NULL	NULL	0
21469	2	2	1	170801	103135.80	108.53793312	34.22360026	25.90	0.0770	0.0790	-1.0060	1.81	NULL	NULL	0
21470	2	2	1	170801	103135.90	108.53793787	34.22360148	25.90	0.1110	-0.0740	-0.9750	1.81	NULL	NULL	0
21471	2	2	1	170801	103136.00	108.53794241	34.22360247	25.90	0.0890	0.0050	-1.0010	1.86	NULL	NULL	0
21472	2	2	1	170801	103136.10	108.53794715	34.22360362	25.90	0.0920	0.0020	-0.9900	1.86	NULL	NULL	0
21473	2	2	1	170801	103136.20	108.53795269	34.22360492	25.90	0.1550	0.0170	-0.9510	1.86	NULL	NULL	0
21474	2	2	1	170801	103136.30	108.53795754	34.22360618	27.75	0.0810	-0.0250	-0.9860	2.57	NULL	NULL	0
21475	2	2	1	170801	103136.40	108.53796129	34.22360710	27.75	0.0540	-0.0250	-1.0120	2.57	NULL	NULL	0
21476	2	2	1	170801	103136.50	108.53796620	34.22360844	27.75	0.0580	-0.0230	-0.9820	2.57	NULL	NULL	0
21477	2	2	1	170801	103136.60	108.53797019	34.22360982	27.75	0.0820	-0.0110	-0.9400	4.45	NULL	NULL	0
21478	2	2	1	170801	103136.70	108.53797514	34.22361115	27.75	0.0580	0.0140	-1.0210	4.45	NULL	NULL	0
21479	2	2	1	170801	103136.80	108.53798139	34.22361266	27.75	0.1370	-0.0050	-1.0190	4.45	NULL	NULL	0
21480	2	2	1	170801	103136.90	108.53798659	34.22361402	27.75	-0.0270	0.0650	-1.0030	4.13	NULL	NULL	0
21481	2	2	1	170801	103137.00	108.53799249	34.22361547	27.75	0.0300	0.0110	-1.0190	4.13	NULL	NULL	0
21482	2	2	1	170801	103137.10	108.53799752	34.22361680	27.75	0.0350	0.0510	-0.9580	4.13	NULL	NULL	0
21483	2	2	1	170801	103137.20	108.53800257	34.22361791	27.75	-0.0260	0.0210	-1.0260	3.01	NULL	NULL	0
21484	2	2	1	170801	103137.30	108.53800762	34.22361920	27.75	-0.0160	0.0080	-1.0180	3.01	NULL	NULL	0
21485	2	2	1	170801	103137.40	108.53801267	34.22362055	27.75	-0.0260	0.0190	-1.0160	3.01	NULL	NULL	0
21486	2	2	1	170801	103137.50	108.53801773	34.22362182	27.75	-0.0920	-0.0580	-0.9750	2.49	NULL	NULL	0
21487	2	2	1	170801	103137.60	108.53802263	34.22362291	27.75	-0.0940	0.0550	-0.9820	2.49	NULL	NULL	0
21488	2	2	1	170801	103137.70	108.53802765	34.22362412	27.75	0.0120	0.0010	-0.9810	2.49	NULL	NULL	0
21489	2	2	1	170801	103137.80	108.53803260	34.22362533	27.75	-0.0840	-0.0670	-1.0440	2.18	NULL	NULL	0
21490	2	2	1	170801	103137.90	108.53803756	34.22362657	27.75	0.0200	-0.0490	-0.9730	2.18	NULL	NULL	0
21491	2	2	1	170801	103138.00	108.53804245	34.22362777	27.75	-0.0230	-0.1160	-0.9600	2.18	NULL	NULL	0
21492	2	2	1	170801	103138.10	108.53804733	34.22362899	27.75	-0.0830	0.0000	-1.0560	1.98	NULL	NULL	0
21493	2	2	1	170801	103138.20	108.53805228	34.22363041	27.75	0.0270	-0.0310	-0.9230	1.98	NULL	NULL	0
21494	2	2	1	170801	103138.30	108.53805711	34.22363164	27.75	0.0010	0.0030	-0.9620	1.98	NULL	NULL	0
21495	2	2	1	170801	103138.40	108.53806203	34.22363294	27.75	-0.0880	0.0230	-1.0460	1.89	NULL	NULL	0
21496	2	2	1	170801	103138.50	108.53806686	34.22363412	27.75	-0.0290	-0.0410	-1.0070	1.89	NULL	NULL	0
21497	2	2	1	170801	103138.60	108.53807167	34.22363537	25.90	0.0200	0.0370	-1.0250	1.89	NULL	NULL	0
21498	2	2	1	170801	103138.70	108.53807641	34.22363662	25.90	0.0190	0.0080	-0.9290	1.85	NULL	NULL	0
21499	2	2	1	170801	103138.80	108.53808119	34.22363787	25.90	-0.0320	-0.0340	-0.9970	1.85	NULL	NULL	0
21500	2	2	1	170801	103138.90	108.53808591	34.22363908	25.90	-0.0080	0.0030	-1.0350	1.85	NULL	NULL	0
21501	2	2	1	170801	103139.00	108.53809065	34.22364022	25.90	-0.0040	0.0040	-0.9890	1.85	NULL	NULL	0
21502	2	2	1	170801	103139.10	108.53809536	34.22364141	25.90	0.0410	0.0240	-0.9810	1.85	NULL	NULL	0
21503	2	2	1	170801	103139.20	108.53810005	34.22364252	25.90	-0.0290	0.0110	-1.0240	1.85	NULL	NULL	0
21504	2	2	1	170801	103139.30	108.53810472	34.22364374	25.90	0.0390	0.0110	-0.9750	2.66	NULL	NULL	0
21505	2	2	1	170801	103139.40	108.53810944	34.22364488	25.90	-0.0220	0.0020	-0.9980	2.66	NULL	NULL	0
21506	2	2	1	170801	103139.50	108.53811417	34.22364613	25.90	0.0480	0.0070	-0.9710	2.66	NULL	NULL	0
21507	2	2	1	170801	103139.60	108.53811893	34.22364766	25.90	0.0610	-0.0280	-1.0100	3.74	NULL	NULL	0
21508	2	2	1	170801	103139.70	108.53812365	34.22364891	25.90	0.0060	0.0150	-1.0150	3.74	NULL	NULL	0
21509	2	2	1	170801	103139.80	108.53812841	34.22365014	25.90	0.0530	-0.0080	-1.0350	3.74	NULL	NULL	0
21510	2	2	1	170801	103139.90	108.53813317	34.22365139	25.90	0.0510	-0.0270	-1.0150	3.74	NULL	NULL	0
21511	2	2	1	170801	103140.00	108.53813792	34.22365265	25.90	0.0200	0.0210	-1.0100	3.79	NULL	NULL	0
21512	2	2	1	170801	103140.10	108.53814272	34.22365391	27.75	0.1720	-0.0230	-1.0390	3.79	NULL	NULL	0
21513	2	2	1	170801	103140.20	108.53814757	34.22365519	27.75	0.0660	-0.0080	-0.9810	3.79	NULL	NULL	0
21514	2	2	1	170801	103140.30	108.53815240	34.22365649	27.75	0.0390	-0.0340	-1.0610	3.93	NULL	NULL	0
21515	2	2	1	170801	103140.40	108.53815725	34.22365776	27.75	0.0660	-0.0080	-0.9800	3.93	NULL	NULL	0
21516	2	2	1	170801	103140.50	108.53816217	34.22365910	27.75	0.0440	-0.0160	-0.9910	3.93	NULL	NULL	0
21517	2	2	1	170801	103140.60	108.53816715	34.22366038	27.75	0.0140	0.0410	-0.9860	3.99	NULL	NULL	0
21518	2	2	1	170801	103140.70	108.53817207	34.22366160	27.75	0.0880	0.0220	-1.0010	3.99	NULL	NULL	0
21519	2	2	1	170801	103140.80	108.53817705	34.22366298	27.75	0.1110	-0.0100	-1.0430	3.99	NULL	NULL	0
21520	2	2	1	170801	103140.90	108.53818204	34.22366432	27.75	0.0150	-0.0390	-0.9730	3.11	NULL	NULL	0
21521	2	2	1	170801	103141.00	108.53818699	34.22366560	27.75	0.0390	0.0640	-0.9420	3.11	NULL	NULL	0
21522	2	2	1	170801	103141.10	108.53819196	34.22366689	27.75	-0.1040	-0.0060	-0.9510	3.11	NULL	NULL	0
21523	2	2	1	170801	103141.20	108.53819695	34.22366823	27.75	-0.0150	0.0190	-0.9670	2.20	NULL	NULL	0
21524	2	2	1	170801	103141.30	108.53820188	34.22366953	27.75	0.0540	0.0520	-0.9940	2.20	NULL	NULL	0
21525	2	2	1	170801	103141.40	108.53820685	34.22367086	27.75	0.0320	0.0140	-0.9690	2.20	NULL	NULL	0
21526	2	2	1	170801	103141.50	108.53821171	34.22367215	27.75	0.0350	0.0450	-0.9940	1.47	NULL	NULL	0
21527	2	2	1	170801	103141.60	108.53821660	34.22367346	27.75	0.0350	-0.0190	-1.0080	1.47	NULL	NULL	0
21528	2	2	1	170801	103141.70	108.53822152	34.22367477	27.75	-0.1380	-0.0540	-1.0620	1.47	NULL	NULL	0
21529	2	2	1	170801	103141.80	108.53822354	34.22367547	27.75	-0.0660	0.0430	-0.9990	1.45	NULL	NULL	0
21530	2	2	1	170801	103141.90	108.53822842	34.22367678	27.75	0.0380	-0.0210	-0.9790	1.45	NULL	NULL	0
21531	2	2	1	170801	103142.00	108.53823333	34.22367803	27.75	-0.0670	0.0520	-1.0060	1.45	NULL	NULL	0
21532	2	2	1	170801	103142.10	108.53823820	34.22367934	27.75	0.0550	0.0520	-1.0270	1.43	NULL	NULL	0
21533	2	2	1	170801	103142.20	108.53824306	34.22368067	27.75	0.0520	-0.0140	-0.9430	1.43	NULL	NULL	0
21534	2	2	1	170801	103142.30	108.53824793	34.22368197	25.90	-0.0340	0.0020	-0.9330	1.43	NULL	NULL	0
21535	2	2	1	170801	103142.40	108.53825254	34.22368310	27.75	-0.0060	-0.0160	-1.0560	1.29	NULL	NULL	0
21536	2	2	1	170801	103142.50	108.53825741	34.22368440	27.75	0.0210	0.0200	-1.0100	1.29	NULL	NULL	0
21537	2	2	1	170801	103142.60	108.53826433	34.22368624	27.75	0.0200	0.0440	-1.0190	1.29	NULL	NULL	0
21538	2	2	1	170801	103142.70	108.53826918	34.22368751	27.75	0.0520	-0.0310	-1.0190	1.34	NULL	NULL	0
21539	2	2	1	170801	103142.80	108.53827453	34.22368896	27.75	0.0670	0.0400	-1.0150	1.34	NULL	NULL	0
21540	2	2	1	170801	103142.90	108.53827958	34.22369031	27.75	-0.0160	0.0340	-0.9640	1.34	NULL	NULL	0
21541	2	2	1	170801	103143.00	108.53828465	34.22369168	27.75	0.0440	-0.0220	-0.9880	1.52	NULL	NULL	0
21542	2	2	1	170801	103143.10	108.53828956	34.22369299	27.75	0.0940	-0.0030	-0.9310	1.52	NULL	NULL	0
21543	2	2	1	170801	103143.20	108.53829455	34.22369416	27.75	0.0510	0.0220	-1.0090	1.52	NULL	NULL	0
21544	2	2	1	170801	103143.30	108.53829951	34.22369550	27.75	0.0590	0.0190	-1.0000	1.37	NULL	NULL	0
21545	2	2	1	170801	103143.40	108.53830441	34.22369678	27.75	0.0090	0.0750	-1.0040	1.37	NULL	NULL	0
21546	2	2	1	170801	103143.50	108.53830936	34.22369807	27.75	-0.0020	-0.0360	-0.9420	1.37	NULL	NULL	0
21547	2	2	1	170801	103143.60	108.53831453	34.22369934	27.75	0.0390	0.0280	-0.9470	1.26	NULL	NULL	0
21548	2	2	1	170801	103143.70	108.53831944	34.22370064	27.75	0.0100	0.0260	-0.9460	1.26	NULL	NULL	0
21549	2	2	1	170801	103143.80	108.53832415	34.22370199	27.75	-0.0900	-0.0700	-0.9830	1.26	NULL	NULL	0
21550	2	2	1	170801	103143.90	108.53832903	34.22370328	27.75	-0.0400	-0.0240	-0.9370	1.26	NULL	NULL	0
21551	2	2	1	170801	103144.00	108.53833389	34.22370457	27.75	-0.0200	0.0270	-0.9820	1.20	NULL	NULL	0
21552	2	2	1	170801	103144.10	108.53833877	34.22370584	27.75	-0.0830	0.0260	-1.0550	1.20	NULL	NULL	0
21553	2	2	1	170801	103144.20	108.53834358	34.22370717	27.75	0.0240	0.0000	-0.9790	1.20	NULL	NULL	0
21554	2	2	1	170801	103144.30	108.53834841	34.22370846	27.75	-0.0030	-0.0210	-0.9640	1.19	NULL	NULL	0
21555	2	2	1	170801	103144.40	108.53835319	34.22370980	27.75	-0.0020	0.0900	-1.0660	1.19	NULL	NULL	0
21556	2	2	1	170801	103144.50	108.53835799	34.22371110	27.75	0.0260	0.0370	-1.0210	1.19	NULL	NULL	0
21557	2	2	1	170801	103144.60	108.53836269	34.22371227	25.90	0.0770	0.0460	-0.9660	1.30	NULL	NULL	0
21558	2	2	1	170801	103144.70	108.53836746	34.22371361	25.90	0.1000	-0.0310	-0.9440	1.30	NULL	NULL	0
21559	2	2	1	170801	103144.80	108.53837233	34.22371490	25.90	-0.0270	-0.0270	-1.0090	1.30	NULL	NULL	0
21560	2	2	1	170801	103144.90	108.53837713	34.22371620	27.75	-0.0290	-0.0500	-1.0620	2.00	NULL	NULL	0
21561	2	2	1	170801	103145.00	108.53838209	34.22371758	27.75	-0.0150	0.0530	-1.0190	2.00	NULL	NULL	0
21562	2	2	1	170801	103145.10	108.53838687	34.22371883	25.90	0.1070	0.0150	-0.9750	2.00	NULL	NULL	0
21563	2	2	1	170801	103145.20	108.53839181	34.22372015	27.75	0.0800	0.0130	-1.0720	2.20	NULL	NULL	0
21564	2	2	1	170801	103145.30	108.53839666	34.22372145	27.75	0.0460	-0.0120	-1.0160	2.20	NULL	NULL	0
21565	2	2	1	170801	103145.40	108.53840158	34.22372280	27.75	0.0230	-0.0490	-0.9590	2.20	NULL	NULL	0
21566	2	2	1	170801	103145.50	108.53840639	34.22372403	27.75	-0.0380	0.0650	-0.9820	2.27	NULL	NULL	0
21567	2	2	1	170801	103145.60	108.53841127	34.22372532	27.75	-0.0400	0.0070	-0.9930	2.27	NULL	NULL	0
21568	2	2	1	170801	103145.70	108.53841604	34.22372660	25.90	-0.0030	0.0190	-0.9850	2.27	NULL	NULL	0
21569	2	2	1	170801	103145.80	108.53842085	34.22372795	25.90	0.1200	0.0050	-1.0070	2.35	NULL	NULL	0
21570	2	2	1	170801	103145.90	108.53842561	34.22372919	25.90	-0.0690	0.0060	-1.0350	2.35	NULL	NULL	0
21571	2	2	1	170801	103146.00	108.53843038	34.22373042	25.90	0.0370	0.0910	-1.0010	2.35	NULL	NULL	0
21572	2	2	1	170801	103146.10	108.53843509	34.22373169	25.90	0.0110	0.0530	-0.9970	2.49	NULL	NULL	0
21573	2	2	1	170801	103146.20	108.53843985	34.22373272	25.90	-0.0070	-0.0400	-0.9710	2.49	NULL	NULL	0
21574	2	2	1	170801	103146.30	108.53844451	34.22373399	25.90	-0.0090	0.0390	-1.0240	2.49	NULL	NULL	0
21575	2	2	1	170801	103146.40	108.53844916	34.22373526	25.90	0.0450	0.0380	-1.0510	2.36	NULL	NULL	0
21576	2	2	1	170801	103146.50	108.53845382	34.22373650	25.90	-0.0960	0.0080	-1.0170	2.36	NULL	NULL	0
21577	2	2	1	170801	103146.60	108.53845841	34.22373794	25.90	-0.1050	-0.0380	-0.9990	2.36	NULL	NULL	0
21578	2	2	1	170801	103146.70	108.53846294	34.22373917	25.90	-0.0600	0.0320	-1.0730	1.70	NULL	NULL	0
21579	2	2	1	170801	103146.80	108.53846745	34.22374043	25.90	-0.0520	0.0200	-0.9560	1.70	NULL	NULL	0
21580	2	2	1	170801	103146.90	108.53847191	34.22374168	25.90	0.0420	0.0740	-0.9720	1.70	NULL	NULL	0
21581	2	2	1	170801	103147.00	108.53847635	34.22374290	24.05	-0.0440	-0.0720	-1.0140	1.49	NULL	NULL	0
21582	2	2	1	170801	103147.10	108.53848084	34.22374416	25.90	0.0310	-0.0160	-1.0610	1.49	NULL	NULL	0
21583	2	2	1	170801	103147.20	108.53848532	34.22374534	24.05	0.0690	0.1110	-1.0470	1.49	NULL	NULL	0
21584	2	2	1	170801	103147.30	108.53848978	34.22374661	25.90	-0.0130	-0.0510	-0.9890	1.40	NULL	NULL	0
21585	2	2	1	170801	103147.40	108.53849418	34.22374788	24.05	-0.0540	-0.0340	-1.0090	1.40	NULL	NULL	0
21586	2	2	1	170801	103147.50	108.53849862	34.22374916	25.90	-0.0450	0.0290	-0.9670	1.40	NULL	NULL	0
21587	2	2	1	170801	103147.60	108.53850299	34.22375039	24.05	-0.0030	0.0310	-1.0290	1.38	NULL	NULL	0
21588	2	2	1	170801	103147.70	108.53850739	34.22375165	24.05	-0.0260	0.0130	-0.9440	1.38	NULL	NULL	0
21589	2	2	1	170801	103147.80	108.53851182	34.22375303	25.90	0.0600	0.0020	-1.0070	1.38	NULL	NULL	0
21590	2	2	1	170801	103147.90	108.53851617	34.22375428	24.05	0.0170	0.0130	-0.9580	1.38	NULL	NULL	0
21591	2	2	1	170801	103148.00	108.53852060	34.22375554	24.05	0.0460	0.0070	-0.9940	1.23	NULL	NULL	0
21592	2	2	1	170801	103148.10	108.53852501	34.22375688	24.05	0.0510	0.0810	-1.0110	1.23	NULL	NULL	0
21593	2	2	1	170801	103148.20	108.53852946	34.22375815	25.90	0.0780	-0.0190	-0.9590	1.23	NULL	NULL	0
21594	2	2	1	170801	103148.30	108.53853391	34.22375941	25.90	0.0860	0.0650	-0.9990	1.24	NULL	NULL	0
21595	2	2	1	170801	103148.40	108.53853691	34.22376037	25.90	0.1140	0.0220	-1.0480	1.24	NULL	NULL	0
21596	2	2	1	170801	103148.50	108.53854145	34.22376164	25.90	0.0360	0.0080	-1.0100	1.24	NULL	NULL	0
21597	2	2	1	170801	103148.60	108.53854576	34.22376291	25.90	0.1000	-0.0310	-1.0000	1.19	NULL	NULL	0
21598	2	2	1	170801	103148.70	108.53855038	34.22376428	25.90	0.0570	-0.0120	-0.9580	1.19	NULL	NULL	0
21599	2	2	1	170801	103148.80	108.53855514	34.22376559	25.90	0.0430	-0.0130	-0.9730	1.19	NULL	NULL	0
21600	2	2	1	170801	103148.90	108.53855978	34.22376692	25.90	0.1370	-0.0550	-0.9680	1.25	NULL	NULL	0
21601	2	2	1	170801	103149.00	108.53856436	34.22376817	25.90	0.0480	0.0450	-1.0190	1.25	NULL	NULL	0
21602	2	2	1	170801	103149.10	108.53856906	34.22376950	25.90	-0.0080	0.0290	-1.0030	1.25	NULL	NULL	0
21603	2	2	1	170801	103149.20	108.53857346	34.22377083	25.90	0.0360	-0.0160	-1.0010	1.22	NULL	NULL	0
21604	2	2	1	170801	103149.30	108.53857818	34.22377214	25.90	-0.0240	0.0600	-1.0120	1.22	NULL	NULL	0
21605	2	2	1	170801	103149.40	108.53858271	34.22377338	25.90	0.0250	0.0070	-1.0290	1.22	NULL	NULL	0
21606	2	2	1	170801	103149.50	108.53858737	34.22377470	25.90	0.0300	-0.0070	-0.9670	1.23	NULL	NULL	0
21607	2	2	1	170801	103149.60	108.53859225	34.22377605	25.90	0.0150	-0.0580	-0.9850	1.23	NULL	NULL	0
21608	2	2	1	170801	103149.70	108.53859693	34.22377735	25.90	-0.0410	0.0330	-0.9890	1.23	NULL	NULL	0
21609	2	2	1	170801	103149.80	108.53860136	34.22377856	25.90	-0.0200	0.0550	-1.0100	1.89	NULL	NULL	0
21610	2	2	1	170801	103149.90	108.53860604	34.22377987	25.90	0.0260	-0.0070	-0.9890	1.89	NULL	NULL	0
21611	2	2	1	170801	103150.00	108.53861073	34.22378116	25.90	-0.0310	0.0400	-0.9580	1.89	NULL	NULL	0
21612	2	2	1	170801	103150.10	108.53861540	34.22378246	25.90	0.0640	-0.0210	-0.9530	2.20	NULL	NULL	0
21613	2	2	1	170801	103150.20	108.53862004	34.22378374	25.90	0.0220	-0.0350	-0.9990	2.20	NULL	NULL	0
21614	2	2	1	170801	103150.30	108.53862466	34.22378504	25.90	0.0090	0.0500	-1.0420	2.20	NULL	NULL	0
21615	2	2	1	170801	103150.40	108.53862908	34.22378631	25.90	0.0300	0.0650	-1.0000	2.48	NULL	NULL	0
21616	2	2	1	170801	103150.50	108.53863374	34.22378763	25.90	0.0330	-0.0260	-0.9910	2.48	NULL	NULL	0
21617	2	2	1	170801	103150.60	108.53863838	34.22378890	25.90	-0.0080	0.0160	-1.0660	2.48	NULL	NULL	0
21618	2	2	1	170801	103150.70	108.53864294	34.22379018	25.90	0.0650	0.0470	-1.0150	2.49	NULL	NULL	0
21619	2	2	1	170801	103150.80	108.53864749	34.22379150	25.90	0.1420	0.0180	-0.9190	2.49	NULL	NULL	0
21620	2	2	1	170801	103150.90	108.53865212	34.22379282	25.90	0.1370	-0.0180	-1.0590	2.49	NULL	NULL	0
21621	2	2	1	170801	103151.00	108.53865675	34.22379416	25.90	0.2080	0.0570	-1.0450	2.46	NULL	NULL	0
21622	2	2	1	170801	103151.10	108.53866141	34.22379547	25.90	0.0010	-0.0050	-0.9740	2.46	NULL	NULL	0
21623	2	2	1	170801	103151.20	108.53866613	34.22379684	25.90	-0.1090	-0.0590	-1.0150	2.46	NULL	NULL	0
21624	2	2	1	170801	103151.30	108.53867085	34.22379821	25.90	0.1010	-0.0040	-0.9960	2.54	NULL	NULL	0
21625	2	2	1	170801	103151.40	108.53867557	34.22379953	25.90	0.0800	-0.0120	-0.9500	2.54	NULL	NULL	0
21626	2	2	1	170801	103151.50	108.53868034	34.22380090	25.90	0.0650	-0.0100	-1.0300	2.54	NULL	NULL	0
21627	2	2	1	170801	103151.60	108.53868519	34.22380228	27.75	0.1290	0.0300	-1.0080	2.99	NULL	NULL	0
21628	2	2	1	170801	103151.70	108.53868998	34.22380369	27.75	0.0310	0.0030	-1.0040	2.99	NULL	NULL	0
21629	2	2	1	170801	103151.80	108.53869480	34.22380510	27.75	-0.0270	-0.0570	-1.0120	2.99	NULL	NULL	0
21630	2	2	1	170801	103151.90	108.53869962	34.22380650	27.75	0.0050	0.0590	-1.0250	2.99	NULL	NULL	0
21631	2	2	1	170801	103152.00	108.53870440	34.22380789	27.75	-0.0140	-0.0180	-0.9560	3.10	NULL	NULL	0
21632	2	2	1	170801	103152.10	108.53870927	34.22380932	27.75	0.0190	-0.0160	-0.9750	3.10	NULL	NULL	0
21633	2	2	1	170801	103152.20	108.53871409	34.22381075	27.75	0.0160	0.0260	-0.9660	3.10	NULL	NULL	0
21634	2	2	1	170801	103152.30	108.53871898	34.22381220	27.75	0.0000	-0.0180	-0.9940	3.31	NULL	NULL	0
21635	2	2	1	170801	103152.40	108.53872403	34.22381365	27.75	-0.0030	-0.0580	-0.9800	3.31	NULL	NULL	0
21636	2	2	1	170801	103152.50	108.53872888	34.22381509	27.75	-0.0150	0.0120	-1.0120	3.31	NULL	NULL	0
21637	2	2	1	170801	103152.60	108.53873412	34.22381665	27.75	0.0710	-0.0400	-0.9640	3.32	NULL	NULL	0
21638	2	2	1	170801	103152.70	108.53873901	34.22381809	27.75	0.0180	0.0160	-1.0300	3.32	NULL	NULL	0
21639	2	2	1	170801	103152.80	108.53874409	34.22381962	27.75	0.1000	0.0130	-1.0270	3.32	NULL	NULL	0
21640	2	2	1	170801	103152.90	108.53874903	34.22382104	27.75	-0.0600	-0.0100	-0.9920	3.36	NULL	NULL	0
21641	2	2	1	170801	103153.00	108.53875369	34.22382250	27.75	0.0030	-0.0600	-0.9560	3.36	NULL	NULL	0
21642	2	2	1	170801	103153.10	108.53875850	34.22382394	27.75	-0.0210	0.0110	-0.9850	3.36	NULL	NULL	0
21643	2	2	1	170801	103153.20	108.53876329	34.22382546	27.75	-0.0070	-0.0380	-1.0110	1.90	NULL	NULL	0
21644	2	2	1	170801	103153.30	108.53876812	34.22382692	27.75	-0.0090	0.0550	-1.0540	1.90	NULL	NULL	0
21645	2	2	1	170801	103153.40	108.53877310	34.22382837	27.75	-0.0060	0.0010	-0.9950	1.90	NULL	NULL	0
21646	2	2	1	170801	103153.50	108.53877791	34.22382978	27.75	-0.0720	0.0210	-0.9910	1.57	NULL	NULL	0
21647	2	2	1	170801	103153.60	108.53878255	34.22383111	27.75	-0.0440	0.0230	-0.9800	1.57	NULL	NULL	0
21648	2	2	1	170801	103153.70	108.53878739	34.22383247	27.75	-0.0470	0.0170	-1.0100	1.57	NULL	NULL	0
21649	2	2	1	170801	103153.80	108.53879233	34.22383372	27.75	-0.1150	0.0310	-1.0320	1.55	NULL	NULL	0
21650	2	2	1	170801	103153.90	108.53879709	34.22383505	25.90	-0.0310	0.0300	-1.0320	1.55	NULL	NULL	0
21651	2	2	1	170801	103154.00	108.53880337	34.22383667	25.90	-0.1200	0.0580	-0.9450	1.55	NULL	NULL	0
21652	2	2	1	170801	103154.10	108.53880804	34.22383794	25.90	0.0260	0.0500	-0.9370	1.39	NULL	NULL	0
21653	2	2	1	170801	103154.20	108.53881267	34.22383921	25.90	-0.0910	-0.0120	-1.0010	1.39	NULL	NULL	0
21654	2	2	1	170801	103154.30	108.53881733	34.22384047	25.90	-0.0250	0.0040	-1.0080	1.39	NULL	NULL	0
21655	2	2	1	170801	103154.40	108.53882155	34.22384153	25.90	-0.0380	0.0770	-0.9890	1.36	NULL	NULL	0
21656	2	2	1	170801	103154.50	108.53882618	34.22384275	25.90	0.0020	-0.0050	-0.9470	1.36	NULL	NULL	0
21657	2	2	1	170801	103154.60	108.53883072	34.22384400	25.90	-0.0090	-0.0330	-1.0370	1.36	NULL	NULL	0
21658	2	2	1	170801	103154.70	108.53883532	34.22384523	25.90	-0.0460	0.0460	-0.9810	1.23	NULL	NULL	0
21659	2	2	1	170801	103154.80	108.53883991	34.22384647	25.90	-0.0190	0.0260	-1.0160	1.23	NULL	NULL	0
21660	2	2	1	170801	103154.90	108.53884446	34.22384772	25.90	-0.0200	-0.0190	-1.0310	1.23	NULL	NULL	0
21661	2	2	1	170801	103155.00	108.53884908	34.22384894	25.90	0.0050	0.0250	-0.9980	1.20	NULL	NULL	0
21662	2	2	1	170801	103155.10	108.53885369	34.22385016	25.90	-0.0080	-0.0320	-0.9970	1.20	NULL	NULL	0
21663	2	2	1	170801	103155.20	108.53885802	34.22385131	25.90	0.0330	-0.0090	-1.0180	1.20	NULL	NULL	0
21664	2	2	1	170801	103155.30	108.53886254	34.22385254	25.90	0.0090	0.0430	-0.9970	1.30	NULL	NULL	0
21665	2	2	1	170801	103155.40	108.53886709	34.22385382	25.90	-0.0210	-0.0460	-0.9480	1.30	NULL	NULL	0
21666	2	2	1	170801	103155.50	108.53887160	34.22385505	25.90	-0.0680	0.0280	-0.9810	1.30	NULL	NULL	0
21667	2	2	1	170801	103155.60	108.53887609	34.22385629	25.90	-0.0170	-0.0370	-1.0420	0.00	NULL	NULL	0
21668	2	2	1	170801	103155.70	108.53888063	34.22385753	25.90	-0.0190	0.0060	-0.9830	0.00	NULL	NULL	0
21669	2	2	1	170801	103155.80	108.53888511	34.22385874	25.90	-0.0230	0.0660	-1.0540	0.00	NULL	NULL	0
21670	2	2	1	170801	103155.90	108.53888958	34.22386000	25.90	0.0700	0.0600	-0.9930	0.00	NULL	NULL	0
21671	2	2	1	170801	103156.00	108.53889405	34.22386123	25.90	0.0870	0.0560	-0.9490	0.00	NULL	NULL	0
21672	2	2	1	170801	103156.10	108.53889851	34.22386247	25.90	0.0350	0.0010	-1.0460	0.00	NULL	NULL	0
21673	2	2	1	170801	103156.20	108.53890308	34.22386373	25.90	0.0480	-0.0260	-1.0670	0.00	NULL	NULL	0
21674	2	2	1	170801	103156.30	108.53890758	34.22386502	25.90	0.0040	0.0170	-1.0030	1.38	NULL	NULL	0
21675	2	2	1	170801	103156.40	108.53891215	34.22386627	25.90	-0.0200	-0.0010	-1.0580	1.38	NULL	NULL	0
21676	2	2	1	170801	103156.50	108.53891673	34.22386758	25.90	0.0490	-0.0540	-0.9630	1.38	NULL	NULL	0
21677	2	2	1	170801	103156.60	108.53892139	34.22386892	25.90	0.0450	0.0590	-0.9830	1.35	NULL	NULL	0
21678	2	2	1	170801	103156.70	108.53892601	34.22387024	25.90	0.0490	-0.0230	-0.9870	1.35	NULL	NULL	0
21679	2	2	1	170801	103156.80	108.53893064	34.22387157	25.90	0.0670	-0.0290	-1.0260	1.35	NULL	NULL	0
21680	2	2	1	170801	103156.90	108.53893529	34.22387293	25.90	0.0170	-0.0460	-0.9910	1.34	NULL	NULL	0
21681	2	2	1	170801	103157.00	108.53893996	34.22387436	25.90	0.0620	0.0140	-1.0310	1.34	NULL	NULL	0
21682	2	2	1	170801	103157.10	108.53894464	34.22387574	25.90	0.0110	-0.0360	-1.0090	1.34	NULL	NULL	0
21683	2	2	1	170801	103157.20	108.53894935	34.22387708	25.90	-0.0130	-0.0120	-0.9590	1.45	NULL	NULL	0
21684	2	2	1	170801	103157.30	108.53895404	34.22387849	25.90	0.0280	0.0130	-0.9710	1.45	NULL	NULL	0
21685	2	2	1	170801	103157.40	108.53895868	34.22387987	25.90	0.0820	0.0770	-0.9950	1.45	NULL	NULL	0
21686	2	2	1	170801	103157.50	108.53896335	34.22388127	25.90	0.0230	-0.0340	-1.0460	2.24	NULL	NULL	0
21687	2	2	1	170801	103157.60	108.53896809	34.22388266	25.90	-0.0210	-0.0620	-1.0710	2.24	NULL	NULL	0
21688	2	2	1	170801	103157.70	108.53897277	34.22388409	25.90	-0.0220	-0.0210	-1.0000	2.24	NULL	NULL	0
21689	2	2	1	170801	103157.80	108.53897744	34.22388555	25.90	0.0370	-0.0040	-0.9400	2.98	NULL	NULL	0
21690	2	2	1	170801	103157.90	108.53898208	34.22388695	25.90	-0.0100	-0.0080	-0.9600	2.98	NULL	NULL	0
21691	2	2	1	170801	103158.00	108.53898672	34.22388842	25.90	0.0180	0.0600	-1.0530	2.98	NULL	NULL	0
21692	2	2	1	170801	103158.10	108.53899135	34.22388984	25.90	0.0360	0.0270	-0.9990	3.57	NULL	NULL	0
21693	2	2	1	170801	103158.20	108.53899600	34.22389128	25.90	-0.0910	0.0580	-1.0270	3.57	NULL	NULL	0
21694	2	2	1	170801	103158.30	108.53900065	34.22389262	25.90	-0.0610	-0.0310	-1.0080	3.57	NULL	NULL	0
21695	2	2	1	170801	103158.40	108.53900511	34.22389398	25.90	-0.0840	0.0700	-0.9210	3.43	NULL	NULL	0
21696	2	2	1	170801	103158.50	108.53900962	34.22389534	25.90	-0.0470	-0.0280	-0.9370	3.43	NULL	NULL	0
21697	2	2	1	170801	103158.60	108.53901408	34.22389661	25.90	-0.0240	-0.0110	-0.9890	3.43	NULL	NULL	0
21698	2	2	1	170801	103158.70	108.53901858	34.22389793	25.90	0.0110	-0.0150	-1.0510	3.51	NULL	NULL	0
21699	2	2	1	170801	103158.80	108.53902306	34.22389916	25.90	0.0320	0.0030	-1.0420	3.51	NULL	NULL	0
21700	2	2	1	170801	103158.90	108.53902752	34.22390046	25.90	0.0040	0.0010	-1.0330	3.51	NULL	NULL	0
21701	2	2	1	170801	103159.00	108.53903197	34.22390175	25.90	-0.0110	0.0720	-0.9650	3.94	NULL	NULL	0
21702	2	2	1	170801	103159.10	108.53903641	34.22390301	24.05	-0.0340	0.0830	-0.9240	3.94	NULL	NULL	0
21703	2	2	1	170801	103159.20	108.53904085	34.22390433	25.90	0.0380	-0.0080	-0.9830	3.94	NULL	NULL	0
21704	2	2	1	170801	103159.30	108.53904521	34.22390559	24.05	0.0790	-0.0240	-0.9730	4.05	NULL	NULL	0
21705	2	2	1	170801	103159.40	108.53904962	34.22390686	24.05	0.0250	-0.0070	-0.9950	4.05	NULL	NULL	0
21706	2	2	1	170801	103159.50	108.53905398	34.22390813	24.05	0.0060	-0.0290	-1.0630	4.05	NULL	NULL	0
21707	2	2	1	170801	103159.60	108.53905838	34.22390956	24.05	-0.0180	0.0560	-1.0280	3.64	NULL	NULL	0
21708	2	2	1	170801	103159.70	108.53906274	34.22391081	24.05	0.0590	0.0290	-1.0160	3.64	NULL	NULL	0
21709	2	2	1	170801	103159.80	108.53906716	34.22391208	24.05	-0.0020	-0.0140	-0.9630	3.64	NULL	NULL	0
21710	2	2	1	170801	103159.90	108.53907158	34.22391337	24.05	0.0070	0.0180	-0.9670	3.64	NULL	NULL	0
21711	2	2	1	170801	103200.00	108.53907589	34.22391465	24.05	0.0720	0.0850	-0.9790	2.39	NULL	NULL	0
21712	2	2	1	170801	103200.10	108.53908038	34.22391593	25.90	0.0480	0.0030	-0.9920	2.39	NULL	NULL	0
21713	2	2	1	170801	103200.20	108.53908476	34.22391718	24.05	0.0370	-0.0390	-1.1110	2.39	NULL	NULL	0
21714	2	2	1	170801	103200.30	108.53908919	34.22391848	24.05	0.0050	0.0220	-1.0510	2.22	NULL	NULL	0
21715	2	2	1	170801	103200.40	108.53909155	34.22391917	24.05	-0.0500	0.0130	-0.9220	2.22	NULL	NULL	0
21716	2	2	1	170801	103200.50	108.53909597	34.22392039	24.05	0.0340	0.0030	-0.9990	2.22	NULL	NULL	0
21717	2	2	1	170801	103200.60	108.53910246	34.22392219	25.90	0.0520	-0.0400	-0.9440	1.98	NULL	NULL	0
21718	2	2	1	170801	103200.70	108.53910684	34.22392340	24.05	0.0650	0.0420	-1.0330	1.98	NULL	NULL	0
21719	2	2	1	170801	103200.80	108.53911135	34.22392468	25.90	0.0230	-0.0210	-0.9600	1.98	NULL	NULL	0
21720	2	2	1	170801	103200.90	108.53911571	34.22392597	24.05	0.0400	0.0330	-1.0350	1.81	NULL	NULL	0
21721	2	2	1	170801	103201.00	108.53912020	34.22392755	25.90	0.0760	-0.0090	-1.0100	1.81	NULL	NULL	0
21722	2	2	1	170801	103201.10	108.53912469	34.22392879	25.90	-0.0130	-0.0100	-1.0280	1.81	NULL	NULL	0
21723	2	2	1	170801	103201.20	108.53912917	34.22393010	25.90	-0.0250	-0.0010	-1.0460	1.86	NULL	NULL	0
21724	2	2	1	170801	103201.30	108.53913366	34.22393145	25.90	-0.0190	0.0190	-0.9310	1.86	NULL	NULL	0
21725	2	2	1	170801	103201.40	108.53913810	34.22393272	25.90	-0.0690	-0.0100	-0.9950	1.86	NULL	NULL	0
21726	2	2	1	170801	103201.50	108.53914258	34.22393400	25.90	0.0270	-0.0960	-0.9460	1.75	NULL	NULL	0
21727	2	2	1	170801	103201.60	108.53914701	34.22393532	25.90	0.0060	-0.0330	-0.9970	1.75	NULL	NULL	0
21728	2	2	1	170801	103201.70	108.53915149	34.22393667	25.90	0.0340	-0.0120	-0.9960	1.75	NULL	NULL	0
21729	2	2	1	170801	103201.80	108.53915593	34.22393801	25.90	0.0700	-0.0550	-0.9670	2.37	NULL	NULL	0
21730	2	2	1	170801	103201.90	108.53916040	34.22393930	25.90	0.0380	-0.0000	-1.0760	2.37	NULL	NULL	0
21731	2	2	1	170801	103202.00	108.53916486	34.22394047	25.90	-0.0290	-0.0100	-1.0380	2.37	NULL	NULL	0
21732	2	2	1	170801	103202.10	108.53916931	34.22394178	25.90	-0.0230	0.0370	-1.0530	2.97	NULL	NULL	0
21733	2	2	1	170801	103202.20	108.53917376	34.22394309	25.90	-0.0060	-0.0230	-0.9560	2.97	NULL	NULL	0
21734	2	2	1	170801	103202.30	108.53917820	34.22394438	25.90	0.0580	0.0790	-0.9870	2.97	NULL	NULL	0
21735	2	2	1	170801	103202.40	108.53918259	34.22394584	24.05	0.0530	0.0170	-1.0070	3.22	NULL	NULL	0
21736	2	2	1	170801	103202.50	108.53918704	34.22394717	25.90	-0.0160	-0.0800	-0.9480	3.22	NULL	NULL	0
21737	2	2	1	170801	103202.60	108.53919142	34.22394853	24.05	0.0590	-0.0690	-0.9850	3.22	NULL	NULL	0
21738	2	2	1	170801	103202.70	108.53919585	34.22394987	25.90	-0.0120	0.0070	-0.9410	3.59	NULL	NULL	0
21739	2	2	1	170801	103202.80	108.53920033	34.22395124	25.90	-0.0020	-0.0770	-0.9470	3.59	NULL	NULL	0
21740	2	2	1	170801	103202.90	108.53920475	34.22395260	25.90	0.0380	-0.0290	-0.9610	3.59	NULL	NULL	0
21741	2	2	1	170801	103203.00	108.53920921	34.22395386	25.90	0.0530	0.0130	-1.0120	3.84	NULL	NULL	0
21742	2	2	1	170801	103203.10	108.53921364	34.22395523	25.90	0.1180	-0.0410	-0.9230	3.84	NULL	NULL	0
21743	2	2	1	170801	103203.20	108.53921821	34.22395663	25.90	0.0150	-0.0600	-0.9730	3.84	NULL	NULL	0
21744	2	2	1	170801	103203.30	108.53922268	34.22395800	25.90	-0.0210	0.0530	-1.2670	3.44	NULL	NULL	0
21745	2	2	1	170801	103203.40	108.53922745	34.22395958	25.90	0.0330	0.0710	-0.9810	3.44	NULL	NULL	0
21746	2	2	1	170801	103203.50	108.53923196	34.22396099	25.90	0.0630	-0.0360	-0.9270	3.44	NULL	NULL	0
21747	2	2	1	170801	103203.60	108.53923657	34.22396251	25.90	0.0070	-0.0890	-0.9420	2.43	NULL	NULL	0
21748	2	2	1	170801	103203.70	108.53924107	34.22396388	25.90	0.0660	0.0800	-1.0330	2.43	NULL	NULL	0
21749	2	2	1	170801	103203.80	108.53924551	34.22396533	25.90	0.0830	-0.0410	-1.0340	2.43	NULL	NULL	0
21750	2	2	1	170801	103203.90	108.53925009	34.22396675	25.90	0.1110	-0.0190	-1.0740	2.43	NULL	NULL	0
21751	2	2	1	170801	103204.00	108.53925466	34.22396815	25.90	0.0480	0.0120	-0.9730	1.96	NULL	NULL	0
21752	2	2	1	170801	103204.10	108.53925933	34.22396962	25.90	0.0500	-0.0120	-0.9720	1.96	NULL	NULL	0
21753	2	2	1	170801	103204.20	108.53926398	34.22397123	25.90	0.0320	-0.0550	-0.9150	1.96	NULL	NULL	0
21754	2	2	1	170801	103204.30	108.53926863	34.22397270	25.90	0.0330	0.0070	-0.9010	1.91	NULL	NULL	0
21755	2	2	1	170801	103204.40	108.53927333	34.22397409	25.90	0.0320	-0.0170	-0.9970	1.91	NULL	NULL	0
21756	2	2	1	170801	103204.50	108.53927800	34.22397554	25.90	0.0290	-0.0310	-1.0010	1.91	NULL	NULL	0
21757	2	2	1	170801	103204.60	108.53928266	34.22397700	25.90	0.1560	0.0400	-1.0500	1.94	NULL	NULL	0
21758	2	2	1	170801	103204.70	108.53928740	34.22397845	27.75	0.0470	0.0860	-1.0140	1.94	NULL	NULL	0
21759	2	2	1	170801	103204.80	108.53929207	34.22397967	25.90	0.0740	0.0830	-1.0860	1.94	NULL	NULL	0
21760	2	2	1	170801	103204.90	108.53929677	34.22398111	25.90	-0.0400	0.0860	-1.0030	2.31	NULL	NULL	0
21761	2	2	1	170801	103205.00	108.53930158	34.22398281	27.75	-0.0220	0.0520	-1.0680	2.31	NULL	NULL	0
21762	2	2	1	170801	103205.10	108.53930630	34.22398426	27.75	0.0690	-0.0080	-0.9530	2.31	NULL	NULL	0
21763	2	2	1	170801	103205.20	108.53931088	34.22398580	27.75	0.0210	0.0570	-1.0790	2.51	NULL	NULL	0
21764	2	2	1	170801	103205.30	108.53931562	34.22398719	27.75	-0.0760	0.0390	-1.0670	2.51	NULL	NULL	0
21765	2	2	1	170801	103205.40	108.53932057	34.22398871	27.75	0.0730	0.0010	-0.9980	2.51	NULL	NULL	0
21766	2	2	1	170801	103205.50	108.53932526	34.22399002	25.90	0.0260	0.0250	-0.9860	2.69	NULL	NULL	0
21767	2	2	1	170801	103205.60	108.53932999	34.22399149	27.75	-0.0050	-0.0540	-0.9920	2.69	NULL	NULL	0
21768	2	2	1	170801	103205.70	108.53933473	34.22399289	27.75	0.0360	0.0690	-1.0740	2.69	NULL	NULL	0
21769	2	2	1	170801	103205.80	108.53933944	34.22399423	27.75	0.0070	0.0440	-0.9540	2.70	NULL	NULL	0
21770	2	2	1	170801	103205.90	108.53934419	34.22399564	27.75	-0.0240	0.0000	-1.0100	2.70	NULL	NULL	0
21771	2	2	1	170801	103206.00	108.53934892	34.22399699	27.75	-0.0310	-0.0400	-1.0060	2.70	NULL	NULL	0
21772	2	2	1	170801	103206.10	108.53935369	34.22399842	27.75	0.0540	0.0200	-1.0180	2.77	NULL	NULL	0
21773	2	2	1	170801	103206.20	108.53935842	34.22399977	27.75	-0.0080	-0.0360	-1.0300	2.77	NULL	NULL	0
21774	2	2	1	170801	103206.30	108.53936317	34.22400121	27.75	0.0230	0.0500	-1.0120	2.77	NULL	NULL	0
21775	2	2	1	170801	103206.40	108.53936791	34.22400265	27.75	0.0380	0.0210	-0.9990	1.84	NULL	NULL	0
21776	2	2	1	170801	103206.50	108.53937267	34.22400404	27.75	0.0580	0.0470	-1.0350	1.84	NULL	NULL	0
21777	2	2	1	170801	103206.60	108.53937742	34.22400549	27.75	0.0440	-0.0080	-0.9720	1.84	NULL	NULL	0
21778	2	2	1	170801	103206.70	108.53938220	34.22400696	27.75	0.0680	-0.0070	-1.0520	1.90	NULL	NULL	0
21779	2	2	1	170801	103206.80	108.53938697	34.22400840	27.75	0.0580	-0.0380	-0.9380	1.90	NULL	NULL	0
21780	2	2	1	170801	103206.90	108.53939172	34.22400980	27.75	0.0220	0.0630	-0.9650	1.90	NULL	NULL	0
21781	2	2	1	170801	103207.00	108.53939647	34.22401124	27.75	0.0530	-0.0060	-1.0100	1.86	NULL	NULL	0
21782	2	2	1	170801	103207.10	108.53940124	34.22401263	27.75	-0.0110	-0.0310	-0.9890	1.86	NULL	NULL	0
21783	2	2	1	170801	103207.20	108.53940598	34.22401402	27.75	0.0240	0.0150	-1.0600	1.86	NULL	NULL	0
21784	2	2	1	170801	103207.30	108.53941072	34.22401553	27.75	-0.0100	0.0440	-1.0160	2.62	NULL	NULL	0
21785	2	2	1	170801	103207.40	108.53941545	34.22401686	25.90	0.0560	-0.0330	-0.9340	2.62	NULL	NULL	0
21786	2	2	1	170801	103207.50	108.53942022	34.22401830	27.75	0.0210	-0.0310	-0.9430	2.62	NULL	NULL	0
21787	2	2	1	170801	103207.60	108.53942498	34.22401962	27.75	0.0270	0.0180	-0.9820	3.05	NULL	NULL	0
21788	2	2	1	170801	103207.70	108.53942974	34.22402109	27.75	-0.0320	-0.0210	-0.9590	3.05	NULL	NULL	0
21789	2	2	1	170801	103207.80	108.53943451	34.22402246	27.75	-0.0300	0.0400	-1.0080	3.05	NULL	NULL	0
21790	2	2	1	170801	103207.90	108.53943923	34.22402382	25.90	0.0450	-0.0100	-0.9490	3.05	NULL	NULL	0
21791	2	2	1	170801	103208.00	108.53944402	34.22402528	27.75	0.0070	-0.0240	-1.0250	3.08	NULL	NULL	0
21792	2	2	1	170801	103208.10	108.53944876	34.22402672	27.75	-0.0070	0.0080	-1.0540	3.08	NULL	NULL	0
21793	2	2	1	170801	103208.20	108.53945349	34.22402818	25.90	0.0810	-0.0330	-1.0060	3.08	NULL	NULL	0
21794	2	2	1	170801	103208.30	108.53945825	34.22402965	27.75	-0.0410	-0.0180	-0.9850	1.87	NULL	NULL	0
21795	2	2	1	170801	103208.40	108.53946298	34.22403116	27.75	0.0130	0.0020	-1.0090	1.87	NULL	NULL	0
21796	2	2	1	170801	103208.50	108.53946770	34.22403265	27.75	0.0240	-0.0270	-1.0060	1.87	NULL	NULL	0
21797	2	2	1	170801	103208.60	108.53947245	34.22403415	27.75	0.0090	-0.0630	-1.0360	1.95	NULL	NULL	0
21798	2	2	1	170801	103208.70	108.53947717	34.22403564	27.75	-0.0180	-0.1020	-1.0090	1.95	NULL	NULL	0
21799	2	2	1	170801	103208.80	108.53948192	34.22403713	27.75	0.0260	0.0280	-1.0060	1.95	NULL	NULL	0
21800	2	2	1	170801	103208.90	108.53948663	34.22403863	27.75	-0.0580	0.0370	-0.9810	1.83	NULL	NULL	0
21801	2	2	1	170801	103209.00	108.53949135	34.22404011	27.75	-0.0150	-0.0630	-0.9810	1.83	NULL	NULL	0
21802	2	2	1	170801	103209.10	108.53949604	34.22404163	25.90	0.0510	-0.0630	-0.9900	1.83	NULL	NULL	0
21803	2	2	1	170801	103209.20	108.53950074	34.22404314	25.90	-0.0060	-0.0530	-1.0340	1.69	NULL	NULL	0
21804	2	2	1	170801	103209.30	108.53950547	34.22404469	27.75	-0.0140	0.0130	-1.0470	1.69	NULL	NULL	0
21805	2	2	1	170801	103209.40	108.53951018	34.22404619	27.75	0.0150	0.0360	-1.0470	1.69	NULL	NULL	0
21806	2	2	1	170801	103209.50	108.53951489	34.22404774	27.75	0.0030	-0.0030	-0.9970	1.65	NULL	NULL	0
21807	2	2	1	170801	103209.60	108.53951961	34.22404925	27.75	-0.0230	-0.0020	-0.9140	1.65	NULL	NULL	0
21808	2	2	1	170801	103209.70	108.53952433	34.22405080	27.75	0.0430	0.0450	-1.0130	1.65	NULL	NULL	0
21809	2	2	1	170801	103209.80	108.53952903	34.22405230	27.75	0.0370	0.0210	-0.9260	1.81	NULL	NULL	0
21810	2	2	1	170801	103209.90	108.53953371	34.22405388	27.75	0.0450	0.0170	-0.9660	1.81	NULL	NULL	0
21811	2	2	1	170801	103210.00	108.53953851	34.22405544	27.75	-0.0180	-0.0300	-1.0080	1.81	NULL	NULL	0
21812	2	2	1	170801	103210.10	108.53954323	34.22405696	27.75	-0.0350	0.0780	-1.0260	2.00	NULL	NULL	0
21813	2	2	1	170801	103210.20	108.53954793	34.22405853	27.75	0.0590	-0.0050	-1.0070	2.00	NULL	NULL	0
21814	2	2	1	170801	103210.30	108.53955266	34.22406002	27.75	0.0130	0.0400	-0.9650	2.00	NULL	NULL	0
21815	2	2	1	170801	103210.40	108.53955738	34.22406159	27.75	0.0620	-0.0150	-1.0480	1.90	NULL	NULL	0
21816	2	2	1	170801	103210.50	108.53956208	34.22406306	25.90	0.0270	0.0290	-1.0410	1.90	NULL	NULL	0
21817	2	2	1	170801	103210.60	108.53956718	34.22406394	27.75	-0.0300	0.0600	-1.0860	1.90	NULL	NULL	0
21818	2	2	1	170801	103210.70	108.53957188	34.22406542	25.90	-0.0840	0.0550	-1.0830	3.02	NULL	NULL	0
21819	2	2	1	170801	103210.80	108.53957657	34.22406696	25.90	-0.0530	0.0630	-1.0050	3.02	NULL	NULL	0
21820	2	2	1	170801	103210.90	108.53958122	34.22406837	25.90	0.0340	0.0060	-0.8910	3.02	NULL	NULL	0
21821	2	2	1	170801	103211.00	108.53958583	34.22406986	25.90	-0.0060	-0.0410	-0.9370	3.82	NULL	NULL	0
21822	2	2	1	170801	103211.10	108.53959040	34.22407131	25.90	-0.0200	0.0450	-1.0230	3.82	NULL	NULL	0
21823	2	2	1	170801	103211.20	108.53959500	34.22407271	25.90	-0.0370	0.0300	-0.9790	3.82	NULL	NULL	0
21824	2	2	1	170801	103211.30	108.53959959	34.22407410	25.90	0.0000	0.0270	-1.0150	3.98	NULL	NULL	0
21825	2	2	1	170801	103211.40	108.53960371	34.22407639	25.90	0.0290	-0.0700	-0.9630	3.98	NULL	NULL	0
21826	2	2	1	170801	103211.50	108.53960820	34.22407782	25.90	0.0090	0.0420	-0.9240	3.98	NULL	NULL	0
21827	2	2	1	170801	103211.60	108.53961277	34.22407921	25.90	-0.0140	-0.0300	-0.9930	1.96	NULL	NULL	0
21828	2	2	1	170801	103211.70	108.53961725	34.22408062	25.90	-0.0380	0.0120	-0.9950	1.96	NULL	NULL	0
21829	2	2	1	170801	103211.80	108.53962174	34.22408205	25.90	-0.0090	0.0230	-1.0050	1.96	NULL	NULL	0
21830	2	2	1	170801	103211.90	108.53962620	34.22408347	25.90	0.0160	-0.0470	-0.9840	1.96	NULL	NULL	0
21831	2	2	1	170801	103212.00	108.53963070	34.22408489	25.90	-0.0280	-0.0190	-0.9950	1.58	NULL	NULL	0
21832	2	2	1	170801	103212.10	108.53963516	34.22408631	25.90	0.0400	0.0690	-0.9750	1.58	NULL	NULL	0
21833	2	2	1	170801	103212.20	108.53963963	34.22408772	25.90	0.0740	0.0110	-0.9820	1.58	NULL	NULL	0
21834	2	2	1	170801	103212.30	108.53964408	34.22408917	25.90	0.0470	0.0110	-1.0220	1.41	NULL	NULL	0
21835	2	2	1	170801	103212.40	108.53964855	34.22409060	25.90	0.0550	0.0020	-1.0580	1.41	NULL	NULL	0
21836	2	2	1	170801	103212.50	108.53965301	34.22409202	25.90	0.0430	-0.0010	-0.9950	1.41	NULL	NULL	0
21837	2	2	1	170801	103212.60	108.53965749	34.22409347	25.90	0.0240	0.0280	-1.0250	1.35	NULL	NULL	0
21838	2	2	1	170801	103212.70	108.53966196	34.22409492	25.90	0.0450	-0.0740	-0.9610	1.35	NULL	NULL	0
21839	2	2	1	170801	103212.80	108.53966644	34.22409638	25.90	-0.0070	-0.0060	-1.0070	1.35	NULL	NULL	0
21840	2	2	1	170801	103212.90	108.53967088	34.22409785	25.90	0.0010	-0.0420	-0.9910	1.17	NULL	NULL	0
21841	2	2	1	170801	103213.00	108.53967531	34.22409929	25.90	0.0570	-0.0120	-1.0080	1.17	NULL	NULL	0
21842	2	2	1	170801	103213.10	108.53967980	34.22410078	25.90	0.0400	-0.0030	-1.0170	1.17	NULL	NULL	0
21843	2	2	1	170801	103213.20	108.53968429	34.22410227	25.90	0.0210	-0.0300	-0.9750	1.22	NULL	NULL	0
21844	2	2	1	170801	103213.30	108.53968879	34.22410376	25.90	0.0310	-0.0130	-1.0290	1.22	NULL	NULL	0
21845	2	2	1	170801	103213.40	108.53969329	34.22410528	25.90	0.0060	0.0290	-0.9720	1.22	NULL	NULL	0
21846	2	2	1	170801	103213.50	108.53969780	34.22410683	25.90	0.0440	-0.0570	-0.9990	2.44	NULL	NULL	0
21847	2	2	1	170801	103213.60	108.53970241	34.22410837	25.90	0.0390	-0.0830	-1.0000	2.44	NULL	NULL	0
21848	2	2	1	170801	103213.70	108.53970694	34.22410993	25.90	0.0590	0.0360	-1.0470	2.44	NULL	NULL	0
21849	2	2	1	170801	103213.80	108.53971009	34.22411117	25.90	0.0240	0.0310	-1.0310	3.09	NULL	NULL	0
21850	2	2	1	170801	103213.90	108.53971469	34.22411271	25.90	0.0260	-0.0450	-0.9750	3.09	NULL	NULL	0
21851	2	2	1	170801	103214.00	108.53971887	34.22411415	25.90	-0.0100	0.0390	-1.0080	3.09	NULL	NULL	0
21852	2	2	1	170801	103214.10	108.53972347	34.22411572	27.75	0.0370	0.0070	-0.9650	3.12	NULL	NULL	0
21853	2	2	1	170801	103214.20	108.53972956	34.22411754	25.90	0.0490	0.0030	-0.9840	3.12	NULL	NULL	0
21854	2	2	1	170801	103214.30	108.53973418	34.22411908	25.90	0.0910	0.0400	-0.9960	3.12	NULL	NULL	0
21855	2	2	1	170801	103214.40	108.53973840	34.22412030	27.75	0.0660	-0.0130	-1.0600	3.30	NULL	NULL	0
21856	2	2	1	170801	103214.50	108.53974311	34.22412190	27.75	0.0690	0.0720	-1.0600	3.30	NULL	NULL	0
21857	2	2	1	170801	103214.60	108.53974780	34.22412364	27.75	0.0560	0.0090	-0.9820	3.30	NULL	NULL	0
21858	2	2	1	170801	103214.70	108.53975255	34.22412522	27.75	0.1080	0.0380	-0.9780	1.87	NULL	NULL	0
21859	2	2	1	170801	103214.80	108.53975615	34.22412645	27.75	0.0060	0.0000	-0.9470	1.87	NULL	NULL	0
21860	2	2	1	170801	103214.90	108.53976086	34.22412800	27.75	0.0440	-0.0170	-1.0040	1.87	NULL	NULL	0
21861	2	2	1	170801	103215.00	108.53976603	34.22412965	27.75	0.0230	0.0430	-1.0140	1.72	NULL	NULL	0
21862	2	2	1	170801	103215.10	108.53977078	34.22413132	27.75	0.0440	-0.0340	-1.0440	1.72	NULL	NULL	0
21863	2	2	1	170801	103215.20	108.53977578	34.22413280	25.90	-0.0370	0.0710	-1.0330	1.72	NULL	NULL	0
21864	2	2	1	170801	103215.30	108.53978067	34.22413438	27.75	-0.0150	0.0110	-0.9440	1.48	NULL	NULL	0
21865	2	2	1	170801	103215.40	108.53978294	34.22413545	27.75	0.0400	-0.0370	-0.9580	1.48	NULL	NULL	0
21866	2	2	1	170801	103215.50	108.53978765	34.22413700	27.75	0.0540	0.0680	-0.9940	1.48	NULL	NULL	0
21867	2	2	1	170801	103215.60	108.53979190	34.22413844	27.75	-0.0890	-0.0880	-1.0400	1.35	NULL	NULL	0
21868	2	2	1	170801	103215.70	108.53979665	34.22414000	27.75	-0.0570	-0.0400	-1.0120	1.35	NULL	NULL	0
21869	2	2	1	170801	103215.80	108.53980511	34.22414210	27.75	-0.0650	0.0390	-0.9730	1.35	NULL	NULL	0
21870	2	2	1	170801	103215.90	108.53980987	34.22414364	27.75	0.0160	-0.0110	-1.0230	1.35	NULL	NULL	0
21871	2	2	1	170801	103216.00	108.53981222	34.22414480	27.75	-0.0320	0.0130	-0.9460	1.40	NULL	NULL	0
21872	2	2	1	170801	103216.10	108.53981690	34.22414634	27.75	-0.0130	-0.0070	-0.9390	1.40	NULL	NULL	0
21873	2	2	1	170801	103216.20	108.53982322	34.22414811	25.90	-0.0020	-0.0730	-0.9800	1.40	NULL	NULL	0
21874	2	2	1	170801	103216.30	108.53982784	34.22414962	25.90	-0.0340	0.0050	-1.0200	1.28	NULL	NULL	0
21875	2	2	1	170801	103216.40	108.53983162	34.22415102	25.90	-0.0350	-0.0140	-1.0170	1.28	NULL	NULL	0
21876	2	2	1	170801	103216.50	108.53983630	34.22415257	27.75	0.0510	0.0170	-1.0360	1.28	NULL	NULL	0
21877	2	2	1	170801	103216.60	108.53984260	34.22415432	25.90	0.0390	-0.0200	-0.9990	1.15	NULL	NULL	0
21878	2	2	1	170801	103216.70	108.53984721	34.22415586	25.90	0.0470	-0.0380	-1.0120	1.15	NULL	NULL	0
21879	2	2	1	170801	103216.80	108.53984901	34.22415713	25.90	0.0280	0.0150	-1.0260	1.15	NULL	NULL	0
21880	2	2	1	170801	103216.90	108.53985367	34.22415865	25.90	-0.0290	0.0550	-1.0590	1.24	NULL	NULL	0
21881	2	2	1	170801	103217.00	108.53986121	34.22416058	25.90	0.0470	0.0140	-1.0500	1.24	NULL	NULL	0
21882	2	2	1	170801	103217.10	108.53986577	34.22416213	25.90	-0.0940	-0.0320	-1.0200	1.24	NULL	NULL	0
21883	2	2	1	170801	103217.20	108.53986994	34.22416361	25.90	-0.0160	0.0320	-0.9920	1.29	NULL	NULL	0
21884	2	2	1	170801	103217.30	108.53987462	34.22416517	27.75	-0.0080	0.0310	-0.9150	1.29	NULL	NULL	0
21885	2	2	1	170801	103217.40	108.53987953	34.22416671	25.90	-0.0980	-0.0630	-0.9710	1.29	NULL	NULL	0
21886	2	2	1	170801	103217.50	108.53988409	34.22416823	25.90	-0.0060	0.0030	-0.9890	1.22	NULL	NULL	0
21887	2	2	1	170801	103217.60	108.53988866	34.22416975	25.90	-0.0080	0.0000	-0.9640	1.22	NULL	NULL	0
21888	2	2	1	170801	103217.70	108.53989307	34.22417123	25.90	0.0300	0.0330	-0.9450	1.22	NULL	NULL	0
21889	2	2	1	170801	103217.80	108.53989724	34.22417257	25.90	0.0090	-0.0100	-1.0020	1.27	NULL	NULL	0
21890	2	2	1	170801	103217.90	108.53990170	34.22417407	25.90	0.0230	-0.0170	-1.0060	1.27	NULL	NULL	0
21891	2	2	1	170801	103218.00	108.53990326	34.22417527	25.90	0.0300	0.0120	-0.9900	1.27	NULL	NULL	0
21892	2	2	1	170801	103218.10	108.53990771	34.22417680	25.90	-0.0600	0.0640	-0.9770	1.26	NULL	NULL	0
21893	2	2	1	170801	103218.20	108.53991214	34.22417817	25.90	-0.0330	0.0620	-1.0400	1.26	NULL	NULL	0
21894	2	2	1	170801	103218.30	108.53991664	34.22417966	25.90	0.1040	0.0090	-0.9710	1.26	NULL	NULL	0
21895	2	2	1	170801	103218.40	108.53991964	34.22418098	25.90	-0.0200	-0.0600	-0.9860	1.29	NULL	NULL	0
21896	2	2	1	170801	103218.50	108.53992411	34.22418249	25.90	0.0750	0.0520	-1.0520	1.29	NULL	NULL	0
21897	2	2	1	170801	103218.60	108.53992866	34.22418411	25.90	0.0740	-0.0160	-0.9390	1.29	NULL	NULL	0
21898	2	2	1	170801	103218.70	108.53993318	34.22418562	25.90	0.0460	-0.0070	-0.9530	2.14	NULL	NULL	0