2282	4	2	1	170803	082435.10	108.53602977	34.22312373	25.90	0.0910	0.0320	-1.0270	1.97	NULL	NULL	0
2283	4	2	1	170803	082435.20	108.53603439	34.22312470	25.90	0.0680	0.0100	-1.0030	104.36	NULL	NULL	0
2284	4	2	1	170803	082435.30	108.53603910	34.22312575	25.90	0.1100	-0.0470	-0.9720	104.36	NULL	NULL	0
2285	4	2	1	170803	082435.40	108.53604374	34.22312673	25.90	0.0520	0.0150	-0.9940	104.36	NULL	NULL	0
2286	4	2	1	170803	082435.50	108.53604847	34.22312780	25.90	0.0950	-0.0120	-1.0160	20.69	NULL	NULL	0
2287	4	2	1	170803	082435.60	108.53605320	34.22312895	25.90	0.0040	0.0150	-0.9700	20.69	NULL	NULL	0
2288	4	2	1	170803	082435.70	108.53605793	34.22313008	25.90	0.0450	-0.0150	-0.9550	20.69	NULL	NULL	0
2289	4	2	1	170803	082435.80	108.53606247	34.22313130	25.90	-0.0270	-0.0150	-1.0000	2.14	NULL	NULL	0
2290	4	2	1	170803	082435.90	108.53606716	34.22313234	25.90	0.0020	-0.0210	-1.0440	2.14	NULL	NULL	0
2291	4	2	1	170803	082436.00	108.53607181	34.22313342	25.90	-0.0710	-0.0290	-1.0140	2.14	NULL	NULL	0
2292	4	2	1	170803	082436.10	108.53607655	34.22313458	25.90	0.0750	0.0040	-0.9570	2.14	NULL	NULL	0
2293	4	2	1	170803	082436.20	108.53608122	34.22313570	25.90	-0.0690	0.0090	-1.0410	2.90	NULL	NULL	0
2294	4	2	1	170803	082436.30	108.53608591	34.22313683	25.90	-0.0430	-0.0100	-0.9720	2.90	NULL	NULL	0
2295	4	2	1	170803	082436.40	108.53609056	34.22313793	25.90	0.0110	0.0470	-0.9980	3.53	NULL	NULL	0
2296	4	2	1	170803	082436.50	108.53609520	34.22313898	25.90	-0.0810	0.0120	-1.0390	3.53	NULL	NULL	0
2297	4	2	1	170803	082436.60	108.53610007	34.22314135	25.90	-0.0240	0.0130	-0.9940	3.53	NULL	NULL	0
2298	4	2	1	170803	082436.70	108.53610469	34.22314249	25.90	-0.0930	0.0610	-0.9310	3.53	NULL	NULL	0
2299	4	2	1	170803	082436.80	108.53610945	34.22314210	25.90	-0.1070	-0.0600	-1.0310	3.54	NULL	NULL	0
2300	4	2	1	170803	082436.90	108.53611396	34.22314311	24.05	-0.1420	0.1010	-1.0190	3.54	NULL	NULL	0
2301	4	2	1	170803	082437.00	108.53611848	34.22314416	25.90	-0.0140	0.0830	-1.0050	3.28	NULL	NULL	0
2302	4	2	1	170803	082437.10	108.53612296	34.22314515	24.05	0.0190	0.0490	-0.9490	3.28	NULL	NULL	0
2303	4	2	1	170803	082437.20	108.53612750	34.22314677	25.90	-0.0220	-0.0270	-0.9870	3.28	NULL	NULL	0
2304	4	2	1	170803	082437.30	108.53613190	34.22314786	24.05	0.0260	0.0370	-1.0100	3.28	NULL	NULL	0
2305	4	2	1	170803	082437.40	108.53613638	34.22314832	24.05	-0.0110	-0.0490	-0.9310	3.01	NULL	NULL	0
2306	4	2	1	170803	082437.50	108.53614085	34.22314936	24.05	-0.0810	0.0360	-0.9660	3.01	NULL	NULL	0
2307	4	2	1	170803	082437.60	108.53614529	34.22315073	24.05	-0.0190	0.0070	-1.0090	3.01	NULL	NULL	0
2308	4	2	1	170803	082437.70	108.53614964	34.22315186	24.05	0.0220	0.0020	-0.9420	3.88	NULL	NULL	0
2309	4	2	1	170803	082437.80	108.53615405	34.22315312	24.05	0.0110	-0.0210	-0.9880	3.88	NULL	NULL	0
2310	4	2	1	170803	082437.90	108.53615847	34.22315410	24.05	0.0610	-0.0300	-0.9690	3.88	NULL	NULL	0
2311	4	2	1	170803	082438.00	108.53616272	34.22315526	24.05	0.0640	0.0270	-1.0770	4.64	NULL	NULL	0
2312	4	2	1	170803	082438.10	108.53616710	34.22315634	24.05	-0.0140	-0.0240	-0.9750	4.64	NULL	NULL	0
2313	4	2	1	170803	082438.20	108.53617029	34.22315873	24.05	0.0220	0.0160	-0.9900	4.64	NULL	NULL	0
2314	4	2	1	170803	082438.30	108.53617471	34.22315980	24.05	0.0600	0.0060	-0.9770	5.33	NULL	NULL	0
2315	4	2	1	170803	082438.40	108.53617930	34.22316072	24.05	0.0190	-0.0230	-1.0150	5.33	NULL	NULL	0
2316	4	2	1	170803	082438.50	108.53618383	34.22316179	25.90	0.0710	0.0300	-0.9880	5.33	NULL	NULL	0
2317	4	2	1	170803	082438.60	108.53618945	34.22316157	25.90	0.0570	-0.0200	-1.0140	4.12	NULL	NULL	0
2318	4	2	1	170803	082438.70	108.53619405	34.22316270	25.90	0.0690	-0.0600	-0.9520	4.12	NULL	NULL	0
2319	4	2	1	170803	082438.80	108.53619844	34.22316418	25.90	0.0250	-0.0100	-1.0070	4.12	NULL	NULL	0
2320	4	2	1	170803	082438.90	108.53620306	34.22316530	25.90	0.0920	0.0170	-0.9930	3.40	NULL	NULL	0
2321	4	2	1	170803	082439.00	108.53620732	34.22316660	25.90	0.0450	0.0040	-0.9750	3.40	NULL	NULL	0
2322	4	2	1	170803	082439.10	108.53621198	34.22316775	25.90	-0.0010	0.0140	-0.9900	3.40	NULL	NULL	0
2323	4	2	1	170803	082439.20	108.53621701	34.22316868	25.90	0.0590	0.0060	-0.9860	2.59	NULL	NULL	0
2324	4	2	1	170803	082439.30	108.53622169	34.22316981	25.90	-0.0180	-0.0280	-1.0580	2.59	NULL	NULL	0
2325	4	2	1	170803	082439.40	108.53622612	34.22317101	25.90	-0.0460	-0.0280	-1.0390	2.59	NULL	NULL	0
2326	4	2	1	170803	082439.50	108.53623079	34.22317220	25.90	-0.0190	0.0280	-0.9750	2.45	NULL	NULL	0
2327	4	2	1	170803	082439.60	108.53623551	34.22317330	25.90	-0.0300	-0.0250	-0.9920	2.45	NULL	NULL	0
2328	4	2	1	170803	082439.70	108.53624022	34.22317441	25.90	0.0420	0.0060	-0.9540	2.45	NULL	NULL	0
2329	4	2	1	170803	082439.80	108.53624482	34.22317584	25.90	0.0580	0.0130	-0.9490	2.73	NULL	NULL	0
2330	4	2	1	170803	082439.90	108.53624948	34.22317699	25.90	0.1130	-0.0080	-0.9770	2.73	NULL	NULL	0
2331	4	2	1	170803	082440.00	108.53625401	34.22317844	25.90	-0.0040	-0.0280	-1.0320	2.73	NULL	NULL	0
2332	4	2	1	170803	082440.10	108.53625865	34.22317960	25.90	-0.0140	0.0130	-0.9810	2.73	NULL	NULL	0
2333	4	2	1	170803	082440.20	108.53626320	34.22318076	25.90	0.0020	-0.0000	-0.9750	2.46	NULL	NULL	0
2334	4	2	1	170803	082440.30	108.53626780	34.22318193	25.90	0.0240	0.0420	-0.9840	2.46	NULL	NULL	0
2335	4	2	1	170803	082440.40	108.53627242	34.22318317	25.90	0.0030	-0.0320	-0.9720	2.25	NULL	NULL	0
2336	4	2	1	170803	082440.50	108.53627705	34.22318431	25.90	0.0850	0.0130	-0.9670	2.25	NULL	NULL	0
2337	4	2	1	170803	082440.60	108.53628187	34.22318564	25.90	0.0110	0.0400	-0.9840	2.25	NULL	NULL	0
2338	4	2	1	170803	082440.70	108.53628643	34.22318679	25.90	0.0600	-0.0370	-1.0260	2.25	NULL	NULL	0
2339	4	2	1	170803	082440.80	108.53629134	34.22318752	25.90	0.0430	-0.0500	-0.9860	2.02	NULL	NULL	0
2340	4	2	1	170803	082440.90	108.53629594	34.22318867	25.90	-0.0300	0.0410	-1.0050	2.02	NULL	NULL	0
2341	4	2	1	170803	082441.00	108.53630066	34.22318975	25.90	-0.0080	0.0270	-1.0040	1.94	NULL	NULL	0
2342	4	2	1	170803	082441.10	108.53630525	34.22319090	25.90	-0.0550	0.0050	-0.9820	1.94	NULL	NULL	0
2343	4	2	1	170803	082441.20	108.53630985	34.22319144	24.05	-0.0040	0.0100	-1.0060	1.94	NULL	NULL	0
2344	4	2	1	170803	082441.30	108.53631438	34.22319251	25.90	0.0180	0.0050	-1.0110	1.94	NULL	NULL	0
2345	4	2	1	170803	082441.40	108.53631947	34.22319399	25.90	0.0250	-0.0180	-1.0470	1.94	NULL	NULL	0
2346	4	2	1	170803	082441.50	108.53632394	34.22319514	24.05	-0.0710	0.0000	-1.0350	1.94	NULL	NULL	0
2347	4	2	1	170803	082441.60	108.53632839	34.22319737	24.05	-0.0810	-0.0050	-1.0170	1.94	NULL	NULL	0
2348	4	2	1	170803	082441.70	108.53633288	34.22319845	24.05	-0.0240	0.0480	-0.9590	2.39	NULL	NULL	0
2349	4	2	1	170803	082441.80	108.53633812	34.22320027	24.05	-0.0510	0.0070	-0.9940	2.39	NULL	NULL	0
2350	4	2	1	170803	082441.90	108.53634253	34.22320133	24.05	0.0580	0.0300	-0.9620	2.39	NULL	NULL	0
2351	4	2	1	170803	082442.00	108.53634703	34.22320247	24.05	-0.0520	-0.0140	-1.0070	2.44	NULL	NULL	0
2352	4	2	1	170803	082442.10	108.53635138	34.22320357	24.05	-0.0000	-0.0500	-1.0170	2.44	NULL	NULL	0
2353	4	2	1	170803	082442.20	108.53635593	34.22320458	24.05	0.0800	0.0160	-1.0220	2.44	NULL	NULL	0
2354	4	2	1	170803	082442.30	108.53636031	34.22320564	24.05	-0.0910	-0.0280	-1.0200	2.45	NULL	NULL	0
2355	4	2	1	170803	082442.40	108.53636477	34.22320677	24.05	-0.0510	0.0150	-1.0080	2.45	NULL	NULL	0
2356	4	2	1	170803	082442.50	108.53636916	34.22320779	24.05	-0.0280	-0.0080	-1.0180	2.45	NULL	NULL	0
2357	4	2	1	170803	082442.60	108.53637324	34.22320868	24.05	-0.1250	-0.0590	-0.9530	2.80	NULL	NULL	0
2358	4	2	1	170803	082442.70	108.53637754	34.22320978	24.05	-0.0680	0.0340	-0.9290	2.80	NULL	NULL	0
2359	4	2	1	170803	082442.80	108.53638167	34.22321046	24.05	-0.0590	0.0190	-0.9270	2.80	NULL	NULL	0
2360	4	2	1	170803	082442.90	108.53638595	34.22321155	24.05	0.0080	0.0020	-1.0590	3.21	NULL	NULL	0
2361	4	2	1	170803	082443.00	108.53639016	34.22321261	24.05	0.0970	-0.0570	-0.9170	3.21	NULL	NULL	0
2362	4	2	1	170803	082443.10	108.53639446	34.22321370	24.05	0.0260	0.0040	-1.0860	3.21	NULL	NULL	0
2363	4	2	1	170803	082443.20	108.53639722	34.22321281	24.05	0.0720	0.0010	-1.0760	20.69	NULL	NULL	0
2364	4	2	1	170803	082443.30	108.53640161	34.22321396	24.05	-0.0400	0.0480	-1.0190	20.69	NULL	NULL	0
2365	4	2	1	170803	082443.40	108.53640614	34.22321526	24.05	0.0050	-0.0080	-1.0010	20.69	NULL	NULL	0
2366	4	2	1	170803	082443.50	108.53641054	34.22321639	24.05	0.1170	0.0310	-0.9810	4.09	NULL	NULL	0
2367	4	2	1	170803	082443.60	108.53641543	34.22321820	24.05	0.1020	0.0260	-0.9150	4.09	NULL	NULL	0
2368	4	2	1	170803	082443.70	108.53641989	34.22321936	24.05	0.0790	0.0110	-1.0000	4.09	NULL	NULL	0
2369	4	2	1	170803	082443.80	108.53642477	34.22322105	24.05	0.1350	-0.0520	-0.9560	4.06	NULL	NULL	0
2370	4	2	1	170803	082443.90	108.53642930	34.22322223	25.90	0.0500	-0.0140	-0.9920	4.06	NULL	NULL	0
2371	4	2	1	170803	082444.00	108.53643397	34.22322336	25.90	0.0770	-0.0140	-1.0540	4.06	NULL	NULL	0
2372	4	2	1	170803	082444.10	108.53643866	34.22322457	25.90	0.1020	0.0150	-0.9560	4.06	NULL	NULL	0
2373	4	2	1	170803	082444.20	108.53644284	34.22322489	25.90	0.1290	-0.0480	-0.9930	3.23	NULL	NULL	0
2374	4	2	1	170803	082444.30	108.53644758	34.22322613	25.90	0.0790	-0.0020	-0.9850	3.23	NULL	NULL	0
2375	4	2	1	170803	082444.40	108.53645234	34.22322738	25.90	0.1000	0.0110	-1.0260	4.21	NULL	NULL	0
2376	4	2	1	170803	082444.50	108.53645718	34.22322860	27.75	0.0940	-0.0400	-0.9660	4.21	NULL	NULL	0
2377	4	2	1	170803	082444.60	108.53646247	34.22323060	27.75	0.0310	-0.0450	-1.0820	4.21	NULL	NULL	0
2378	4	2	1	170803	082444.70	108.53646734	34.22323192	27.75	-0.0310	-0.0140	-1.0870	4.21	NULL	NULL	0
2379	4	2	1	170803	082444.80	108.53647261	34.22323360	27.75	0.0430	-0.0770	-1.0590	5.72	NULL	NULL	0
2380	4	2	1	170803	082444.90	108.53647753	34.22323489	27.75	0.0620	-0.0580	-1.0190	5.72	NULL	NULL	0
2381	4	2	1	170803	082445.00	108.53648257	34.22323644	27.75	0.0490	-0.0230	-1.0000	5.69	NULL	NULL	0
2382	4	2	1	170803	082445.10	108.53648757	34.22323769	27.75	0.0220	-0.0160	-1.0040	5.69	NULL	NULL	0
2383	4	2	1	170803	082445.20	108.53649252	34.22323896	27.75	-0.0490	-0.0230	-1.0340	5.69	NULL	NULL	0
2384	4	2	1	170803	082445.30	108.53649749	34.22324024	27.75	0.0800	-0.0330	-1.0110	5.69	NULL	NULL	0
2385	4	2	1	170803	082445.40	108.53650284	34.22324221	27.75	-0.0160	-0.0140	-0.9740	4.43	NULL	NULL	0
2386	4	2	1	170803	082445.50	108.53650785	34.22324351	27.75	0.0340	0.0350	-0.9990	4.43	NULL	NULL	0
2387	4	2	1	170803	082445.60	108.53651289	34.22324487	27.75	-0.0210	-0.0260	-0.9700	4.43	NULL	NULL	0
2388	4	2	1	170803	082445.70	108.53651788	34.22324622	27.75	0.0040	0.0370	-1.0290	3.38	NULL	NULL	0
2389	4	2	1	170803	082445.80	108.53652315	34.22324751	27.75	0.0260	0.0130	-0.9700	3.38	NULL	NULL	0
2390	4	2	1	170803	082445.90	108.53652813	34.22324884	27.75	0.0710	-0.0100	-1.0220	3.38	NULL	NULL	0
2391	4	2	1	170803	082446.00	108.53653297	34.22324992	27.75	-0.0940	0.0220	-1.0390	2.52	NULL	NULL	0
2392	4	2	1	170803	082446.10	108.53653794	34.22325121	27.75	-0.0190	0.0340	-0.9730	2.52	NULL	NULL	0
2393	4	2	1	170803	082446.20	108.53654198	34.22325134	27.75	-0.0430	-0.0170	-0.9480	2.52	NULL	NULL	0
2394	4	2	1	170803	082446.30	108.53654692	34.22325265	27.75	-0.0680	0.0160	-1.0060	2.46	NULL	NULL	0
2395	4	2	1	170803	082446.40	108.53655083	34.22325310	27.75	-0.0310	-0.0480	-0.9890	2.46	NULL	NULL	0
2396	4	2	1	170803	082446.50	108.53655567	34.22325438	27.75	-0.0710	-0.0320	-1.0160	2.46	NULL	NULL	0
2397	4	2	1	170803	082446.60	108.53656103	34.22325663	27.75	-0.1270	-0.0290	-1.0250	2.14	NULL	NULL	0
2398	4	2	1	170803	082446.70	108.53656580	34.22325790	25.90	-0.0450	0.0160	-1.0080	2.14	NULL	NULL	0
2399	4	2	1	170803	082446.80	108.53657092	34.22325964	27.75	-0.1060	0.0160	-0.9720	2.14	NULL	NULL	0
2400	4	2	1	170803	082446.90	108.53657564	34.22326086	25.90	-0.0380	-0.0390	-0.9820	1.79	NULL	NULL	0
2401	4	2	1	170803	082447.00	108.53657996	34.22326150	25.90	-0.1330	0.0200	-1.0130	1.79	NULL	NULL	0
2402	4	2	1	170803	082447.10	108.53658460	34.22326276	25.90	-0.0170	0.0390	-1.0050	1.79	NULL	NULL	0
2403	4	2	1	170803	082447.20	108.53658848	34.22326274	25.90	-0.0960	-0.0050	-1.0040	104.28	NULL	NULL	0
2404	4	2	1	170803	082447.30	108.53659312	34.22326395	25.90	0.0450	-0.0120	-1.0020	104.28	NULL	NULL	0
2405	4	2	1	170803	082447.40	108.53659776	34.22326525	25.90	-0.0670	0.0010	-0.9570	104.28	NULL	NULL	0
2406	4	2	1	170803	082447.50	108.53660234	34.22326646	25.90	0.0580	0.0490	-0.9640	1.83	NULL	NULL	0
2407	4	2	1	170803	082447.60	108.53660695	34.22326767	25.90	0.0010	-0.0480	-0.9770	1.83	NULL	NULL	0
2408	4	2	1	170803	082447.70	108.53661144	34.22326891	25.90	0.0200	-0.0160	-0.9630	1.83	NULL	NULL	0
2409	4	2	1	170803	082447.80	108.53661595	34.22327011	25.90	0.0500	-0.0480	-1.0450	1.81	NULL	NULL	0
2410	4	2	1	170803	082447.90	108.53662041	34.22327130	24.05	0.0080	0.0010	-1.0120	1.81	NULL	NULL	0
2411	4	2	1	170803	082448.00	108.53662605	34.22327449	25.90	-0.0200	-0.0270	-1.0700	1.81	NULL	NULL	0
2412	4	2	1	170803	082448.10	108.53663055	34.22327567	25.90	0.0140	-0.0030	-1.0480	1.81	NULL	NULL	0
2413	4	2	1	170803	082448.20	108.53663473	34.22327624	25.90	0.0030	-0.0260	-0.9580	1.69	NULL	NULL	0
2414	4	2	1	170803	082448.30	108.53663921	34.22327745	25.90	-0.0110	-0.0190	-1.0190	1.69	NULL	NULL	0
2415	4	2	1	170803	082448.40	108.53664402	34.22327918	25.90	-0.0300	-0.0270	-1.0160	1.66	NULL	NULL	0
2416	4	2	1	170803	082448.50	108.53664853	34.22328040	25.90	0.1050	-0.0230	-1.0010	1.66	NULL	NULL	0
2417	4	2	1	170803	082448.60	108.53665346	34.22328086	25.90	0.0630	-0.0200	-1.0960	1.66	NULL	NULL	0
2418	4	2	1	170803	082448.70	108.53665806	34.22328207	25.90	0.0730	-0.1020	-1.0530	1.66	NULL	NULL	0
2419	4	2	1	170803	082448.80	108.53666222	34.22328389	25.90	0.1450	-0.0370	-0.9810	1.69	NULL	NULL	0
2420	4	2	1	170803	082448.90	108.53666683	34.22328516	25.90	0.0340	0.1030	-0.9620	1.69	NULL	NULL	0
2421	4	2	1	170803	082449.00	108.53667121	34.22328577	25.90	0.0910	-0.1190	-0.9240	1.53	NULL	NULL	0
2422	4	2	1	170803	082449.10	108.53667592	34.22328703	25.90	0.1140	-0.0210	-0.9430	1.53	NULL	NULL	0
2423	4	2	1	170803	082449.20	108.53668051	34.22328697	25.90	0.0390	-0.0440	-1.0280	1.53	NULL	NULL	0
2424	4	2	1	170803	082449.30	108.53668525	34.22328826	25.90	0.0870	0.0060	-0.9670	1.53	NULL	NULL	0
2425	4	2	1	170803	082449.40	108.53669126	34.22329086	27.75	0.0230	0.0250	-0.9570	1.56	NULL	NULL	0
2426	4	2	1	170803	082449.50	108.53669608	34.22329213	27.75	0.0280	0.0100	-0.9900	1.56	NULL	NULL	0
2427	4	2	1	170803	082449.60	108.53670002	34.22329218	27.75	-0.0100	-0.0410	-0.9670	1.56	NULL	NULL	0
2428	4	2	1	170803	082449.70	108.53670491	34.22329345	27.75	0.0260	-0.0240	-0.9830	1.62	NULL	NULL	0
2429	4	2	1	170803	082449.80	108.53670979	34.22329579	27.75	-0.0030	0.0220	-1.0130	1.62	NULL	NULL	0
2430	4	2	1	170803	082449.90	108.53671471	34.22329709	27.75	-0.0270	0.0270	-0.9530	1.62	NULL	NULL	0
2431	4	2	1	170803	082450.00	108.53671956	34.22329844	27.75	0.0360	-0.0190	-0.9950	1.59	NULL	NULL	0
2432	4	2	1	170803	082450.10	108.53672446	34.22329969	27.75	0.0490	-0.0330	-0.9830	1.59	NULL	NULL	0
2433	4	2	1	170803	082450.20	108.53672999	34.22330188	27.75	0.0210	-0.0090	-1.0080	1.59	NULL	NULL	0
2434	4	2	1	170803	082450.30	108.53673496	34.22330314	27.75	0.1220	0.0540	-0.9900	1.53	NULL	NULL	0
2435	4	2	1	170803	082450.40	108.53673980	34.22330430	27.75	-0.0040	-0.0230	-1.0410	1.53	NULL	NULL	0
2436	4	2	1	170803	082450.50	108.53674477	34.22330559	27.75	0.0280	0.0840	-1.0120	1.53	NULL	NULL	0
2437	4	2	1	170803	082450.60	108.53674985	34.22330693	27.75	0.0540	-0.0150	-1.0640	1.49	NULL	NULL	0
2438	4	2	1	170803	082450.70	108.53675485	34.22330819	27.75	-0.0760	0.0180	-1.1000	1.49	NULL	NULL	0
2439	4	2	1	170803	082450.80	108.53675979	34.22330929	27.75	0.0280	-0.0110	-1.0120	1.49	NULL	NULL	0
2440	4	2	1	170803	082450.90	108.53676475	34.22331056	27.75	-0.0190	-0.0120	-0.9990	1.53	NULL	NULL	0
2441	4	2	1	170803	082451.00	108.53676991	34.22331204	27.75	-0.0170	-0.0120	-1.0330	1.53	NULL	NULL	0
2442	4	2	1	170803	082451.10	108.53677489	34.22331329	27.75	-0.0150	-0.0320	-0.9860	1.53	NULL	NULL	0
2443	4	2	1	170803	082451.20	108.53677981	34.22331449	27.75	-0.0860	0.0160	-1.0300	1.97	NULL	NULL	0
2444	4	2	1	170803	082451.30	108.53678472	34.22331572	27.75	-0.0160	-0.0130	-0.9760	1.97	NULL	NULL	0
2445	4	2	1	170803	082451.40	108.53678942	34.22331664	27.75	-0.1470	-0.0300	-1.0650	1.97	NULL	NULL	0
2446	4	2	1	170803	082451.50	108.53679430	34.22331787	27.75	-0.0190	-0.0580	-1.0510	3.60	NULL	NULL	0
2447	4	2	1	170803	082451.60	108.53679878	34.22331854	27.75	-0.0530	-0.0060	-0.9760	3.60	NULL	NULL	0
2448	4	2	1	170803	082451.70	108.53680361	34.22331974	27.75	-0.0070	-0.0480	-1.0000	3.60	NULL	NULL	0
2449	4	2	1	170803	082451.80	108.53680825	34.22332071	27.75	-0.0340	-0.0780	-0.9750	4.44	NULL	NULL	0
2450	4	2	1	170803	082451.90	108.53681307	34.22332192	27.75	-0.0210	0.0230	-1.0400	4.44	NULL	NULL	0
2451	4	2	1	170803	082452.00	108.53681848	34.22332414	25.90	0.0280	-0.0090	-0.9620	4.44	NULL	NULL	0
2452	4	2	1	170803	082452.10	108.53682326	34.22332533	25.90	0.0390	-0.0550	-0.9740	4.44	NULL	NULL	0
2453	4	2	1	170803	082452.20	108.53682824	34.22332690	25.90	-0.0860	0.0010	-0.8970	4.82	NULL	NULL	0
2454	4	2	1	170803	082452.30	108.53683299	34.22332813	25.90	0.0380	0.0090	-0.9340	4.82	NULL	NULL	0
2455	4	2	1	170803	082452.40	108.53683783	34.22332954	25.90	-0.1090	-0.0320	-1.0010	3.65	NULL	NULL	0
2456	4	2	1	170803	082452.50	108.53684252	34.22333076	25.90	0.0320	-0.0020	-1.0050	3.65	NULL	NULL	0
2457	4	2	1	170803	082452.60	108.53684720	34.22333204	25.90	-0.1300	0.0180	-1.0390	3.65	NULL	NULL	0
2458	4	2	1	170803	082452.70	108.53685186	34.22333318	25.90	-0.0330	-0.0300	-1.0130	3.19	NULL	NULL	0
2459	4	2	1	170803	082452.80	108.53685617	34.22333374	25.90	-0.0220	0.0100	-0.9940	3.19	NULL	NULL	0
2460	4	2	1	170803	082452.90	108.53686064	34.22333499	25.90	-0.1080	0.0150	-0.9770	3.19	NULL	NULL	0
2461	4	2	1	170803	082453.00	108.53686449	34.22333498	25.90	-0.0310	0.0240	-0.9680	2.86	NULL	NULL	0
2462	4	2	1	170803	082453.10	108.53686891	34.22333610	24.05	-0.0560	-0.0840	-0.9930	2.86	NULL	NULL	0
2463	4	2	1	170803	082453.20	108.53687332	34.22333700	24.05	0.0920	-0.0130	-0.9200	2.86	NULL	NULL	0
2464	4	2	1	170803	082453.30	108.53687762	34.22333819	24.05	-0.0630	0.0200	-1.0210	2.86	NULL	NULL	0
2465	4	2	1	170803	082453.40	108.53688190	34.22333891	24.05	-0.0740	-0.0490	-1.0200	2.10	NULL	NULL	0
2466	4	2	1	170803	082453.50	108.53688625	34.22334005	24.05	-0.0870	0.0250	-1.0450	2.10	NULL	NULL	0
2467	4	2	1	170803	082453.60	108.53689138	34.22334249	24.05	-0.0840	0.0230	-1.1010	2.10	NULL	NULL	0
2468	4	2	1	170803	082453.70	108.53689575	34.22334359	24.05	-0.0470	0.0040	-1.0180	1.84	NULL	NULL	0
2469	4	2	1	170803	082453.80	108.53690090	34.22334341	24.05	0.0330	-0.0080	-1.0150	1.84	NULL	NULL	0
2470	4	2	1	170803	082453.90	108.53690525	34.22334446	24.05	-0.0450	0.0250	-1.0010	1.84	NULL	NULL	0
2471	4	2	1	170803	082454.00	108.53690932	34.22334573	24.05	0.0750	0.0190	-0.9590	1.89	NULL	NULL	0
2472	4	2	1	170803	082454.10	108.53691364	34.22334684	24.05	-0.0270	0.0270	-0.9680	1.89	NULL	NULL	0
2473	4	2	1	170803	082454.20	108.53691822	34.22334857	24.05	-0.0230	-0.0300	-1.0230	1.89	NULL	NULL	0
2474	4	2	1	170803	082454.30	108.53692257	34.22334970	24.05	0.1320	0.0380	-0.9990	1.76	NULL	NULL	0
2475	4	2	1	170803	082454.40	108.53692733	34.22335201	24.05	0.0420	0.0350	-1.0660	1.76	NULL	NULL	0
2476	4	2	1	170803	082454.50	108.53693182	34.22335314	24.05	0.0320	-0.0120	-1.0550	1.76	NULL	NULL	0
2477	4	2	1	170803	082454.60	108.53693590	34.22335460	24.05	0.0800	0.0180	-0.9830	1.74	NULL	NULL	0
2478	4	2	1	170803	082454.70	108.53694035	34.22335577	24.05	0.0620	-0.0160	-0.9880	1.74	NULL	NULL	0
2479	4	2	1	170803	082454.80	108.53694495	34.22335678	25.90	0.0410	0.0290	-1.0190	1.74	NULL	NULL	0
2480	4	2	1	170803	082454.90	108.53694953	34.22335790	25.90	-0.0060	0.0020	-1.0070	1.65	NULL	NULL	0
2481	4	2	1	170803	082455.00	108.53695412	34.22335890	25.90	0.0130	-0.0270	-0.9580	1.65	NULL	NULL	0
2482	4	2	1	170803	082455.10	108.53695862	34.22336014	25.90	0.0250	0.0020	-1.0660	1.65	NULL	NULL	0
2483	4	2	1	170803	082455.20	108.53696362	34.22336095	24.05	0.0460	-0.0020	-0.9740	1.65	NULL	NULL	0
2484	4	2	1	170803	082455.30	108.53696822	34.22336206	25.90	0.0200	-0.0570	-0.9980	1.65	NULL	NULL	0
2485	4	2	1	170803	082455.40	108.53697262	34.22336382	25.90	0.0520	-0.0770	-1.0560	1.65	NULL	NULL	0
2486	4	2	1	170803	082455.50	108.53697733	34.22336498	25.90	0.0750	-0.1020	-1.1500	2.29	NULL	NULL	0
2487	4	2	1	170803	082455.60	108.53698195	34.22336613	25.90	0.0360	-0.0330	-0.9880	2.29	NULL	NULL	0
2488	4	2	1	170803	082455.70	108.53698677	34.22336717	25.90	-0.0720	-0.0110	-0.9930	2.29	NULL	NULL	0
2489	4	2	1	170803	082455.80	108.53699167	34.22336858	24.05	0.1360	-0.1370	-0.5980	3.28	NULL	NULL	0
2490	4	2	1	170803	082455.90	108.53699636	34.22336962	25.90	0.0120	0.0760	-0.9260	3.28	NULL	NULL	0
2491	4	2	1	170803	082456.00	108.53700121	34.22337080	25.90	-0.0370	-0.1070	-1.0420	3.28	NULL	NULL	0
2492	4	2	1	170803	082456.10	108.53700585	34.22337190	25.90	0.1250	-0.0570	-1.1310	3.28	NULL	NULL	0
2493	4	2	1	170803	082456.20	108.53701034	34.22337315	25.90	-0.0380	-0.0370	-1.0270	3.28	NULL	NULL	0
2494	4	2	1	170803	082456.30	108.53701491	34.22337433	25.90	0.0110	0.0010	-0.9910	3.28	NULL	NULL	0
2495	4	2	1	170803	082456.40	108.53701953	34.22337530	25.90	-0.0040	-0.0290	-0.9080	4.56	NULL	NULL	0
2496	4	2	1	170803	082456.50	108.53702410	34.22337653	25.90	0.0480	-0.0200	-0.9800	4.56	NULL	NULL	0
2497	4	2	1	170803	082456.60	108.53702840	34.22337822	24.05	0.0060	0.0250	-0.9830	4.56	NULL	NULL	0
2498	4	2	1	170803	082456.70	108.53703282	34.22337928	24.05	0.0660	-0.0500	-1.0440	4.56	NULL	NULL	0
2499	4	2	1	170803	082456.80	108.53703727	34.22338050	25.90	0.0710	-0.0300	-1.0460	3.38	NULL	NULL	0
2500	4	2	1	170803	082456.90	108.53704180	34.22338152	25.90	0.0230	0.0220	-1.0270	3.38	NULL	NULL	0
2501	4	2	1	170803	082457.00	108.53704712	34.22338297	25.90	0.0430	-0.0130	-0.9780	3.57	NULL	NULL	0
2502	4	2	1	170803	082457.10	108.53705170	34.22338410	25.90	-0.0230	0.0240	-1.0030	3.57	NULL	NULL	0
2503	4	2	1	170803	082457.20	108.53705636	34.22338524	25.90	0.0140	0.0250	-0.9850	3.57	NULL	NULL	0
2504	4	2	1	170803	082457.30	108.53706081	34.22338637	25.90	-0.1220	-0.0290	-1.0110	3.57	NULL	NULL	0
2505	4	2	1	170803	082457.40	108.53706554	34.22338675	24.05	-0.0360	0.0270	-0.9100	3.31	NULL	NULL	0
2506	4	2	1	170803	082457.50	108.53707004	34.22338781	24.05	-0.0620	-0.0060	-1.0250	3.31	NULL	NULL	0
2507	4	2	1	170803	082457.60	108.53707408	34.22338944	24.05	-0.1260	0.0170	-1.0410	3.31	NULL	NULL	0
2508	4	2	1	170803	082457.70	108.53707855	34.22339055	24.05	0.0100	0.0070	-1.0910	3.54	NULL	NULL	0
2509	4	2	1	170803	082457.80	108.53708309	34.22339194	24.05	0.0400	-0.1050	-1.0050	3.54	NULL	NULL	0
2510	4	2	1	170803	082457.90	108.53708756	34.22339299	24.05	0.0180	-0.0200	-0.9880	3.54	NULL	NULL	0
2511	4	2	1	170803	082458.00	108.53709093	34.22339249	24.05	-0.0570	-0.0920	-1.0030	4.63	NULL	NULL	0
2512	4	2	1	170803	082458.10	108.53709537	34.22339359	24.05	-0.0240	-0.0150	-1.0080	4.63	NULL	NULL	0
2513	4	2	1	170803	082458.20	108.53709989	34.22339484	24.05	-0.1250	0.0540	-0.9620	4.63	NULL	NULL	0
2514	4	2	1	170803	082458.30	108.53710427	34.22339594	24.05	0.0180	-0.0790	-0.9690	2.80	NULL	NULL	0
2515	4	2	1	170803	082458.40	108.53710861	34.22339707	24.05	-0.0190	0.0230	-0.9910	2.80	NULL	NULL	0
2516	4	2	1	170803	082458.50	108.53711295	34.22339813	24.05	0.0370	0.0040	-1.0480	2.80	NULL	NULL	0
2517	4	2	1	170803	082458.60	108.53711655	34.22339789	24.05	0.0580	-0.0730	-0.9900	2.46	NULL	NULL	0
2518	4	2	1	170803	082458.70	108.53712087	34.22339900	24.05	0.0400	-0.0410	-0.9960	2.46	NULL	NULL	0
2519	4	2	1	170803	082458.80	108.53712579	34.22340102	24.05	-0.0170	-0.0040	-1.0730	2.46	NULL	NULL	0
2520	4	2	1	170803	082458.90	108.53713011	34.22340213	24.05	0.0050	-0.0010	-1.0360	2.08	NULL	NULL	0
2521	4	2	1	170803	082459.00	108.53713493	34.22340425	24.05	-0.0060	-0.0760	-0.9600	2.08	NULL	NULL	0
2522	4	2	1	170803	082459.10	108.53713919	34.22340536	24.05	-0.0050	0.0270	-1.0450	2.08	NULL	NULL	0
2523	4	2	1	170803	082459.20	108.53714371	34.22340729	24.05	0.0800	-0.0440	-0.9550	1.93	NULL	NULL	0
2524	4	2	1	170803	082459.30	108.53714798	34.22340841	24.05	0.0060	0.0260	-1.0740	1.93	NULL	NULL	0
2525	4	2	1	170803	082459.40	108.53715226	34.22340948	24.05	0.0550	0.0040	-0.9240	1.93	NULL	NULL	0
2526	4	2	1	170803	082459.50	108.53715663	34.22341062	24.05	0.0790	-0.0420	-1.0070	1.90	NULL	NULL	0
2527	4	2	1	170803	082459.60	108.53716100	34.22341183	24.05	0.1470	-0.0020	-1.0040	1.90	NULL	NULL	0
2528	4	2	1	170803	082459.70	108.53716544	34.22341301	24.05	0.1200	-0.0650	-0.9770	1.90	NULL	NULL	0
2529	4	2	1	170803	082459.80	108.53716993	34.22341423	25.90	0.0870	-0.0140	-1.0200	1.81	NULL	NULL	0
2530	4	2	1	170803	082459.90	108.53717444	34.22341545	25.90	0.0520	0.0390	-1.0240	1.81	NULL	NULL	0
2531	4	2	1	170803	082500.00	108.53717907	34.22341663	25.90	0.1050	-0.0280	-0.9840	1.81	NULL	NULL	0
2532	4	2	1	170803	082500.10	108.53718366	34.22341784	25.90	0.0220	-0.0420	-1.0440	1.81	NULL	NULL	0
2533	4	2	1	170803	082500.20	108.53718828	34.22341908	25.90	0.0550	-0.0410	-0.9580	1.64	NULL	NULL	0
2534	4	2	1	170803	082500.30	108.53719295	34.22342029	25.90	0.0730	-0.0520	-0.9360	1.64	NULL	NULL	0
2535	4	2	1	170803	082500.40	108.53719804	34.22342167	25.90	0.0720	-0.0110	-1.0130	2.39	NULL	NULL	0
2536	4	2	1	170803	082500.50	108.53720273	34.22342289	25.90	-0.0170	0.0020	-1.0360	2.39	NULL	NULL	0
2537	4	2	1	170803	082500.60	108.53720743	34.22342323	25.90	0.0470	0.0260	-1.0640	2.39	NULL	NULL	0
2538	4	2	1	170803	082500.70	108.53721215	34.22342454	25.90	-0.0380	-0.0670	-1.0980	2.39	NULL	NULL	0
2539	4	2	1	170803	082500.80	108.53721551	34.22342465	25.90	0.0190	-0.0160	-1.0710	3.05	NULL	NULL	0
2540	4	2	1	170803	082500.90	108.53722025	34.22342602	25.90	0.0750	0.0660	-1.0390	3.05	NULL	NULL	0
2541	4	2	1	170803	082501.00	108.53722477	34.22342642	27.75	0.0360	-0.0580	-1.0100	4.15	NULL	NULL	0
2542	4	2	1	170803	082501.10	108.53722966	34.22342771	27.75	0.0580	0.0140	-0.9780	4.15	NULL	NULL	0
2543	4	2	1	170803	082501.20	108.53723630	34.22342801	27.75	0.0390	0.0230	-0.9560	4.15	NULL	NULL	0
2544	4	2	1	170803	082501.30	108.53724125	34.22342936	27.75	0.0170	0.0150	-1.0320	4.15	NULL	NULL	0
2545	4	2	1	170803	082501.40	108.53724592	34.22343126	27.75	0.0850	-0.0210	-0.9860	4.37	NULL	NULL	0
2546	4	2	1	170803	082501.50	108.53725093	34.22343256	27.75	0.1190	-0.0470	-1.1320	4.37	NULL	NULL	0
2547	4	2	1	170803	082501.60	108.53725518	34.22343471	27.75	0.0870	0.0340	-0.9700	4.37	NULL	NULL	0
2548	4	2	1	170803	082501.70	108.53726027	34.22343605	27.75	0.0300	-0.0420	-0.9910	3.26	NULL	NULL	0
2549	4	2	1	170803	082501.80	108.53726585	34.22343756	27.75	0.0320	0.0220	-0.9940	3.26	NULL	NULL	0
2550	4	2	1	170803	082501.90	108.53727090	34.22343892	27.75	-0.0520	-0.0960	-0.9440	3.26	NULL	NULL	0
2551	4	2	1	170803	082502.00	108.53727611	34.22344176	27.75	0.0190	0.0510	-1.0310	2.73	NULL	NULL	0
2552	4	2	1	170803	082502.10	108.53728120	34.22344313	27.75	0.0500	0.0320	-0.9890	2.73	NULL	NULL	0
2553	4	2	1	170803	082502.20	108.53728636	34.22344450	27.75	0.0690	-0.0430	-1.0510	2.73	NULL	NULL	0
2554	4	2	1	170803	082502.30	108.53729143	34.22344585	27.75	-0.0630	0.0660	-0.9550	2.51	NULL	NULL	0
2555	4	2	1	170803	082502.40	108.53729648	34.22344706	27.75	0.0120	0.0300	-0.9460	2.51	NULL	NULL	0
2556	4	2	1	170803	082502.50	108.53730153	34.22344836	27.75	-0.0900	0.0330	-0.9980	2.51	NULL	NULL	0
2557	4	2	1	170803	082502.60	108.53730633	34.22344981	27.75	-0.0830	-0.0480	-1.0100	2.11	NULL	NULL	0
2558	4	2	1	170803	082502.70	108.53731135	34.22345110	27.75	-0.0410	0.0100	-1.0690	2.11	NULL	NULL	0
2559	4	2	1	170803	082502.80	108.53731603	34.22345269	27.75	-0.0190	0.0310	-1.0340	2.11	NULL	NULL	0
2560	4	2	1	170803	082502.90	108.53732101	34.22345398	27.75	0.0320	-0.0330	-1.0030	1.88	NULL	NULL	0
2561	4	2	1	170803	082503.00	108.53732487	34.22345254	27.75	0.0030	-0.0290	-0.9820	1.88	NULL	NULL	0
2562	4	2	1	170803	082503.10	108.53732981	34.22345383	27.75	-0.1380	0.0150	-0.9950	1.88	NULL	NULL	0
2563	4	2	1	170803	082503.20	108.53733510	34.22345631	27.75	-0.0330	-0.0040	-1.0270	1.97	NULL	NULL	0
2564	4	2	1	170803	082503.30	108.53733994	34.22345762	27.75	-0.1230	-0.0500	-1.0180	1.97	NULL	NULL	0
2565	4	2	1	170803	082503.40	108.53734497	34.22345930	27.75	-0.0790	-0.0150	-1.0410	1.97	NULL	NULL	0
2566	4	2	1	170803	082503.50	108.53734980	34.22346054	27.75	-0.0940	-0.0110	-1.0850	1.65	NULL	NULL	0
2567	4	2	1	170803	082503.60	108.53735466	34.22346199	25.90	-0.0670	0.0320	-1.0210	1.65	NULL	NULL	0
2568	4	2	1	170803	082503.70	108.53735940	34.22346330	25.90	-0.0390	0.0110	-0.9250	1.65	NULL	NULL	0
2569	4	2	1	170803	082503.80	108.53736461	34.22346568	25.90	-0.0260	-0.0250	-0.9620	20.69	NULL	NULL	0
2570	4	2	1	170803	082503.90	108.53736927	34.22346692	25.90	-0.0030	-0.0230	-0.9230	20.69	NULL	NULL	0
2571	4	2	1	170803	082504.00	108.53737394	34.22346814	25.90	-0.0710	-0.0730	-0.9970	20.69	NULL	NULL	0
2572	4	2	1	170803	082504.10	108.53737866	34.22346932	25.90	0.0280	0.0000	-1.0000	20.69	NULL	NULL	0
2573	4	2	1	170803	082504.20	108.53738331	34.22347064	25.90	-0.0230	0.0130	-1.0630	1.79	NULL	NULL	0
2574	4	2	1	170803	082504.30	108.53738797	34.22347186	25.90	0.0410	-0.0230	-1.0280	1.79	NULL	NULL	0
2575	4	2	1	170803	082504.40	108.53739280	34.22347315	25.90	-0.0110	0.0420	-1.0080	1.79	NULL	NULL	0
2576	4	2	1	170803	082504.50	108.53739745	34.22347434	25.90	0.0370	0.0310	-0.9840	1.79	NULL	NULL	0
2577	4	2	1	170803	082504.60	108.53740208	34.22347557	25.90	0.1040	-0.0680	-1.0370	1.79	NULL	NULL	0
2578	4	2	1	170803	082504.70	108.53740675	34.22347680	25.90	0.0200	0.0460	-1.0480	1.79	NULL	NULL	0
2579	4	2	1	170803	082504.80	108.53741122	34.22347660	25.90	0.1200	-0.0270	-1.0020	1.75	NULL	NULL	0
2580	4	2	1	170803	082504.90	108.53741593	34.22347779	25.90	-0.0150	-0.0120	-0.9670	1.75	NULL	NULL	0
2581	4	2	1	170803	082505.00	108.53742018	34.22347896	25.90	0.0970	0.0170	-0.9720	1.71	NULL	NULL	0
2582	4	2	1	170803	082505.10	108.53742491	34.22348020	25.90	0.0160	0.0330	-0.9880	1.71	NULL	NULL	0
2583	4	2	1	170803	082505.20	108.53742988	34.22348131	25.90	0.0380	-0.0120	-0.9980	1.71	NULL	NULL	0
2584	4	2	1	170803	082505.30	108.53743466	34.22348259	25.90	0.0250	0.0050	-1.0280	1.71	NULL	NULL	0
2585	4	2	1	170803	082505.40	108.53743947	34.22348485	27.75	0.0070	0.0070	-1.0400	1.95	NULL	NULL	0
2586	4	2	1	170803	082505.50	108.53744433	34.22348613	27.75	-0.0050	-0.0310	-1.0070	1.95	NULL	NULL	0
2587	4	2	1	170803	082505.60	108.53744920	34.22348749	27.75	0.1040	-0.0620	-0.9220	1.95	NULL	NULL	0
2588	4	2	1	170803	082505.70	108.53745409	34.22348879	27.75	0.0370	0.0180	-0.9830	2.77	NULL	NULL	0
2589	4	2	1	170803	082505.80	108.53745925	34.22349031	27.75	0.0570	-0.0130	-1.0060	2.77	NULL	NULL	0
2590	4	2	1	170803	082505.90	108.53746410	34.22349161	27.75	0.0170	-0.0020	-1.0190	2.77	NULL	NULL	0
2591	4	2	1	170803	082506.00	108.53746904	34.22349299	27.75	-0.0320	-0.0050	-1.0360	3.25	NULL	NULL	0
2592	4	2	1	170803	082506.10	108.53747395	34.22349429	27.75	-0.0080	-0.0300	-1.0300	3.25	NULL	NULL	0
2593	4	2	1	170803	082506.20	108.53747887	34.22349570	27.75	0.0490	-0.0170	-0.9740	3.25	NULL	NULL	0
2594	4	2	1	170803	082506.30	108.53748379	34.22349698	27.75	0.0860	-0.0150	-0.9790	4.10	NULL	NULL	0
2595	4	2	1	170803	082506.40	108.53748880	34.22349849	27.75	0.0050	0.0180	-0.9590	4.10	NULL	NULL	0
2596	4	2	1	170803	082506.50	108.53749371	34.22349977	27.75	-0.0050	-0.0370	-1.0360	4.10	NULL	NULL	0
2597	4	2	1	170803	082506.60	108.53749875	34.22350088	27.75	0.0170	-0.0320	-0.9620	5.21	NULL	NULL	0
2598	4	2	1	170803	082506.70	108.53750365	34.22350222	27.75	-0.0450	0.0500	-0.9500	5.21	NULL	NULL	0
2599	4	2	1	170803	082506.80	108.53750842	34.22350355	27.75	-0.0440	-0.0370	-0.9910	5.21	NULL	NULL	0
2600	4	2	1	170803	082506.90	108.53751332	34.22350485	27.75	-0.0120	0.0430	-0.9780	5.57	NULL	NULL	0
2601	4	2	1	170803	082507.00	108.53751820	34.22350605	27.75	0.0250	-0.0210	-1.0220	5.57	NULL	NULL	0
2602	4	2	1	170803	082507.10	108.53752307	34.22350736	27.75	-0.0660	-0.0600	-1.0110	5.57	NULL	NULL	0
2603	4	2	1	170803	082507.20	108.53752791	34.22350858	27.75	-0.0440	0.0360	-0.9620	4.28	NULL	NULL	0
2604	4	2	1	170803	082507.30	108.53753274	34.22350985	27.75	-0.0120	0.0050	-1.0180	4.28	NULL	NULL	0
2605	4	2	1	170803	082507.40	108.53753703	34.22351025	27.75	-0.0330	0.0310	-1.0160	4.28	NULL	NULL	0
2606	4	2	1	170803	082507.50	108.53754184	34.22351149	27.75	0.0270	0.0310	-1.0070	3.69	NULL	NULL	0
2607	4	2	1	170803	082507.60	108.53754651	34.22351253	25.90	0.0270	0.0410	-0.9730	3.69	NULL	NULL	0
2608	4	2	1	170803	082507.70	108.53755127	34.22351378	25.90	-0.0250	0.1060	-0.9940	3.69	NULL	NULL	0
2609	4	2	1	170803	082507.80	108.53755591	34.22351457	27.75	0.0170	-0.0680	-1.0510	3.25	NULL	NULL	0
2610	4	2	1	170803	082507.90	108.53756068	34.22351578	25.90	-0.0790	-0.0460	-0.9890	3.25	NULL	NULL	0
2611	4	2	1	170803	082508.00	108.53756557	34.22351708	25.90	0.0180	0.0300	-0.9990	3.25	NULL	NULL	0
2612	4	2	1	170803	082508.10	108.53757032	34.22351828	25.90	-0.0400	0.0450	-1.0310	3.25	NULL	NULL	0
2613	4	2	1	170803	082508.20	108.53757526	34.22351991	25.90	0.0250	0.0010	-0.9620	2.74	NULL	NULL	0
2614	4	2	1	170803	082508.30	108.53757999	34.22352111	25.90	-0.0230	-0.0060	-0.9910	2.74	NULL	NULL	0
2615	4	2	1	170803	082508.40	108.53758500	34.22352272	25.90	-0.0380	-0.0660	-1.0030	2.14	NULL	NULL	0
2616	4	2	1	170803	082508.50	108.53758974	34.22352394	25.90	0.0550	0.0080	-0.9690	2.14	NULL	NULL	0
2617	4	2	1	170803	082508.60	108.53759449	34.22352483	25.90	0.0670	-0.0640	-0.9950	2.14	NULL	NULL	0
2618	4	2	1	170803	082508.70	108.53759929	34.22352608	27.75	-0.0540	0.0090	-1.0330	1.92	NULL	NULL	0
2619	4	2	1	170803	082508.80	108.53760457	34.22352819	27.75	0.0360	-0.0190	-1.0140	1.92	NULL	NULL	0
2620	4	2	1	170803	082508.90	108.53760941	34.22352941	27.75	-0.0290	0.0320	-1.0550	1.92	NULL	NULL	0
2621	4	2	1	170803	082509.00	108.53761428	34.22353060	27.75	-0.0090	-0.0240	-1.0160	1.92	NULL	NULL	0
2622	4	2	1	170803	082509.10	108.53761918	34.22353184	27.75	-0.0240	-0.0240	-1.0720	1.92	NULL	NULL	0
2623	4	2	1	170803	082509.20	108.53762410	34.22353312	27.75	0.0240	-0.0580	-0.9500	1.92	NULL	NULL	0
2624	4	2	1	170803	082509.30	108.53762903	34.22353434	27.75	0.0410	-0.0050	-1.0430	1.92	NULL	NULL	0
2625	4	2	1	170803	082509.40	108.53763398	34.22353561	27.75	0.0150	-0.0360	-0.9540	1.79	NULL	NULL	0
2626	4	2	1	170803	082509.50	108.53763894	34.22353686	27.75	-0.0420	0.0860	-1.0310	1.79	NULL	NULL	0
2627	4	2	1	170803	082509.60	108.53764389	34.22353817	27.75	-0.0130	-0.0430	-0.8860	1.79	NULL	NULL	0
2628	4	2	1	170803	082509.70	108.53764885	34.22353941	27.75	0.0080	-0.0580	-0.9150	1.77	NULL	NULL	0
2629	4	2	1	170803	082509.80	108.53765431	34.22354068	27.75	0.0390	-0.0510	-0.9590	1.77	NULL	NULL	0
2630	4	2	1	170803	082509.90	108.53765927	34.22354191	27.75	-0.0130	-0.1060	-0.9670	1.77	NULL	NULL	0
2631	4	2	1	170803	082510.00	108.53766437	34.22354323	27.75	0.0390	-0.0010	-1.0960	1.76	NULL	NULL	0
2632	4	2	1	170803	082510.10	108.53766935	34.22354450	27.75	-0.0050	-0.0640	-0.9250	1.76	NULL	NULL	0
2633	4	2	1	170803	082510.20	108.53767376	34.22354510	27.75	-0.0590	-0.0400	-0.9520	1.76	NULL	NULL	0
2634	4	2	1	170803	082510.30	108.53767877	34.22354638	27.75	-0.0450	0.0010	-0.9240	1.80	NULL	NULL	0
2635	4	2	1	170803	082510.40	108.53768347	34.22354745	27.75	-0.0410	-0.0120	-0.9930	1.80	NULL	NULL	0
2636	4	2	1	170803	082510.50	108.53768842	34.22354871	27.75	0.0920	-0.0670	-0.9960	1.80	NULL	NULL	0
2637	4	2	1	170803	082510.60	108.53769333	34.22355005	27.75	0.0850	0.0250	-0.9940	1.90	NULL	NULL	0
2638	4	2	1	170803	082510.70	108.53769831	34.22355130	27.75	0.0200	0.0090	-1.0620	1.90	NULL	NULL	0
2639	4	2	1	170803	082510.80	108.53770268	34.22355148	27.75	0.0300	-0.0390	-1.0540	1.90	NULL	NULL	0
2640	4	2	1	170803	082510.90	108.53770768	34.22355276	27.75	-0.1030	0.0150	-1.0590	2.78	NULL	NULL	0
2641	4	2	1	170803	082511.00	108.53771239	34.22355360	27.75	0.0540	-0.0280	-0.9490	2.78	NULL	NULL	0
2642	4	2	1	170803	082511.10	108.53771738	34.22355487	27.75	0.0050	-0.0500	-0.9750	2.78	NULL	NULL	0
2643	4	2	1	170803	082511.20	108.53772236	34.22355621	27.75	0.0850	0.0070	-0.9610	3.59	NULL	NULL	0
2644	4	2	1	170803	082511.30	108.53772733	34.22355749	27.75	-0.0130	-0.0700	-1.0040	3.59	NULL	NULL	0
2645	4	2	1	170803	082511.40	108.53773211	34.22355844	27.75	0.0300	-0.0530	-1.0070	3.59	NULL	NULL	0
2646	4	2	1	170803	082511.50	108.53773707	34.22355972	27.75	-0.0060	-0.0020	-0.9820	4.43	NULL	NULL	0
2647	4	2	1	170803	082511.60	108.53774193	34.22356080	27.75	-0.0770	-0.0110	-0.9950	4.43	NULL	NULL	0
2648	4	2	1	170803	082511.70	108.53774692	34.22356209	27.75	-0.0700	0.0370	-1.0200	4.43	NULL	NULL	0
2649	4	2	1	170803	082511.80	108.53775187	34.22356327	27.75	0.0450	-0.0500	-0.9650	104.33	NULL	NULL	0
2650	4	2	1	170803	082511.90	108.53775678	34.22356457	27.75	0.0300	-0.0100	-1.0040	104.33	NULL	NULL	0
2651	4	2	1	170803	082512.00	108.53776183	34.22356590	27.75	0.0550	-0.0110	-0.9770	104.33	NULL	NULL	0
2652	4	2	1	170803	082512.10	108.53776675	34.22356718	27.75	-0.0910	-0.0360	-1.0180	104.33	NULL	NULL	0
2653	4	2	1	170803	082512.20	108.53777213	34.22356957	27.75	-0.0360	-0.0030	-1.0370	3.96	NULL	NULL	0
2654	4	2	1	170803	082512.30	108.53777707	34.22357083	27.75	0.0060	0.0010	-0.9830	3.96	NULL	NULL	0
2655	4	2	1	170803	082512.40	108.53778217	34.22357210	27.75	-0.0070	-0.0380	-1.0050	3.50	NULL	NULL	0
2656	4	2	1	170803	082512.50	108.53778707	34.22357336	27.75	0.0750	-0.0420	-0.9850	3.50	NULL	NULL	0
2657	4	2	1	170803	082512.60	108.53779242	34.22357437	27.75	0.0360	-0.0330	-0.9770	3.50	NULL	NULL	0
2658	4	2	1	170803	082512.70	108.53779727	34.22357565	27.75	-0.0190	-0.0360	-0.9910	3.50	NULL	NULL	0
2659	4	2	1	170803	082512.80	108.53780148	34.22357683	27.75	-0.0160	0.0220	-1.0730	3.23	NULL	NULL	0
2660	4	2	1	170803	082512.90	108.53780637	34.22357804	27.75	0.0130	0.0160	-1.0120	3.23	NULL	NULL	0
2661	4	2	1	170803	082513.00	108.53781129	34.22357922	27.75	-0.0810	-0.0700	-1.0140	2.73	NULL	NULL	0
2662	4	2	1	170803	082513.10	108.53781614	34.22358047	27.75	0.1050	-0.0080	-1.0140	2.73	NULL	NULL	0
2663	4	2	1	170803	082513.20	108.53782115	34.22358144	27.75	0.0930	0.0170	-1.0090	2.73	NULL	NULL	0
2664	4	2	1	170803	082513.30	108.53782603	34.22358269	27.75	-0.0460	-0.0690	-1.0500	2.73	NULL	NULL	0
2665	4	2	1	170803	082513.40	108.53783053	34.22358299	27.75	0.0000	-0.0340	-1.0210	2.07	NULL	NULL	0
2666	4	2	1	170803	082513.50	108.53783537	34.22358424	27.75	0.0260	-0.0290	-0.9590	2.07	NULL	NULL	0
2667	4	2	1	170803	082513.60	108.53784128	34.22358821	27.75	0.0180	0.0070	-0.9870	2.07	NULL	NULL	0
2668	4	2	1	170803	082513.70	108.53784619	34.22358946	27.75	0.0770	-0.0300	-1.0160	1.87	NULL	NULL	0
2669	4	2	1	170803	082513.80	108.53785133	34.22359052	27.75	0.0820	0.0210	-1.0130	1.87	NULL	NULL	0
2670	4	2	1	170803	082513.90	108.53785622	34.22359184	27.75	0.0410	0.0110	-1.0120	1.87	NULL	NULL	0
2671	4	2	1	170803	082514.00	108.53786128	34.22359385	27.75	0.0250	-0.0540	-0.9860	1.90	NULL	NULL	0
2672	4	2	1	170803	082514.10	108.53786614	34.22359517	27.75	0.0080	-0.0310	-1.0320	1.90	NULL	NULL	0
2673	4	2	1	170803	082514.20	108.53787096	34.22359641	27.75	0.0160	0.0140	-0.9980	1.90	NULL	NULL	0
2674	4	2	1	170803	082514.30	108.53787583	34.22359772	27.75	0.0600	0.0010	-1.0260	1.76	NULL	NULL	0
2675	4	2	1	170803	082514.40	108.53788061	34.22359921	27.75	0.0670	0.0140	-0.9700	1.76	NULL	NULL	0
2676	4	2	1	170803	082514.50	108.53788548	34.22360052	27.75	0.0310	-0.0690	-1.0410	1.76	NULL	NULL	0
2677	4	2	1	170803	082514.60	108.53789032	34.22360167	27.75	0.0460	0.0260	-1.0260	1.74	NULL	NULL	0
2678	4	2	1	170803	082514.70	108.53789517	34.22360301	27.75	-0.0100	-0.0100	-1.0260	1.74	NULL	NULL	0
2679	4	2	1	170803	082514.80	108.53789953	34.22360254	27.75	-0.0660	0.0090	-1.0160	1.74	NULL	NULL	0
2680	4	2	1	170803	082514.90	108.53790446	34.22360376	27.75	0.0180	-0.0400	-0.9370	1.82	NULL	NULL	0
2681	4	2	1	170803	082515.00	108.53790903	34.22360523	25.90	0.0190	-0.0270	-1.0410	1.82	NULL	NULL	0
2682	4	2	1	170803	082515.10	108.53791387	34.22360646	27.75	-0.0010	0.0320	-1.0230	1.82	NULL	NULL	0
2683	4	2	1	170803	082515.20	108.53791936	34.22360907	27.75	-0.0800	-0.0290	-1.0640	0.05	NULL	NULL	0
2684	4	2	1	170803	082515.30	108.53792415	34.22361032	25.90	-0.0250	-0.0280	-0.9990	0.05	NULL	NULL	0
2685	4	2	1	170803	082515.40	108.53792903	34.22361141	25.90	-0.0970	0.0020	-0.9390	0.05	NULL	NULL	0
2686	4	2	1	170803	082515.50	108.53793387	34.22361262	27.75	-0.0020	0.0330	-1.0040	0.00	NULL	NULL	0
2687	4	2	1	170803	082515.60	108.53793843	34.22361409	25.90	-0.0290	0.0300	-0.9810	0.00	NULL	NULL	0
2688	4	2	1	170803	082515.70	108.53794318	34.22361534	25.90	-0.0290	-0.0210	-0.9660	0.00	NULL	NULL	0
2689	4	2	1	170803	082515.80	108.53794773	34.22361615	25.90	0.0040	-0.0460	-1.0230	0.00	NULL	NULL	0
2690	4	2	1	170803	082515.90	108.53795249	34.22361739	25.90	-0.0780	0.0020	-0.9650	0.00	NULL	NULL	0
2691	4	2	1	170803	082516.00	108.53795779	34.22361870	25.90	-0.0010	-0.0130	-0.9820	0.00	NULL	NULL	0
2692	4	2	1	170803	082516.10	108.53796251	34.22361993	25.90	-0.0160	0.0050	-1.0210	0.00	NULL	NULL	0
2693	4	2	1	170803	082516.20	108.53796670	34.22362005	25.90	-0.0220	-0.0700	-0.9440	1.96	NULL	NULL	0
2694	4	2	1	170803	082516.30	108.53797146	34.22362132	25.90	0.0170	-0.0690	-0.9940	1.96	NULL	NULL	0
2695	4	2	1	170803	082516.40	108.53797603	34.22362240	25.90	-0.0080	0.0030	-0.9950	1.85	NULL	NULL	0
2696	4	2	1	170803	082516.50	108.53798089	34.22362366	27.75	0.0780	0.0280	-0.9870	1.85	NULL	NULL	0
2697	4	2	1	170803	082516.60	108.53798606	34.22362520	27.75	0.0770	-0.0340	-0.9710	1.85	NULL	NULL	0
2698	4	2	1	170803	082516.70	108.53799089	34.22362647	27.75	0.1180	0.0190	-1.0220	3.13	NULL	NULL	0
2699	4	2	1	170803	082516.80	108.53799480	34.22362675	27.75	0.0910	0.0680	-1.0300	3.13	NULL	NULL	0
2700	4	2	1	170803	082516.90	108.53799969	34.22362799	27.75	0.0250	-0.0100	-1.0340	3.13	NULL	NULL	0
2701	4	2	1	170803	082517.00	108.53800551	34.22363094	27.75	0.0970	0.0050	-1.0060	4.05	NULL	NULL	0
2702	4	2	1	170803	082517.10	108.53801043	34.22363223	27.75	0.0280	-0.0320	-1.0170	4.05	NULL	NULL	0
2703	4	2	1	170803	082517.20	108.53801519	34.22363363	27.75	0.0310	-0.0120	-1.0010	4.05	NULL	NULL	0
2704	4	2	1	170803	082517.30	108.53802014	34.22363492	27.75	-0.0090	0.0210	-1.0680	4.05	NULL	NULL	0
2705	4	2	1	170803	082517.40	108.53802505	34.22363664	27.75	0.0180	0.0330	-1.0040	4.05	NULL	NULL	0
2706	4	2	1	170803	082517.50	108.53803005	34.22363789	27.75	-0.0600	-0.1150	-0.9840	4.05	NULL	NULL	0
2707	4	2	1	170803	082517.60	108.53803515	34.22363906	27.75	-0.0540	-0.0480	-0.9300	4.05	NULL	NULL	0
2708	4	2	1	170803	082517.70	108.53804012	34.22364036	27.75	0.0360	0.0660	-1.0030	4.08	NULL	NULL	0
2709	4	2	1	170803	082517.80	108.53804533	34.22364138	27.75	0.0400	-0.0780	-0.9740	4.08	NULL	NULL	0
2710	4	2	1	170803	082517.90	108.53805025	34.22364272	27.75	0.0730	-0.0420	-0.9890	4.08	NULL	NULL	0
2711	4	2	1	170803	082518.00	108.53805482	34.22364438	27.75	0.0530	-0.0530	-0.9630	3.03	NULL	NULL	0
2712	4	2	1	170803	082518.10	108.53805983	34.22364568	27.75	-0.0710	-0.0040	-0.9680	3.03	NULL	NULL	0
2713	4	2	1	170803	082518.20	108.53806504	34.22364656	27.75	-0.0970	-0.1140	-1.0420	3.03	NULL	NULL	0
2714	4	2	1	170803	082518.30	108.53806994	34.22364787	27.75	-0.0040	0.0310	-0.9490	2.42	NULL	NULL	0
2715	4	2	1	170803	082518.40	108.53807507	34.22364946	27.75	0.0280	-0.0370	-0.9970	2.42	NULL	NULL	0
2716	4	2	1	170803	082518.50	108.53807997	34.22365075	27.75	0.0510	0.0280	-0.9950	2.42	NULL	NULL	0
2717	4	2	1	170803	082518.60	108.53808492	34.22365260	27.75	0.0740	0.0130	-1.0050	2.10	NULL	NULL	0
2718	4	2	1	170803	082518.70	108.53808979	34.22365392	27.75	-0.0470	-0.0510	-1.0690	2.10	NULL	NULL	0
2719	4	2	1	170803	082518.80	108.53809470	34.22365523	27.75	-0.0360	0.0410	-1.0070	2.10	NULL	NULL	0
2720	4	2	1	170803	082518.90	108.53809952	34.22365656	27.75	0.0530	0.0400	-0.9980	1.94	NULL	NULL	0
2721	4	2	1	170803	082519.00	108.53810443	34.22365797	27.75	-0.0730	-0.0370	-0.9750	1.94	NULL	NULL	0
2722	4	2	1	170803	082519.10	108.53810929	34.22365930	27.75	0.0810	-0.0020	-0.9150	1.94	NULL	NULL	0
2723	4	2	1	170803	082519.20	108.53811405	34.22366051	27.75	0.0130	0.0360	-1.0670	1.94	NULL	NULL	0
2724	4	2	1	170803	082519.30	108.53811889	34.22366181	27.75	-0.0020	0.0390	-0.9900	1.94	NULL	NULL	0
2725	4	2	1	170803	082519.40	108.53812368	34.22366301	27.75	0.0160	0.0120	-0.9810	1.94	NULL	NULL	0
2726	4	2	1	170803	082519.50	108.53812854	34.22366429	27.75	0.0060	-0.0090	-1.0210	1.98	NULL	NULL	0
2727	4	2	1	170803	082519.60	108.53813280	34.22366474	27.75	-0.0510	-0.0260	-1.0010	1.98	NULL	NULL	0
2728	4	2	1	170803	082519.70	108.53813764	34.22366599	27.75	0.0620	0.0610	-1.0160	1.98	NULL	NULL	0
2729	4	2	1	170803	082519.80	108.53814325	34.22366829	27.75	0.0370	0.0110	-0.9720	104.42	NULL	NULL	0
2730	4	2	1	170803	082519.90	108.53814814	34.22366959	27.75	0.0100	0.0230	-0.9870	104.42	NULL	NULL	0
2731	4	2	1	170803	082520.00	108.53815311	34.22367096	27.75	0.0890	-0.0440	-0.9950	104.42	NULL	NULL	0
2732	4	2	1	170803	082520.10	108.53815801	34.22367224	27.75	-0.0040	0.0120	-0.9930	104.42	NULL	NULL	0
2733	4	2	1	170803	082520.20	108.53816299	34.22367358	27.75	-0.0180	0.0140	-0.9740	1.80	NULL	NULL	0
2734	4	2	1	170803	082520.30	108.53816791	34.22367487	27.75	0.0740	-0.0280	-0.9920	1.80	NULL	NULL	0
2735	4	2	1	170803	082520.40	108.53817288	34.22367621	27.75	0.0360	0.0190	-1.0070	1.60	NULL	NULL	0
2736	4	2	1	170803	082520.50	108.53817780	34.22367750	27.75	-0.0830	-0.0280	-1.0130	1.60	NULL	NULL	0
2737	4	2	1	170803	082520.60	108.53818176	34.22367728	27.75	0.0220	-0.0260	-1.0040	1.60	NULL	NULL	0
2738	4	2	1	170803	082520.70	108.53818672	34.22367858	27.75	-0.0290	0.0480	-1.0040	1.60	NULL	NULL	0
2739	4	2	1	170803	082520.80	108.53819199	34.22368033	27.75	-0.0060	0.0030	-1.0100	1.57	NULL	NULL	0
2740	4	2	1	170803	082520.90	108.53819693	34.22368163	27.75	0.0430	-0.0490	-1.0330	1.57	NULL	NULL	0
2741	4	2	1	170803	082521.00	108.53820155	34.22368239	27.75	-0.0030	-0.0490	-0.9650	1.56	NULL	NULL	0
2742	4	2	1	170803	082521.10	108.53820652	34.22368373	27.75	0.0280	-0.0070	-1.0030	1.56	NULL	NULL	0
2743	4	2	1	170803	082521.20	108.53821159	34.22368504	27.75	-0.0580	-0.0350	-1.0360	1.56	NULL	NULL	0
2744	4	2	1	170803	082521.30	108.53821659	34.22368639	27.75	-0.0200	-0.0570	-0.9790	1.56	NULL	NULL	0
2745	4	2	1	170803	082521.40	108.53822178	34.22368802	27.75	-0.0940	-0.0380	-0.9770	1.61	NULL	NULL	0
2746	4	2	1	170803	082521.50	108.53822677	34.22368940	27.75	0.0710	-0.0070	-1.0030	1.61	NULL	NULL	0
2747	4	2	1	170803	082521.60	108.53823173	34.22369066	27.75	-0.0080	-0.0060	-0.9560	1.61	NULL	NULL	0
2748	4	2	1	170803	082521.70	108.53823672	34.22369204	27.75	0.0690	-0.0080	-0.9970	2.62	NULL	NULL	0
2749	4	2	1	170803	082521.80	108.53824127	34.22369271	27.75	0.0520	-0.0140	-1.0230	2.62	NULL	NULL	0
2750	4	2	1	170803	082521.90	108.53824626	34.22369411	27.75	-0.0520	-0.0100	-0.9710	2.62	NULL	NULL	0
2751	4	2	1	170803	082522.00	108.53825064	34.22369481	27.75	0.0510	-0.0140	-1.0220	3.62	NULL	NULL	0
2752	4	2	1	170803	082522.10	108.53825560	34.22369618	27.75	0.0020	-0.0060	-0.9860	3.62	NULL	NULL	0
2753	4	2	1	170803	082522.20	108.53826083	34.22369809	27.75	-0.0670	0.0000	-1.0220	3.62	NULL	NULL	0
2754	4	2	1	170803	082522.30	108.53826581	34.22369942	27.75	0.0380	-0.0550	-1.0120	4.87	NULL	NULL	0
2755	4	2	1	170803	082522.40	108.53827031	34.22370016	27.75	0.0850	0.0210	-1.0130	4.87	NULL	NULL	0
2756	4	2	1	170803	082522.50	108.53827522	34.22370153	27.75	0.0160	-0.0040	-0.9960	4.87	NULL	NULL	0
2757	4	2	1	170803	082522.60	108.53828070	34.22370378	27.75	0.0050	0.0070	-1.0220	5.36	NULL	NULL	0
2758	4	2	1	170803	082522.70	108.53828558	34.22370508	27.75	0.0010	-0.0280	-1.0340	5.36	NULL	NULL	0
2759	4	2	1	170803	082522.80	108.53829056	34.22370642	27.75	-0.0060	-0.0110	-0.9900	5.36	NULL	NULL	0
2760	4	2	1	170803	082522.90	108.53829549	34.22370770	27.75	0.0710	-0.0060	-1.0200	3.82	NULL	NULL	0
2761	4	2	1	170803	082523.00	108.53830041	34.22370921	27.75	-0.0380	0.0300	-0.9080	3.82	NULL	NULL	0
2762	4	2	1	170803	082523.10	108.53830526	34.22371050	27.75	-0.0040	0.0150	-1.0040	3.82	NULL	NULL	0
2763	4	2	1	170803	082523.20	108.53830995	34.22371144	27.75	-0.0040	0.0110	-1.0170	3.82	NULL	NULL	0
2764	4	2	1	170803	082523.30	108.53831479	34.22371266	27.75	-0.0770	0.0180	-0.9320	3.82	NULL	NULL	0
2765	4	2	1	170803	082523.40	108.53831964	34.22371401	27.75	-0.1840	-0.0290	-0.9990	3.82	NULL	NULL	0
2766	4	2	1	170803	082523.50	108.53832443	34.22371523	25.90	-0.0300	0.0270	-1.0310	103.95	NULL	NULL	0
2767	4	2	1	170803	082523.60	108.53832928	34.22371656	25.90	-0.0690	-0.0150	-1.0450	103.95	NULL	NULL	0
2768	4	2	1	170803	082523.70	108.53833409	34.22371782	27.75	0.0110	-0.0230	-1.0400	103.95	NULL	NULL	0
2769	4	2	1	170803	082523.80	108.53833830	34.22371810	25.90	-0.0700	0.0340	-1.0420	4.54	NULL	NULL	0
2770	4	2	1	170803	082523.90	108.53834306	34.22371933	25.90	-0.0650	0.0120	-1.0130	4.54	NULL	NULL	0
2771	4	2	1	170803	082524.00	108.53834838	34.22372163	25.90	-0.1250	-0.0420	-0.9700	4.54	NULL	NULL	0
2772	4	2	1	170803	082524.10	108.53835310	34.22372286	25.90	0.1150	0.0380	-1.0180	4.54	NULL	NULL	0
2773	4	2	1	170803	082524.20	108.53835799	34.22372415	25.90	0.1450	-0.0100	-0.9250	4.54	NULL	NULL	0
2774	4	2	1	170803	082524.30	108.53836268	34.22372542	25.90	-0.0160	0.0350	-0.9770	4.54	NULL	NULL	0
2775	4	2	1	170803	082524.40	108.53836806	34.22372786	25.90	0.0360	-0.0470	-0.9820	3.44	NULL	NULL	0
2776	4	2	1	170803	082524.50	108.53837271	34.22372905	25.90	-0.0270	-0.0220	-1.0440	3.44	NULL	NULL	0
2777	4	2	1	170803	082524.60	108.53837745	34.22373032	25.90	-0.0110	-0.0220	-0.9990	3.44	NULL	NULL	0
2778	4	2	1	170803	082524.70	108.53838215	34.22373155	25.90	0.0710	-0.0190	-1.1120	3.44	NULL	NULL	0
2779	4	2	1	170803	082524.80	108.53838695	34.22373279	25.90	0.1170	-0.0350	-1.0000	2.72	NULL	NULL	0
2780	4	2	1	170803	082524.90	108.53839172	34.22373404	25.90	0.1000	0.0080	-1.0070	2.72	NULL	NULL	0
2781	4	2	1	170803	082525.00	108.53839649	34.22373528	25.90	0.1430	-0.0110	-0.9690	2.21	NULL	NULL	0
2782	4	2	1	170803	082525.10	108.53840132	34.22373655	27.75	0.0270	0.0560	-1.0150	2.21	NULL	NULL	0
2783	4	2	1	170803	082525.20	108.53840622	34.22373784	27.75	-0.0390	-0.0520	-1.0140	2.21	NULL	NULL	0
2784	4	2	1	170803	082525.30	108.53841109	34.22373915	27.75	0.0620	-0.0420	-1.0420	2.21	NULL	NULL	0
2785	4	2	1	170803	082525.40	108.53841601	34.22374043	27.75	0.0880	0.0140	-0.9720	1.98	NULL	NULL	0
2786	4	2	1	170803	082525.50	108.53842096	34.22374175	27.75	0.0660	-0.0160	-1.0020	1.98	NULL	NULL	0
2787	4	2	1	170803	082525.60	108.53842590	34.22374301	27.75	0.0320	-0.0340	-1.0360	1.98	NULL	NULL	0
2788	4	2	1	170803	082525.70	108.53843089	34.22374434	27.75	0.0350	-0.0780	-1.0000	1.85	NULL	NULL	0
2789	4	2	1	170803	082525.80	108.53843590	34.22374568	27.75	-0.0030	-0.0500	-0.9880	1.85	NULL	NULL	0
2790	4	2	1	170803	082525.90	108.53844088	34.22374704	27.75	0.0170	-0.0360	-1.0520	1.85	NULL	NULL	0
2791	4	2	1	170803	082526.00	108.53844558	34.22374787	27.75	0.0620	0.0140	-1.0460	1.89	NULL	NULL	0
2792	4	2	1	170803	082526.10	108.53845062	34.22374922	27.75	-0.1140	-0.0660	-1.0140	1.89	NULL	NULL	0
2793	4	2	1	170803	082526.20	108.53845550	34.22375024	27.75	-0.0750	-0.0670	-1.0000	1.89	NULL	NULL	0
2794	4	2	1	170803	082526.30	108.53846052	34.22375160	27.75	-0.0230	-0.0220	-0.9520	1.73	NULL	NULL	0
2795	4	2	1	170803	082526.40	108.53846564	34.22375324	27.75	-0.0650	-0.0120	-1.0250	1.73	NULL	NULL	0
2796	4	2	1	170803	082526.50	108.53847068	34.22375462	27.75	0.0510	-0.0370	-1.0310	1.73	NULL	NULL	0
2797	4	2	1	170803	082526.60	108.53847579	34.22375613	27.75	0.0480	-0.0300	-1.0000	1.85	NULL	NULL	0
2798	4	2	1	170803	082526.70	108.53848084	34.22375753	27.75	-0.0070	-0.0600	-1.0860	1.85	NULL	NULL	0
2799	4	2	1	170803	082526.80	108.53848573	34.22375868	27.75	0.0620	-0.0680	-0.9460	1.85	NULL	NULL	0
2800	4	2	1	170803	082526.90	108.53849076	34.22376009	27.75	-0.0690	0.0040	-0.9470	2.41	NULL	NULL	0
2801	4	2	1	170803	082527.00	108.53849587	34.22376168	27.75	0.0310	-0.0200	-0.9590	2.41	NULL	NULL	0
2802	4	2	1	170803	082527.10	108.53850083	34.22376306	27.75	-0.0130	-0.0150	-1.0210	2.41	NULL	NULL	0
2803	4	2	1	170803	082527.20	108.53850617	34.22376503	27.75	0.0240	0.0040	-0.9650	2.78	NULL	NULL	0
2804	4	2	1	170803	082527.30	108.53851112	34.22376642	27.75	0.0040	-0.0110	-1.0410	2.78	NULL	NULL	0
2805	4	2	1	170803	082527.40	108.53851612	34.22376781	27.75	-0.0240	-0.0500	-1.0290	2.78	NULL	NULL	0
2806	4	2	1	170803	082527.50	108.53852106	34.22376921	27.75	-0.0520	-0.0260	-0.9850	3.20	NULL	NULL	0
2807	4	2	1	170803	082527.60	108.53852598	34.22377059	27.75	-0.0730	0.0060	-0.9530	3.20	NULL	NULL	0
2808	4	2	1	170803	082527.70	108.53853090	34.22377196	27.75	-0.0340	-0.0250	-1.0060	3.20	NULL	NULL	0
2809	4	2	1	170803	082527.80	108.53853579	34.22377329	27.75	0.0500	0.0120	-1.0190	4.23	NULL	NULL	0
2810	4	2	1	170803	082527.90	108.53854065	34.22377467	27.75	0.1020	-0.0050	-0.9790	4.23	NULL	NULL	0
2811	4	2	1	170803	082528.00	108.53854545	34.22377600	27.75	-0.0470	0.0000	-0.9730	4.23	NULL	NULL	0
2812	4	2	1	170803	082528.10	108.53855032	34.22377734	27.75	0.0060	-0.0490	-0.9780	4.23	NULL	NULL	0
2813	4	2	1	170803	082528.20	108.53855516	34.22377869	27.75	-0.0260	0.0080	-1.0030	4.27	NULL	NULL	0
2814	4	2	1	170803	082528.30	108.53855994	34.22378004	27.75	-0.0680	-0.0470	-0.9590	4.27	NULL	NULL	0
2815	4	2	1	170803	082528.40	108.53856425	34.22378052	27.75	-0.0820	-0.0050	-0.9360	4.27	NULL	NULL	0
2816	4	2	1	170803	082528.50	108.53856905	34.22378185	27.75	0.0130	0.0130	-1.0170	4.27	NULL	NULL	0
2817	4	2	1	170803	082528.60	108.53857297	34.22378175	25.90	0.0430	0.0180	-1.0460	4.27	NULL	NULL	0
2818	4	2	1	170803	082528.70	108.53857774	34.22378307	25.90	-0.0200	-0.0330	-0.9780	491.69	NULL	NULL	0
2819	4	2	1	170803	082528.80	108.53858223	34.22378397	25.90	-0.0180	0.0130	-0.9540	2.81	NULL	NULL	0
2820	4	2	1	170803	082528.90	108.53858693	34.22378530	25.90	0.0030	0.0190	-0.9440	2.81	NULL	NULL	0
2821	4	2	1	170803	082529.00	108.53859198	34.22378718	25.90	-0.0290	-0.0250	-0.9350	2.81	NULL	NULL	0
2822	4	2	1	170803	082529.10	108.53859667	34.22378847	25.90	0.0000	0.0130	-1.0390	2.81	NULL	NULL	0
2823	4	2	1	170803	082529.20	108.53860129	34.22378966	25.90	0.0770	-0.0930	-1.0600	2.81	NULL	NULL	0
2824	4	2	1	170803	082529.30	108.53860598	34.22379095	25.90	-0.0360	-0.0180	-1.0000	2.81	NULL	NULL	0
2825	4	2	1	170803	082529.40	108.53861092	34.22379267	25.90	-0.0410	0.0370	-0.9640	2.28	NULL	NULL	0
2826	4	2	1	170803	082529.50	108.53861555	34.22379394	25.90	-0.1080	-0.0180	-0.9670	2.28	NULL	NULL	0
2827	4	2	1	170803	082529.60	108.53862073	34.22379608	25.90	-0.0450	-0.0030	-0.9750	2.28	NULL	NULL	0
2828	4	2	1	170803	082529.70	108.53862538	34.22379737	25.90	0.0920	0.0220	-0.9550	1.99	NULL	NULL	0
2829	4	2	1	170803	082529.80	108.53862996	34.22379849	25.90	-0.0520	-0.0300	-1.0580	1.99	NULL	NULL	0
2830	4	2	1	170803	082529.90	108.53863467	34.22379978	25.90	-0.0410	-0.0440	-1.0230	1.99	NULL	NULL	0
2831	4	2	1	170803	082530.00	108.53863844	34.22379953	25.90	0.1050	-0.0200	-0.9820	1.85	NULL	NULL	0
2832	4	2	1	170803	082530.10	108.53864313	34.22380078	25.90	0.0170	-0.0200	-1.0120	1.85	NULL	NULL	0
2833	4	2	1	170803	082530.20	108.53864781	34.22380199	25.90	0.0500	0.0030	-1.0240	1.85	NULL	NULL	0
2834	4	2	1	170803	082530.30	108.53865256	34.22380332	25.90	0.0190	-0.0080	-1.0260	1.80	NULL	NULL	0
2835	4	2	1	170803	082530.40	108.53865733	34.22380466	25.90	-0.0390	-0.0520	-1.0400	1.80	NULL	NULL	0
2836	4	2	1	170803	082530.50	108.53866213	34.22380601	27.75	0.0010	-0.0390	-0.9780	1.80	NULL	NULL	0
2837	4	2	1	170803	082530.60	108.53866725	34.22380787	27.75	0.0990	0.0000	-0.9550	1.83	NULL	NULL	0
2838	4	2	1	170803	082530.70	108.53867209	34.22380922	27.75	0.0860	0.0380	-1.0030	1.83	NULL	NULL	0
2839	4	2	1	170803	082530.80	108.53867702	34.22381075	27.75	0.0210	-0.0410	-1.0460	1.83	NULL	NULL	0
2840	4	2	1	170803	082530.90	108.53868183	34.22381212	27.75	0.0040	-0.0230	-0.9310	2.62	NULL	NULL	0
2841	4	2	1	170803	082531.00	108.53868626	34.22381277	27.75	0.0180	-0.0260	-1.0230	2.62	NULL	NULL	0
2842	4	2	1	170803	082531.10	108.53869111	34.22381416	27.75	0.0810	0.0030	-0.9910	2.62	NULL	NULL	0
2843	4	2	1	170803	082531.20	108.53869595	34.22381552	27.75	-0.0340	0.0110	-1.0100	21.10	NULL	NULL	0
2844	4	2	1	170803	082531.30	108.53870079	34.22381690	27.75	0.0680	-0.0270	-1.0540	21.10	NULL	NULL	0
2845	4	2	1	170803	082531.40	108.53870589	34.22381867	27.75	0.0290	-0.0340	-1.0050	21.10	NULL	NULL	0
2846	4	2	1	170803	082531.50	108.53871072	34.22382006	27.75	0.0160	-0.0050	-0.9900	103.49	NULL	NULL	0
2847	4	2	1	170803	082531.60	108.53871560	34.22382152	27.75	-0.0730	-0.0240	-1.0050	103.49	NULL	NULL	0
2848	4	2	1	170803	082531.70	108.53872044	34.22382287	27.75	-0.0200	-0.0560	-0.9970	103.49	NULL	NULL	0
2849	4	2	1	170803	082531.80	108.53872509	34.22382400	27.75	0.0050	0.0050	-0.9980	3.70	NULL	NULL	0
2850	4	2	1	170803	082531.90	108.53872989	34.22382540	27.75	0.0620	-0.0510	-1.0330	3.70	NULL	NULL	0
2851	4	2	1	170803	082532.00	108.53873462	34.22382664	27.75	0.0510	-0.0190	-0.9690	3.70	NULL	NULL	0
2852	4	2	1	170803	082532.10	108.53873942	34.22382803	27.75	-0.0820	-0.0260	-1.0220	3.70	NULL	NULL	0
2853	4	2	1	170803	082532.20	108.53874421	34.22382938	27.75	-0.0620	0.0020	-0.9700	3.06	NULL	NULL	0
2854	4	2	1	170803	082532.30	108.53874902	34.22383074	27.75	0.0320	-0.0210	-0.9640	3.06	NULL	NULL	0
2855	4	2	1	170803	082532.40	108.53875376	34.22383205	27.75	-0.0190	0.0150	-1.0220	2.49	NULL	NULL	0
2856	4	2	1	170803	082532.50	108.53875858	34.22383344	27.75	-0.0440	0.0240	-1.1660	2.49	NULL	NULL	0
2857	4	2	1	170803	082532.60	108.53876338	34.22383481	27.75	0.0750	0.0130	-1.0810	2.49	NULL	NULL	0
2858	4	2	1	170803	082532.70	108.53876816	34.22383620	27.75	-0.0540	0.0010	-0.9830	2.49	NULL	NULL	0
2859	4	2	1	170803	082532.80	108.53877293	34.22383755	27.75	-0.0090	-0.0800	-0.9950	2.25	NULL	NULL	0
2860	4	2	1	170803	082532.90	108.53877767	34.22383894	25.90	0.0400	-0.0030	-1.0170	2.25	NULL	NULL	0
2861	4	2	1	170803	082533.00	108.53878246	34.22384027	27.75	-0.0480	0.0200	-1.0130	2.25	NULL	NULL	0
2862	4	2	1	170803	082533.10	108.53878723	34.22384167	27.75	-0.0230	0.0040	-1.0210	2.25	NULL	NULL	0
2863	4	2	1	170803	082533.20	108.53879197	34.22384297	25.90	-0.0510	-0.0440	-1.0540	2.25	NULL	NULL	0
2864	4	2	1	170803	082533.30	108.53879666	34.22384436	25.90	-0.0660	0.0150	-0.9750	2.25	NULL	NULL	0
2865	4	2	1	170803	082533.40	108.53880140	34.22384571	25.90	-0.0780	0.0160	-0.9750	2.81	NULL	NULL	0
2866	4	2	1	170803	082533.50	108.53880609	34.22384702	25.90	-0.0260	-0.0230	-1.0070	2.81	NULL	NULL	0
2867	4	2	1	170803	082533.60	108.53881070	34.22384834	25.90	0.0160	-0.0010	-0.9730	2.81	NULL	NULL	0
2868	4	2	1	170803	082533.70	108.53881538	34.22384969	25.90	0.0580	0.0430	-0.9880	2.68	NULL	NULL	0
2869	4	2	1	170803	082533.80	108.53882002	34.22385101	25.90	0.0060	-0.0180	-0.9960	2.68	NULL	NULL	0
2870	4	2	1	170803	082533.90	108.53882469	34.22385231	25.90	-0.0890	-0.0670	-1.0110	2.68	NULL	NULL	0
2871	4	2	1	170803	082534.00	108.53882931	34.22385363	25.90	-0.0300	0.0110	-1.0050	2.03	NULL	NULL	0
2872	4	2	1	170803	082534.10	108.53883393	34.22385496	25.90	-0.0070	-0.0360	-0.9800	2.03	NULL	NULL	0
2873	4	2	1	170803	082534.20	108.53883853	34.22385662	25.90	-0.0240	-0.0270	-1.0460	2.03	NULL	NULL	0
2874	4	2	1	170803	082534.30	108.53884308	34.22385791	25.90	-0.0060	-0.0340	-0.9760	1.77	NULL	NULL	0
2875	4	2	1	170803	082534.40	108.53884767	34.22385910	25.90	-0.0390	-0.0450	-0.9270	1.77	NULL	NULL	0
2876	4	2	1	170803	082534.50	108.53885223	34.22386044	25.90	-0.0280	0.0120	-0.9650	1.77	NULL	NULL	0
2877	4	2	1	170803	082534.60	108.53885667	34.22386159	25.90	-0.0270	0.0190	-0.9960	2.03	NULL	NULL	0
2878	4	2	1	170803	082534.70	108.53886122	34.22386291	25.90	0.0080	0.0280	-0.9740	2.03	NULL	NULL	0
2879	4	2	1	170803	082534.80	108.53886574	34.22386420	25.90	-0.0200	-0.0160	-0.9860	2.03	NULL	NULL	0
2880	4	2	1	170803	082534.90	108.53887022	34.22386548	25.90	0.0490	-0.0420	-0.9830	2.14	NULL	NULL	0
2881	4	2	1	170803	082535.00	108.53887473	34.22386674	25.90	0.0130	-0.0320	-0.9410	2.14	NULL	NULL	0
2882	4	2	1	170803	082535.10	108.53887929	34.22386801	25.90	0.1030	-0.0320	-1.0750	2.14	NULL	NULL	0
2883	4	2	1	170803	082535.20	108.53888384	34.22386933	25.90	0.0790	0.0280	-1.0220	1.92	NULL	NULL	0
2884	4	2	1	170803	082535.30	108.53888844	34.22387064	25.90	-0.0140	-0.0710	-0.9490	1.92	NULL	NULL	0
2885	4	2	1	170803	082535.40	108.53889456	34.22387059	25.90	-0.0590	-0.0060	-1.0610	1.92	NULL	NULL	0
2886	4	2	1	170803	082535.50	108.53889923	34.22387192	25.90	0.0310	-0.0450	-0.9730	1.93	NULL	NULL	0
2887	4	2	1	170803	082535.60	108.53890378	34.22387340	25.90	0.0560	0.0400	-1.0300	1.93	NULL	NULL	0
2888	4	2	1	170803	082535.70	108.53890853	34.22387474	25.90	0.0560	-0.0320	-1.0250	1.93	NULL	NULL	0
2889	4	2	1	170803	082535.80	108.53891307	34.22387623	25.90	0.0770	-0.0390	-0.9940	2.29	NULL	NULL	0
2890	4	2	1	170803	082535.90	108.53891785	34.22387759	27.75	0.0220	-0.0030	-0.9660	2.29	NULL	NULL	0
2891	4	2	1	170803	082536.00	108.53892212	34.22387938	27.75	0.0180	0.0080	-1.0130	2.29	NULL	NULL	0
2892	4	2	1	170803	082536.10	108.53892695	34.22388071	27.75	0.0290	-0.0300	-0.9590	2.29	NULL	NULL	0
2893	4	2	1	170803	082536.20	108.53893136	34.22388251	27.75	0.0020	0.0070	-1.0030	2.72	NULL	NULL	0
2894	4	2	1	170803	082536.30	108.53893625	34.22388390	27.75	0.0000	-0.0330	-1.0360	2.72	NULL	NULL	0
2895	4	2	1	170803	082536.40	108.53894079	34.22388558	27.75	-0.0080	0.0020	-1.0670	2.72	NULL	NULL	0
2896	4	2	1	170803	082536.50	108.53894573	34.22388696	27.75	0.0000	0.0030	-1.0180	2.72	NULL	NULL	0
2897	4	2	1	170803	082536.60	108.53895063	34.22388838	27.75	0.0290	0.0110	-0.9970	2.72	NULL	NULL	0
2898	4	2	1	170803	082536.70	108.53895555	34.22388984	27.75	0.0960	0.0630	-1.0400	2.72	NULL	NULL	0
2899	4	2	1	170803	082536.80	108.53896053	34.22389124	27.75	0.0840	0.0140	-1.0600	2.35	NULL	NULL	0
2900	4	2	1	170803	082536.90	108.53896550	34.22389267	27.75	0.0300	-0.0380	-1.0400	2.35	NULL	NULL	0
2901	4	2	1	170803	082537.00	108.53897046	34.22389410	27.75	0.0430	-0.0640	-0.9880	2.05	NULL	NULL	0
2902	4	2	1	170803	082537.10	108.53897546	34.22389556	27.75	-0.0070	0.0230	-1.0080	2.05	NULL	NULL	0
2903	4	2	1	170803	082537.20	108.53898044	34.22389698	27.75	-0.0330	-0.0410	-0.9800	2.05	NULL	NULL	0
2904	4	2	1	170803	082537.30	108.53898540	34.22389843	27.75	0.0430	-0.0390	-1.0340	2.05	NULL	NULL	0
2905	4	2	1	170803	082537.40	108.53899037	34.22389990	27.75	0.0510	0.0630	-1.0080	2.04	NULL	NULL	0
2906	4	2	1	170803	082537.50	108.53899533	34.22390134	27.75	-0.0060	-0.0090	-1.0200	2.04	NULL	NULL	0
2907	4	2	1	170803	082537.60	108.53900153	34.22390174	27.75	-0.0770	-0.0240	-1.0330	2.04	NULL	NULL	0
2908	4	2	1	170803	082537.70	108.53900648	34.22390320	27.75	-0.1320	-0.0130	-1.0360	1.83	NULL	NULL	0
2909	4	2	1	170803	082537.80	108.53901109	34.22390487	27.75	-0.0510	-0.0240	-1.0030	1.83	NULL	NULL	0
2910	4	2	1	170803	082537.90	108.53901601	34.22390633	27.75	0.0460	-0.0060	-1.0160	1.83	NULL	NULL	0
2911	4	2	1	170803	082538.00	108.53902125	34.22390746	27.75	-0.0570	-0.0420	-1.0190	1.73	NULL	NULL	0
2912	4	2	1	170803	082538.10	108.53902611	34.22390890	27.75	-0.0070	-0.0100	-1.0700	1.73	NULL	NULL	0
2913	4	2	1	170803	082538.20	108.53903151	34.22390993	27.75	0.0610	-0.0140	-0.9310	1.73	NULL	NULL	0
2914	4	2	1	170803	082538.30	108.53903639	34.22391136	27.75	-0.1320	-0.0020	-1.0120	1.90	NULL	NULL	0
2915	4	2	1	170803	082538.40	108.53904122	34.22391279	27.75	-0.1210	0.0180	-1.0030	1.90	NULL	NULL	0
2916	4	2	1	170803	082538.50	108.53904601	34.22391421	27.75	-0.0340	-0.0580	-0.9890	1.90	NULL	NULL	0
2917	4	2	1	170803	082538.60	108.53905082	34.22391565	27.75	-0.0060	-0.0300	-1.0290	2.12	NULL	NULL	0
2918	4	2	1	170803	082538.70	108.53905562	34.22391707	27.75	0.0020	0.0020	-1.0420	2.12	NULL	NULL	0
2919	4	2	1	170803	082538.80	108.53906040	34.22391852	27.75	0.0140	-0.0000	-1.0520	2.12	NULL	NULL	0
2920	4	2	1	170803	082538.90	108.53906517	34.22391991	27.75	-0.0700	0.0020	-0.9630	3.14	NULL	NULL	0
2921	4	2	1	170803	082539.00	108.53906801	34.22392297	25.90	0.0030	-0.0290	-0.9220	3.14	NULL	NULL	0
2922	4	2	1	170803	082539.10	108.53907263	34.22392446	25.90	0.0740	0.0550	-1.0010	3.14	NULL	NULL	0
2923	4	2	1	170803	082539.20	108.53907946	34.22392410	25.90	0.0170	-0.0380	-1.0200	3.58	NULL	NULL	0
2924	4	2	1	170803	082539.30	108.53908416	34.22392550	25.90	0.0760	-0.0330	-1.0750	3.58	NULL	NULL	0
2925	4	2	1	170803	082539.40	108.53908877	34.22392687	25.90	0.1340	-0.0370	-1.0250	3.58	NULL	NULL	0
2926	4	2	1	170803	082539.50	108.53909350	34.22392827	25.90	-0.0750	-0.0600	-0.9270	20.70	NULL	NULL	0
2927	4	2	1	170803	082539.60	108.53909819	34.22392966	25.90	-0.0930	0.0030	-0.9990	20.70	NULL	NULL	0
2928	4	2	1	170803	082539.70	108.53910282	34.22393104	25.90	-0.0720	-0.0500	-0.9630	20.70	NULL	NULL	0
2929	4	2	1	170803	082539.80	108.53910788	34.22393393	25.90	-0.0400	0.0230	-0.9280	3.90	NULL	NULL	0
2930	4	2	1	170803	082539.90	108.53911249	34.22393531	25.90	0.0100	-0.0350	-0.9420	3.90	NULL	NULL	0
2931	4	2	1	170803	082540.00	108.53911647	34.22393534	25.90	0.0030	-0.0030	-1.0810	3.90	NULL	NULL	0
2932	4	2	1	170803	082540.10	108.53912109	34.22393669	25.90	-0.0510	-0.0030	-0.9770	3.90	NULL	NULL	0
2933	4	2	1	170803	082540.20	108.53912607	34.22393915	25.90	-0.0880	-0.0500	-1.0090	2.49	NULL	NULL	0
2934	4	2	1	170803	082540.30	108.53913065	34.22394051	25.90	0.0650	-0.0210	-0.9580	2.49	NULL	NULL	0
2935	4	2	1	170803	082540.40	108.53913533	34.22394221	25.90	-0.0250	0.0010	-0.9750	2.39	NULL	NULL	0
2936	4	2	1	170803	082540.50	108.53913988	34.22394351	25.90	0.0190	-0.0210	-0.9930	2.39	NULL	NULL	0
2937	4	2	1	170803	082540.60	108.53914404	34.22394363	25.90	0.0440	0.0410	-1.0240	2.39	NULL	NULL	0
2938	4	2	1	170803	082540.70	108.53914854	34.22394496	25.90	-0.0110	-0.0460	-1.0530	2.39	NULL	NULL	0
2939	4	2	1	170803	082540.80	108.53915321	34.22394695	25.90	0.1080	0.0090	-1.0180	1.89	NULL	NULL	0
2940	4	2	1	170803	082540.90	108.53915772	34.22394826	25.90	-0.0610	-0.0040	-1.0180	1.89	NULL	NULL	0
2941	4	2	1	170803	082541.00	108.53916220	34.22394972	25.90	0.0020	0.0330	-1.0730	1.62	NULL	NULL	0
2942	4	2	1	170803	082541.10	108.53916671	34.22395104	25.90	-0.0340	0.0020	-1.0160	1.62	NULL	NULL	0
2943	4	2	1	170803	082541.20	108.53917140	34.22395287	25.90	-0.0300	-0.0020	-1.0120	1.62	NULL	NULL	0
2944	4	2	1	170803	082541.30	108.53917588	34.22395420	25.90	0.0670	0.0580	-0.9680	1.62	NULL	NULL	0
2945	4	2	1	170803	082541.40	108.53918056	34.22395567	25.90	0.0470	-0.0270	-0.9810	1.62	NULL	NULL	0
2946	4	2	1	170803	082541.50	108.53918501	34.22395698	25.90	-0.0040	-0.0840	-0.9990	1.62	NULL	NULL	0
2947	4	2	1	170803	082541.60	108.53918879	34.22395677	25.90	0.0870	-0.0380	-0.9610	1.62	NULL	NULL	0
2948	4	2	1	170803	082541.70	108.53919325	34.22395810	25.90	0.0130	-0.0330	-0.9470	2.48	NULL	NULL	0
2949	4	2	1	170803	082541.80	108.53919804	34.22396010	25.90	-0.0010	-0.0960	-0.9700	2.48	NULL	NULL	0
2950	4	2	1	170803	082541.90	108.53920243	34.22396139	24.05	0.0100	-0.0290	-0.9430	2.48	NULL	NULL	0
2951	4	2	1	170803	082542.00	108.53920685	34.22396275	24.05	0.0020	-0.0580	-0.9720	2.62	NULL	NULL	0
2952	4	2	1	170803	082542.10	108.53921122	34.22396409	24.05	0.0990	-0.0270	-0.9840	2.62	NULL	NULL	0
2953	4	2	1	170803	082542.20	108.53921581	34.22396560	24.05	0.0220	-0.0650	-0.9990	2.62	NULL	NULL	0
2954	4	2	1	170803	082542.30	108.53922024	34.22396695	25.90	-0.0380	0.0540	-1.1230	2.67	NULL	NULL	0
2955	4	2	1	170803	082542.40	108.53922477	34.22396850	24.05	-0.0190	0.0240	-0.9320	2.67	NULL	NULL	0
2956	4	2	1	170803	082542.50	108.53922913	34.22396983	24.05	0.0280	0.0330	-0.8690	2.67	NULL	NULL	0
2957	4	2	1	170803	082542.60	108.53923374	34.22397156	24.05	-0.0520	0.0160	-1.0670	2.80	NULL	NULL	0
2958	4	2	1	170803	082542.70	108.53923811	34.22397286	24.05	0.1440	-0.0300	-1.0130	2.80	NULL	NULL	0
2959	4	2	1	170803	082542.80	108.53924226	34.22397377	24.05	0.1560	-0.0170	-1.1240	2.80	NULL	NULL	0
2960	4	2	1	170803	082542.90	108.53924670	34.22397512	24.05	0.0850	-0.0470	-1.0760	2.93	NULL	NULL	0
2961	4	2	1	170803	082543.00	108.53925128	34.22397717	25.90	0.1420	-0.0310	-1.0160	2.93	NULL	NULL	0
2962	4	2	1	170803	082543.10	108.53925589	34.22397853	25.90	0.0540	-0.0890	-0.9720	2.93	NULL	NULL	0
2963	4	2	1	170803	082543.20	108.53926055	34.22398003	25.90	0.0210	-0.0700	-0.9690	3.10	NULL	NULL	0
2964	4	2	1	170803	082543.30	108.53926517	34.22398142	25.90	0.0300	-0.0450	-0.8910	3.10	NULL	NULL	0
2965	4	2	1	170803	082543.40	108.53926955	34.22398281	25.90	0.0780	0.0060	-0.8750	3.10	NULL	NULL	0
2966	4	2	1	170803	082543.50	108.53927426	34.22398421	25.90	0.0940	-0.0780	-0.9450	21.08	NULL	NULL	0
2967	4	2	1	170803	082543.60	108.53927918	34.22398562	25.90	0.0990	0.0600	-1.0130	21.08	NULL	NULL	0
2968	4	2	1	170803	082543.70	108.53928395	34.22398703	27.75	-0.0590	0.0070	-1.0760	21.08	NULL	NULL	0
2969	4	2	1	170803	082543.80	108.53928872	34.22398851	27.75	-0.0110	-0.0660	-1.0330	3.10	NULL	NULL	0
2970	4	2	1	170803	082543.90	108.53929352	34.22398994	27.75	0.0740	-0.0920	-0.9120	3.10	NULL	NULL	0
2971	4	2	1	170803	082544.00	108.53929823	34.22399106	27.75	-0.0220	-0.0420	-0.9980	3.10	NULL	NULL	0
2972	4	2	1	170803	082544.10	108.53930308	34.22399251	27.75	0.0660	0.0790	-1.0730	3.10	NULL	NULL	0
2973	4	2	1	170803	082544.20	108.53930791	34.22399347	27.75	0.0740	-0.0550	-0.9880	3.11	NULL	NULL	0
2974	4	2	1	170803	082544.30	108.53931276	34.22399493	27.75	-0.0040	-0.0370	-0.8690	3.11	NULL	NULL	0
2975	4	2	1	170803	082544.40	108.53931763	34.22399652	27.75	-0.0310	0.0220	-0.9960	2.34	NULL	NULL	0
2976	4	2	1	170803	082544.50	108.53932246	34.22399800	27.75	0.0270	-0.0110	-1.0380	2.34	NULL	NULL	0
2977	4	2	1	170803	082544.60	108.53932722	34.22399895	27.75	0.0410	-0.0280	-0.9540	2.34	NULL	NULL	0
2978	4	2	1	170803	082544.70	108.53933207	34.22400045	27.75	0.1070	-0.0110	-1.0510	2.34	NULL	NULL	0
2979	4	2	1	170803	082544.80	108.53933721	34.22400282	27.75	0.0700	-0.0520	-0.9280	2.04	NULL	NULL	0
2980	4	2	1	170803	082544.90	108.53934210	34.22400427	27.75	-0.0350	0.0240	-0.9470	2.04	NULL	NULL	0
2981	4	2	1	170803	082545.00	108.53934655	34.22400492	27.75	-0.0770	0.0020	-1.0530	2.04	NULL	NULL	0
2982	4	2	1	170803	082545.10	108.53935138	34.22400641	27.75	0.0200	0.0100	-0.9760	2.04	NULL	NULL	0
2983	4	2	1	170803	082545.20	108.53935650	34.22400864	27.75	0.0110	-0.0200	-1.0060	2.04	NULL	NULL	0
2984	4	2	1	170803	082545.30	108.53936127	34.22401010	27.75	0.0170	0.0230	-1.0030	2.04	NULL	NULL	0
2985	4	2	1	170803	082545.40	108.53936648	34.22401271	27.75	0.0800	-0.0570	-0.9970	1.83	NULL	NULL	0
2986	4	2	1	170803	082545.50	108.53937124	34.22401416	27.75	0.0090	-0.0100	-0.9840	1.83	NULL	NULL	0
2987	4	2	1	170803	082545.60	108.53937602	34.22401562	27.75	-0.0250	-0.0670	-0.9640	1.83	NULL	NULL	0
2988	4	2	1	170803	082545.70	108.53938073	34.22401708	25.90	0.0170	-0.0160	-1.0190	1.74	NULL	NULL	0
2989	4	2	1	170803	082545.80	108.53938483	34.22401936	27.75	0.1130	-0.0410	-0.8820	1.74	NULL	NULL	0
2990	4	2	1	170803	082545.90	108.53938950	34.22402083	25.90	0.0130	0.0010	-0.9470	1.74	NULL	NULL	0
2991	4	2	1	170803	082546.00	108.53939322	34.22402352	25.90	0.0320	-0.0430	-1.0290	1.68	NULL	NULL	0
2992	4	2	1	170803	082546.10	108.53939792	34.22402496	25.90	-0.1200	-0.1180	-0.9770	1.68	NULL	NULL	0
2993	4	2	1	170803	082546.20	108.53940291	34.22402588	25.90	-0.1080	0.0070	-1.0210	1.68	NULL	NULL	0
2994	4	2	1	170803	082546.30	108.53940752	34.22402737	25.90	-0.0580	-0.0210	-0.9550	1.67	NULL	NULL	0
2995	4	2	1	170803	082546.40	108.53941182	34.22402715	25.90	-0.0880	-0.0180	-1.0210	1.67	NULL	NULL	0
2996	4	2	1	170803	082546.50	108.53941644	34.22402856	25.90	-0.0030	-0.0530	-0.9890	1.67	NULL	NULL	0
2997	4	2	1	170803	082546.60	108.53942198	34.22402891	25.90	0.0160	-0.0040	-1.0290	1.75	NULL	NULL	0
2998	4	2	1	170803	082546.70	108.53942654	34.22403037	25.90	0.0060	0.0460	-1.0000	1.75	NULL	NULL	0
2999	4	2	1	170803	082546.80	108.53943126	34.22403219	25.90	0.0210	-0.0140	-1.0450	1.75	NULL	NULL	0
3000	4	2	1	170803	082546.90	108.53943579	34.22403361	25.90	0.0680	-0.0280	-1.0390	2.03	NULL	NULL	0
3001	4	2	1	170803	082547.00	108.53944024	34.22403493	25.90	-0.0300	0.0180	-1.0100	2.03	NULL	NULL	0
3002	4	2	1	170803	082547.10	108.53944476	34.22403635	25.90	-0.0290	-0.0150	-1.0130	2.03	NULL	NULL	0
3003	4	2	1	170803	082547.20	108.53944733	34.22403927	25.90	-0.0720	0.0310	-1.0100	102.86	NULL	NULL	0
3004	4	2	1	170803	082547.30	108.53945181	34.22404070	25.90	0.0340	-0.0350	-1.0310	102.86	NULL	NULL	0
3005	4	2	1	170803	082547.40	108.53945593	34.22404123	25.90	0.0180	-0.0090	-0.9910	102.86	NULL	NULL	0
3006	4	2	1	170803	082547.50	108.53946037	34.22404269	25.90	0.1050	-0.0310	-0.9940	3.82	NULL	NULL	0
3007	4	2	1	170803	082547.60	108.53946543	34.22404450	25.90	-0.0290	0.0180	-1.0480	3.82	NULL	NULL	0
3008	4	2	1	170803	082547.70	108.53947000	34.22404594	25.90	0.1280	-0.0230	-0.9760	3.82	NULL	NULL	0
3009	4	2	1	170803	082547.80	108.53947611	34.22404654	25.90	0.1530	-0.0660	-1.0000	20.70	NULL	NULL	0
3010	4	2	1	170803	082547.90	108.53948070	34.22404804	25.90	0.0720	-0.0480	-0.9900	20.70	NULL	NULL	0
3011	4	2	1	170803	082548.00	108.53948530	34.22404961	25.90	0.0770	0.0180	-0.9960	20.70	NULL	NULL	0
3012	4	2	1	170803	082548.10	108.53948998	34.22405110	25.90	-0.0100	0.0180	-0.9770	20.70	NULL	NULL	0
3013	4	2	1	170803	082548.20	108.53949376	34.22405232	25.90	0.0320	-0.0390	-1.0580	4.63	NULL	NULL	0
3014	4	2	1	170803	082548.30	108.53949849	34.22405386	27.75	0.0480	-0.0150	-0.9620	4.63	NULL	NULL	0
3015	4	2	1	170803	082548.40	108.53950266	34.22405561	27.75	0.0950	0.0160	-1.0720	3.17	NULL	NULL	0
3016	4	2	1	170803	082548.50	108.53950744	34.22405715	27.75	0.0520	-0.0030	-1.0560	3.17	NULL	NULL	0
3017	4	2	1	170803	082548.60	108.53951308	34.22405783	27.75	0.0960	-0.0070	-1.0420	3.17	NULL	NULL	0
3018	4	2	1	170803	082548.70	108.53951788	34.22405937	27.75	0.0170	0.0150	-0.9790	2.71	NULL	NULL	0
3019	4	2	1	170803	082548.80	108.53952173	34.22406227	27.75	-0.0690	0.0530	-0.9800	2.71	NULL	NULL	0
3020	4	2	1	170803	082548.90	108.53952658	34.22406382	27.75	0.0110	-0.0960	-1.0490	2.71	NULL	NULL	0
3021	4	2	1	170803	082549.00	108.53953162	34.22406558	27.75	0.0160	-0.0570	-0.9330	2.98	NULL	NULL	0
3022	4	2	1	170803	082549.10	108.53953649	34.22406719	27.75	0.0330	-0.0060	-1.0150	2.98	NULL	NULL	0
3023	4	2	1	170803	082549.20	108.53954113	34.22406827	27.75	0.0520	0.0190	-1.0630	2.98	NULL	NULL	0
3024	4	2	1	170803	082549.30	108.53954600	34.22406982	27.75	-0.0260	0.0060	-1.0520	2.98	NULL	NULL	0
3025	4	2	1	170803	082549.40	108.53955100	34.22407146	27.75	-0.0040	-0.0070	-0.9640	2.98	NULL	NULL	0
3026	4	2	1	170803	082549.50	108.53955590	34.22407301	27.75	0.0410	-0.0180	-1.0050	2.98	NULL	NULL	0
3027	4	2	1	170803	082549.60	108.53956078	34.22407445	27.75	-0.0080	0.0060	-1.0400	2.98	NULL	NULL	0
3028	4	2	1	170803	082549.70	108.53956571	34.22407598	27.75	0.0840	-0.0130	-1.0800	2.10	NULL	NULL	0
3029	4	2	1	170803	082549.80	108.53957065	34.22407773	27.75	0.0930	0.0360	-1.0150	2.10	NULL	NULL	0
3030	4	2	1	170803	082549.90	108.53957557	34.22407932	27.75	-0.0080	-0.0580	-1.0100	2.10	NULL	NULL	0
3031	4	2	1	170803	082550.00	108.53958058	34.22408095	27.75	0.0080	0.0330	-0.9820	1.98	NULL	NULL	0
3032	4	2	1	170803	082550.10	108.53958548	34.22408250	27.75	-0.0630	-0.0610	-1.0320	1.98	NULL	NULL	0
3033	4	2	1	170803	082550.20	108.53959051	34.22408419	27.75	0.0220	-0.0030	-0.9190	1.98	NULL	NULL	0
3034	4	2	1	170803	082550.30	108.53959539	34.22408580	27.75	0.0670	-0.0140	-0.9970	1.85	NULL	NULL	0
3035	4	2	1	170803	082550.40	108.53960002	34.22408689	27.75	0.0910	-0.0150	-0.9960	1.85	NULL	NULL	0
3036	4	2	1	170803	082550.50	108.53960490	34.22408847	27.75	-0.0160	-0.0100	-1.0370	1.85	NULL	NULL	0
3037	4	2	1	170803	082550.60	108.53960978	34.22409002	27.75	-0.0010	0.0090	-1.0270	1.77	NULL	NULL	0
3038	4	2	1	170803	082550.70	108.53961465	34.22409159	27.75	-0.1140	0.0480	-1.0710	1.77	NULL	NULL	0
3039	4	2	1	170803	082550.80	108.53961945	34.22409318	27.75	-0.0640	-0.0210	-1.0030	1.77	NULL	NULL	0
3040	4	2	1	170803	082550.90	108.53962431	34.22409473	27.75	0.0160	0.0160	-0.9610	1.69	NULL	NULL	0
3041	4	2	1	170803	082551.00	108.53962919	34.22409625	27.75	-0.0280	-0.0330	-0.9940	1.69	NULL	NULL	0
3042	4	2	1	170803	082551.10	108.53963401	34.22409780	27.75	0.0470	0.0150	-1.0160	1.69	NULL	NULL	0
3043	4	2	1	170803	082551.20	108.53963883	34.22409934	27.75	0.0620	0.0070	-1.0030	1.74	NULL	NULL	0
3044	4	2	1	170803	082551.30	108.53964363	34.22410087	27.75	-0.0270	-0.0300	-1.0130	1.74	NULL	NULL	0
3045	4	2	1	170803	082551.40	108.53964843	34.22410233	27.75	-0.0210	-0.0390	-0.9670	1.74	NULL	NULL	0
3046	4	2	1	170803	082551.50	108.53965324	34.22410389	27.75	-0.0340	-0.0100	-1.0310	1.72	NULL	NULL	0
3047	4	2	1	170803	082551.60	108.53965802	34.22410538	27.75	-0.0730	-0.0000	-0.9590	1.72	NULL	NULL	0
3048	4	2	1	170803	082551.70	108.53966279	34.22410691	27.75	-0.0080	-0.0450	-0.9630	1.72	NULL	NULL	0
3049	4	2	1	170803	082551.80	108.53966756	34.22410841	27.75	-0.0040	0.0090	-0.9630	1.82	NULL	NULL	0
3050	4	2	1	170803	082551.90	108.53967233	34.22410994	27.75	0.0030	-0.0230	-1.0040	1.82	NULL	NULL	0
3051	4	2	1	170803	082552.00	108.53967708	34.22411144	27.75	0.0220	-0.0150	-1.0170	1.82	NULL	NULL	0
3052	4	2	1	170803	082552.10	108.53968187	34.22411295	27.75	-0.0750	-0.0430	-1.0480	1.82	NULL	NULL	0
3053	4	2	1	170803	082552.20	108.53968661	34.22411443	27.75	-0.0680	0.0170	-1.0490	1.82	NULL	NULL	0
3054	4	2	1	170803	082552.30	108.53969138	34.22411596	27.75	-0.0370	0.0400	-0.9940	1.82	NULL	NULL	0
3055	4	2	1	170803	082552.40	108.53969615	34.22411750	27.75	0.0100	-0.0130	-0.9680	2.65	NULL	NULL	0
3056	4	2	1	170803	082552.50	108.53970089	34.22411899	27.75	0.0240	-0.0540	-1.0110	2.65	NULL	NULL	0
3057	4	2	1	170803	082552.60	108.53970612	34.22412139	27.75	0.0020	-0.0050	-1.0580	2.65	NULL	NULL	0
3058	4	2	1	170803	082552.70	108.53971088	34.22412292	27.75	-0.0320	0.0190	-1.0260	2.65	NULL	NULL	0
3059	4	2	1	170803	082552.80	108.53971582	34.22412505	27.75	0.0570	0.0180	-0.9880	2.65	NULL	NULL	0
3060	4	2	1	170803	082552.90	108.53972056	34.22412661	27.75	0.0520	0.0090	-0.9790	2.65	NULL	NULL	0
3061	4	2	1	170803	082553.00	108.53972551	34.22412875	27.75	0.0310	-0.0190	-0.9650	4.05	NULL	NULL	0
3062	4	2	1	170803	082553.10	108.53973022	34.22413027	27.75	-0.0300	-0.0270	-1.0410	4.05	NULL	NULL	0
3063	4	2	1	170803	082553.20	108.53973512	34.22413199	27.75	0.0480	-0.0760	-0.9520	4.05	NULL	NULL	0
3064	4	2	1	170803	082553.30	108.53973987	34.22413352	27.75	-0.0030	-0.0490	-1.0530	4.05	NULL	NULL	0
3065	4	2	1	170803	082553.40	108.53974462	34.22413510	27.75	0.0060	0.0080	-1.0320	2.91	NULL	NULL	0
3066	4	2	1	170803	082553.50	108.53974938	34.22413659	27.75	0.0240	-0.0230	-1.0130	2.91	NULL	NULL	0
3067	4	2	1	170803	082553.60	108.53975429	34.22413810	27.75	0.0270	-0.0830	-0.9950	2.91	NULL	NULL	0
3068	4	2	1	170803	082553.70	108.53975902	34.22413967	27.75	-0.0300	0.0150	-0.9620	2.58	NULL	NULL	0
3069	4	2	1	170803	082553.80	108.53976403	34.22414101	27.75	0.0170	0.0020	-0.9720	2.58	NULL	NULL	0
3070	4	2	1	170803	082553.90	108.53976876	34.22414257	27.75	-0.0180	-0.0310	-0.9830	2.58	NULL	NULL	0
3071	4	2	1	170803	082554.00	108.53977409	34.22414348	27.75	0.0180	0.0830	-0.9900	2.28	NULL	NULL	0
3072	4	2	1	170803	082554.10	108.53977888	34.22414502	27.75	0.0220	-0.0070	-0.9910	2.28	NULL	NULL	0
3073	4	2	1	170803	082554.20	108.53978321	34.22414691	27.75	0.0410	0.0090	-1.0010	2.28	NULL	NULL	0
3074	4	2	1	170803	082554.30	108.53978797	34.22414848	27.75	0.0220	0.0020	-0.9720	1.92	NULL	NULL	0
3075	4	2	1	170803	082554.40	108.53979240	34.22415043	27.75	-0.0400	-0.1060	-0.9790	1.92	NULL	NULL	0
3076	4	2	1	170803	082554.50	108.53979727	34.22415191	27.75	0.0110	-0.0170	-0.9940	1.92	NULL	NULL	0
3077	4	2	1	170803	082554.60	108.53980249	34.22415310	27.75	-0.0370	-0.0650	-0.9860	1.98	NULL	NULL	0
3078	4	2	1	170803	082554.70	108.53980739	34.22415463	27.75	0.0550	0.0140	-0.9630	1.98	NULL	NULL	0
3079	4	2	1	170803	082554.80	108.53981167	34.22415670	27.75	-0.0210	-0.0120	-0.9180	1.98	NULL	NULL	0
3080	4	2	1	170803	082554.90	108.53981649	34.22415828	27.75	-0.0060	0.0040	-0.9160	2.04	NULL	NULL	0
3081	4	2	1	170803	082555.00	108.53982129	34.22415985	27.75	-0.0700	-0.0220	-1.0150	2.04	NULL	NULL	0
3082	4	2	1	170803	082555.10	108.53982607	34.22416144	27.75	0.0200	-0.0630	-0.9920	2.04	NULL	NULL	0
3083	4	2	1	170803	082555.20	108.53983082	34.22416299	27.75	-0.0650	-0.0220	-1.0040	1.97	NULL	NULL	0
3084	4	2	1	170803	082555.30	108.53983553	34.22416462	27.75	0.1150	-0.0320	-1.0210	1.97	NULL	NULL	0
3085	4	2	1	170803	082555.40	108.53984042	34.22416612	27.75	0.0810	-0.0340	-0.9990	1.97	NULL	NULL	0
3086	4	2	1	170803	082555.50	108.53984520	34.22416765	27.75	-0.0120	-0.0630	-0.9900	1.78	NULL	NULL	0
3087	4	2	1	170803	082555.60	108.53985022	34.22416883	27.75	0.0310	0.0180	-1.0100	1.78	NULL	NULL	0
3088	4	2	1	170803	082555.70	108.53985497	34.22417040	27.75	-0.1110	0.0070	-0.9430	1.78	NULL	NULL	0
3089	4	2	1	170803	082555.80	108.53985927	34.22417237	27.75	-0.0390	-0.0370	-1.0300	1.64	NULL	NULL	0
3090	4	2	1	170803	082555.90	108.53986399	34.22417396	27.75	-0.1410	-0.0200	-0.9780	1.64	NULL	NULL	0
3091	4	2	1	170803	082556.00	108.53986861	34.22417545	25.90	0.1130	0.0000	-0.9340	1.64	NULL	NULL	0
3092	4	2	1	170803	082556.10	108.53987327	34.22417699	25.90	-0.1470	-0.0020	-0.9880	1.64	NULL	NULL	0
3093	4	2	1	170803	082556.20	108.53987796	34.22417853	25.90	-0.1100	0.0020	-1.0430	1.64	NULL	NULL	0
3094	4	2	1	170803	082556.30	108.53988260	34.22418006	25.90	-0.0500	-0.0640	-1.0230	1.64	NULL	NULL	0
3095	4	2	1	170803	082556.40	108.53988722	34.22418157	25.90	-0.1050	-0.0050	-1.0280	1.64	NULL	NULL	0
3096	4	2	1	170803	082556.50	108.53989182	34.22418308	25.90	0.0490	-0.0930	-0.9970	1.64	NULL	NULL	0
3097	4	2	1	170803	082556.60	108.53989652	34.22418461	25.90	0.0350	-0.0730	-0.9660	1.64	NULL	NULL	0
3098	4	2	1	170803	082556.70	108.53990108	34.22418610	25.90	0.0110	-0.0250	-1.0030	1.64	NULL	NULL	0
3099	4	2	1	170803	082556.80	108.53990561	34.22418763	25.90	0.0230	0.0140	-1.0560	1.57	NULL	NULL	0
3100	4	2	1	170803	082556.90	108.53991018	34.22418914	25.90	-0.0860	-0.0190	-0.9920	1.57	NULL	NULL	0
3101	4	2	1	170803	082557.00	108.53991469	34.22419063	25.90	0.0760	-0.0430	-1.0320	1.56	NULL	NULL	0
3102	4	2	1	170803	082557.10	108.53991920	34.22419210	25.90	-0.1490	-0.0190	-1.0700	1.56	NULL	NULL	0
3103	4	2	1	170803	082557.20	108.53992366	34.22419356	25.90	-0.1260	-0.0360	-1.0070	1.56	NULL	NULL	0
3104	4	2	1	170803	082557.30	108.53992811	34.22419505	25.90	-0.0460	-0.0320	-0.9980	1.56	NULL	NULL	0
3105	4	2	1	170803	082557.40	108.53993258	34.22419654	25.90	-0.1100	0.0080	-0.9600	1.56	NULL	NULL	0