1439	4	2	1	170803	084151.70	108.53600900	34.22311673	40.70	-0.0020	0.0370	-0.9750	3.78	NULL	NULL	0
1440	4	2	1	170803	084151.80	108.53601615	34.22311852	40.70	0.0550	-0.0700	-1.0600	3.78	NULL	NULL	0
1441	4	2	1	170803	084151.90	108.53602340	34.22312017	40.70	-0.0080	0.0110	-1.0160	3.78	NULL	NULL	0
1442	4	2	1	170803	084152.00	108.53603066	34.22312179	40.70	-0.0040	0.0070	-1.0140	3.29	NULL	NULL	0
1443	4	2	1	170803	084152.10	108.53603789	34.22312346	40.70	0.0120	0.0540	-1.0590	3.29	NULL	NULL	0
1444	4	2	1	170803	084152.20	108.53604505	34.22312505	40.70	-0.0050	0.0080	-1.0010	3.29	NULL	NULL	0
1445	4	2	1	170803	084152.30	108.53605226	34.22312676	40.70	0.0010	-0.0220	-0.9570	3.72	NULL	NULL	0
1446	4	2	1	170803	084152.40	108.53605932	34.22312860	40.70	0.0530	-0.0010	-1.0000	3.72	NULL	NULL	0
1447	4	2	1	170803	084152.50	108.53606654	34.22313025	40.70	-0.0570	0.0270	-0.9770	3.72	NULL	NULL	0
1448	4	2	1	170803	084152.60	108.53607363	34.22313216	40.70	0.1220	-0.0480	-0.9520	2.70	NULL	NULL	0
1449	4	2	1	170803	084152.70	108.53608081	34.22313383	40.70	-0.0190	0.0690	-1.0570	2.70	NULL	NULL	0
1450	4	2	1	170803	084152.80	108.53608831	34.22313506	40.70	0.0840	0.0210	-0.9800	2.70	NULL	NULL	0
1451	4	2	1	170803	084152.90	108.53609547	34.22313682	40.70	-0.0210	-0.0320	-1.0340	2.44	NULL	NULL	0
1452	4	2	1	170803	084153.00	108.53610264	34.22313854	40.70	-0.0000	-0.0690	-0.9970	2.44	NULL	NULL	0
1453	4	2	1	170803	084153.10	108.53610971	34.22314020	38.85	-0.0550	-0.0540	-0.9680	2.44	NULL	NULL	0
1454	4	2	1	170803	084153.20	108.53611679	34.22314190	40.70	-0.0680	0.0320	-1.0000	2.22	NULL	NULL	0
1455	4	2	1	170803	084153.30	108.53612386	34.22314349	38.85	-0.0250	-0.0630	-1.0780	2.22	NULL	NULL	0
1456	4	2	1	170803	084153.40	108.53613087	34.22314523	38.85	0.0310	-0.0100	-0.9850	2.22	NULL	NULL	0
1457	4	2	1	170803	084153.50	108.53613792	34.22314685	38.85	-0.0330	0.0310	-1.0840	1.98	NULL	NULL	0
1458	4	2	1	170803	084153.60	108.53614486	34.22314850	38.85	-0.0130	0.0050	-1.0020	1.98	NULL	NULL	0
1459	4	2	1	170803	084153.70	108.53615182	34.22315013	38.85	-0.0400	0.0130	-0.9970	1.98	NULL	NULL	0
1460	4	2	1	170803	084153.80	108.53615858	34.22315195	38.85	-0.0690	0.0320	-1.0510	1.98	NULL	NULL	0
1461	4	2	1	170803	084153.90	108.53616547	34.22315361	38.85	-0.0250	-0.0430	-1.0040	1.98	NULL	NULL	0
1462	4	2	1	170803	084154.00	108.53617221	34.22315540	38.85	-0.0830	-0.0330	-0.9620	1.98	NULL	NULL	0
1463	4	2	1	170803	084154.10	108.53617907	34.22315709	38.85	0.0330	-0.0670	-0.9710	1.82	NULL	NULL	0
1464	4	2	1	170803	084154.20	108.53618520	34.22315937	38.85	0.0410	0.0010	-0.9750	1.82	NULL	NULL	0
1465	4	2	1	170803	084154.30	108.53619194	34.22316102	37.00	-0.0550	-0.0370	-0.9860	1.82	NULL	NULL	0
1466	4	2	1	170803	084154.40	108.53619917	34.22316240	38.85	-0.0350	-0.0500	-1.0610	1.86	NULL	NULL	0
1467	4	2	1	170803	084154.50	108.53620586	34.22316406	37.00	-0.1920	0.0160	-0.9500	1.86	NULL	NULL	0
1468	4	2	1	170803	084154.60	108.53621253	34.22316548	37.00	-0.1730	0.0370	-0.9940	1.86	NULL	NULL	0
1469	4	2	1	170803	084154.70	108.53621907	34.22316719	37.00	-0.0740	-0.0100	-0.9980	0.00	NULL	NULL	0
1470	4	2	1	170803	084154.80	108.53622607	34.22316834	37.00	-0.0330	-0.0660	-0.9550	0.00	NULL	NULL	0
1471	4	2	1	170803	084154.90	108.53623266	34.22316994	37.00	0.0420	-0.0150	-0.9530	0.00	NULL	NULL	0
1472	4	2	1	170803	084155.00	108.53623963	34.22317101	37.00	0.0170	0.0240	-1.0270	0.00	NULL	NULL	0
1473	4	2	1	170803	084155.10	108.53624614	34.22317263	37.00	0.0470	-0.0190	-1.0140	0.00	NULL	NULL	0
1474	4	2	1	170803	084155.20	108.53625257	34.22317447	37.00	0.0970	-0.0120	-0.9520	0.00	NULL	NULL	0
1475	4	2	1	170803	084155.30	108.53625902	34.22317613	37.00	-0.0540	0.0080	-1.0610	0.00	NULL	NULL	0
1476	4	2	1	170803	084155.40	108.53626518	34.22317814	37.00	-0.0340	0.0290	-1.0480	0.00	NULL	NULL	0
1477	4	2	1	170803	084155.50	108.53627162	34.22317977	37.00	-0.0320	-0.0760	-1.0240	0.00	NULL	NULL	0
1478	4	2	1	170803	084155.60	108.53627795	34.22318150	37.00	-0.0330	-0.0880	-0.9470	2.06	NULL	NULL	0
1479	4	2	1	170803	084155.70	108.53628451	34.22318304	37.00	-0.0520	-0.0240	-0.9870	2.06	NULL	NULL	0
1480	4	2	1	170803	084155.80	108.53629124	34.22318510	37.00	-0.1380	0.0020	-1.0550	2.06	NULL	NULL	0
1481	4	2	1	170803	084155.90	108.53629769	34.22318670	37.00	0.2170	0.0490	-0.9820	2.06	NULL	NULL	0
1482	4	2	1	170803	084156.00	108.53630431	34.22318801	37.00	0.2130	0.0630	-0.9560	2.22	NULL	NULL	0
1483	4	2	1	170803	084156.10	108.53631075	34.22318975	37.00	0.0550	0.0740	-1.0060	2.22	NULL	NULL	0
1484	4	2	1	170803	084156.20	108.53631650	34.22319235	37.00	0.1010	-0.0420	-0.9740	3.19	NULL	NULL	0
1485	4	2	1	170803	084156.30	108.53632296	34.22319395	35.15	-0.0810	-0.0060	-0.9820	3.19	NULL	NULL	0
1486	4	2	1	170803	084156.40	108.53632964	34.22319511	37.00	-0.0900	0.0530	-1.0020	3.19	NULL	NULL	0
1487	4	2	1	170803	084156.50	108.53633611	34.22319674	37.00	0.0780	-0.0330	-1.0160	3.19	NULL	NULL	0
1488	4	2	1	170803	084156.60	108.53634250	34.22319820	37.00	0.0220	0.0150	-0.9550	3.32	NULL	NULL	0
1489	4	2	1	170803	084156.70	108.53634895	34.22319982	37.00	0.0560	-0.0250	-0.9980	3.32	NULL	NULL	0
1490	4	2	1	170803	084156.80	108.53635565	34.22320151	37.00	0.0180	0.0020	-1.0400	3.32	NULL	NULL	0
1491	4	2	1	170803	084156.90	108.53636211	34.22320308	37.00	-0.0320	0.0160	-1.0330	3.35	NULL	NULL	0
1492	4	2	1	170803	084157.00	108.53636851	34.22320442	37.00	0.0290	0.0500	-1.0400	3.35	NULL	NULL	0
1493	4	2	1	170803	084157.10	108.53637490	34.22320608	37.00	-0.0260	-0.0330	-1.0030	3.35	NULL	NULL	0
1494	4	2	1	170803	084157.20	108.53638147	34.22320691	35.15	-0.0450	0.0050	-0.9280	2.08	NULL	NULL	0
1495	4	2	1	170803	084157.30	108.53638786	34.22320846	35.15	-0.0580	-0.0560	-0.7910	2.08	NULL	NULL	0
1496	4	2	1	170803	084157.40	108.53639424	34.22320995	35.15	-0.1170	0.0090	-1.0380	2.08	NULL	NULL	0
1497	4	2	1	170803	084157.50	108.53640059	34.22321152	35.15	0.0160	-0.0660	-1.0660	1.89	NULL	NULL	0
1498	4	2	1	170803	084157.60	108.53640690	34.22321312	35.15	-0.0900	-0.0370	-1.0610	1.89	NULL	NULL	0
1499	4	2	1	170803	084157.70	108.53641324	34.22321476	35.15	-0.0600	-0.0870	-1.0150	1.89	NULL	NULL	0
1500	4	2	1	170803	084157.80	108.53641954	34.22321652	35.15	-0.0950	0.0500	-0.9110	2.00	NULL	NULL	0
1501	4	2	1	170803	084157.90	108.53642588	34.22321805	35.15	0.0320	-0.0460	-0.9440	2.00	NULL	NULL	0
1502	4	2	1	170803	084158.00	108.53643212	34.22321936	35.15	0.0610	-0.0310	-0.9540	2.00	NULL	NULL	0
1503	4	2	1	170803	084158.10	108.53643828	34.22322096	35.15	-0.0820	-0.0420	-1.0250	1.90	NULL	NULL	0
1504	4	2	1	170803	084158.20	108.53644455	34.22322273	35.15	-0.1400	-0.0910	-1.0960	1.90	NULL	NULL	0
1505	4	2	1	170803	084158.30	108.53645071	34.22322431	35.15	-0.1260	-0.0540	-0.9990	1.90	NULL	NULL	0
1506	4	2	1	170803	084158.40	108.53645702	34.22322559	35.15	-0.1270	-0.0180	-1.0550	1.77	NULL	NULL	0
1507	4	2	1	170803	084158.50	108.53646321	34.22322715	35.15	0.0460	-0.0820	-0.9770	1.77	NULL	NULL	0
1508	4	2	1	170803	084158.60	108.53646937	34.22322892	35.15	0.0270	0.0080	-0.9700	1.77	NULL	NULL	0
1509	4	2	1	170803	084158.70	108.53647549	34.22323053	35.15	0.0340	-0.0430	-1.0030	1.78	NULL	NULL	0
1510	4	2	1	170803	084158.80	108.53648186	34.22323162	33.30	0.0410	0.0150	-0.9890	1.78	NULL	NULL	0
1511	4	2	1	170803	084158.90	108.53648797	34.22323323	35.15	-0.0510	0.0530	-1.0360	1.78	NULL	NULL	0
1512	4	2	1	170803	084159.00	108.53649370	34.22323526	33.30	0.0040	-0.0460	-1.0110	1.83	NULL	NULL	0
1513	4	2	1	170803	084159.10	108.53649982	34.22323688	35.15	-0.0080	-0.0310	-1.0990	1.83	NULL	NULL	0
1514	4	2	1	170803	084159.20	108.53650599	34.22323850	35.15	0.1210	0.0220	-0.9630	1.83	NULL	NULL	0
1515	4	2	1	170803	084159.30	108.53651214	34.22324014	35.15	0.0170	0.0080	-0.9360	1.98	NULL	NULL	0
1516	4	2	1	170803	084159.40	108.53651904	34.22324348	35.15	0.1030	0.0220	-1.0280	1.98	NULL	NULL	0
1517	4	2	1	170803	084159.50	108.53652519	34.22324509	35.15	0.1000	-0.0510	-0.9740	1.98	NULL	NULL	0
1518	4	2	1	170803	084159.60	108.53653184	34.22324701	35.15	0.1160	-0.0370	-1.0500	3.26	NULL	NULL	0
1519	4	2	1	170803	084159.70	108.53653808	34.22324865	35.15	0.0110	-0.0560	-1.0420	3.26	NULL	NULL	0
1520	4	2	1	170803	084159.80	108.53654340	34.22324868	35.15	0.0530	-0.0250	-0.9860	3.26	NULL	NULL	0
1521	4	2	1	170803	084159.90	108.53654967	34.22325033	35.15	0.0890	0.0430	-0.9510	3.26	NULL	NULL	0
1522	4	2	1	170803	084200.00	108.53655582	34.22325186	35.15	0.0560	-0.0440	-0.9310	4.41	NULL	NULL	0
1523	4	2	1	170803	084200.10	108.53656214	34.22325355	35.15	0.1160	-0.0270	-0.9400	4.41	NULL	NULL	0
1524	4	2	1	170803	084200.20	108.53656858	34.22325613	35.15	0.0840	-0.0310	-0.9990	4.41	NULL	NULL	0
1525	4	2	1	170803	084200.30	108.53657499	34.22325779	37.00	0.0620	0.0320	-0.9960	4.84	NULL	NULL	0
1526	4	2	1	170803	084200.40	108.53658153	34.22325935	37.00	0.1330	0.0320	-1.0400	4.84	NULL	NULL	0
1527	4	2	1	170803	084200.50	108.53658799	34.22326107	37.00	0.0720	-0.0030	-1.0110	4.84	NULL	NULL	0
1528	4	2	1	170803	084200.60	108.53659430	34.22326247	37.00	0.0750	-0.0040	-1.0580	4.79	NULL	NULL	0
1529	4	2	1	170803	084200.70	108.53660087	34.22326420	37.00	0.0630	-0.0750	-0.9890	4.79	NULL	NULL	0
1530	4	2	1	170803	084200.80	108.53660748	34.22326600	37.00	0.0430	0.0190	-0.9510	4.79	NULL	NULL	0
1531	4	2	1	170803	084200.90	108.53661407	34.22326771	37.00	-0.0150	-0.0720	-0.9140	4.73	NULL	NULL	0
1532	4	2	1	170803	084201.00	108.53662056	34.22326942	37.00	0.0350	0.0140	-0.9770	4.73	NULL	NULL	0
1533	4	2	1	170803	084201.10	108.53662709	34.22327113	37.00	0.0530	-0.0440	-1.0290	4.73	NULL	NULL	0
1534	4	2	1	170803	084201.20	108.53663333	34.22327223	37.00	-0.0070	-0.0260	-1.1130	5.08	NULL	NULL	0
1535	4	2	1	170803	084201.30	108.53663989	34.22327396	37.00	-0.0170	-0.0080	-1.0410	5.08	NULL	NULL	0
1536	4	2	1	170803	084201.40	108.53664646	34.22327574	37.00	-0.0010	0.0410	-0.9750	5.08	NULL	NULL	0
1537	4	2	1	170803	084201.50	108.53665304	34.22327744	37.00	-0.0000	-0.0040	-0.9870	3.67	NULL	NULL	0
1538	4	2	1	170803	084201.60	108.53665976	34.22327953	37.00	-0.0220	-0.0340	-0.9330	3.67	NULL	NULL	0
1539	4	2	1	170803	084201.70	108.53666637	34.22328116	37.00	0.0000	0.0010	-0.9300	3.67	NULL	NULL	0
1540	4	2	1	170803	084201.80	108.53667277	34.22328264	37.00	0.0960	-0.0260	-1.0100	2.89	NULL	NULL	0
1541	4	2	1	170803	084201.90	108.53667927	34.22328432	37.00	0.0360	0.0280	-1.0210	2.89	NULL	NULL	0
1542	4	2	1	170803	084202.00	108.53668586	34.22328610	37.00	0.0420	-0.0070	-0.9570	2.89	NULL	NULL	0
1543	4	2	1	170803	084202.10	108.53669232	34.22328773	37.00	-0.0520	0.0230	-1.0200	2.34	NULL	NULL	0
1544	4	2	1	170803	084202.20	108.53669959	34.22328816	37.00	-0.0120	0.0700	-1.0110	2.34	NULL	NULL	0
1545	4	2	1	170803	084202.30	108.53670610	34.22328977	37.00	-0.0890	0.0100	-0.9420	2.34	NULL	NULL	0
1546	4	2	1	170803	084202.40	108.53671255	34.22329129	37.00	-0.0790	-0.0620	-0.9570	2.14	NULL	NULL	0
1547	4	2	1	170803	084202.50	108.53671899	34.22329289	37.00	-0.1450	0.0280	-0.9830	2.14	NULL	NULL	0
1548	4	2	1	170803	084202.60	108.53672533	34.22329435	35.15	-0.0650	0.0210	-0.9590	2.14	NULL	NULL	0
1549	4	2	1	170803	084202.70	108.53673169	34.22329596	35.15	-0.0840	-0.0210	-1.0060	1.88	NULL	NULL	0
1550	4	2	1	170803	084202.80	108.53673784	34.22329982	35.15	-0.0720	0.0340	-1.0530	1.88	NULL	NULL	0
1551	4	2	1	170803	084202.90	108.53674421	34.22330138	35.15	0.0450	-0.0800	-1.0030	1.88	NULL	NULL	0
1552	4	2	1	170803	084203.00	108.53674993	34.22330225	35.15	-0.0680	-0.0240	-1.1010	1.97	NULL	NULL	0
1553	4	2	1	170803	084203.10	108.53675621	34.22330385	35.15	-0.0730	0.0500	-0.9610	1.97	NULL	NULL	0
1554	4	2	1	170803	084203.20	108.53676324	34.22330622	35.15	-0.1300	0.0130	-1.0110	1.97	NULL	NULL	0
1555	4	2	1	170803	084203.30	108.53676953	34.22330776	35.15	0.1140	0.0110	-1.0380	1.78	NULL	NULL	0
1556	4	2	1	170803	084203.40	108.53677595	34.22330985	35.15	0.0880	-0.0390	-0.9820	1.78	NULL	NULL	0
1557	4	2	1	170803	084203.50	108.53678223	34.22331140	35.15	-0.0470	-0.0090	-1.0900	1.78	NULL	NULL	0
1558	4	2	1	170803	084203.60	108.53678794	34.22331154	35.15	0.0110	-0.0300	-1.0330	1.76	NULL	NULL	0
1559	4	2	1	170803	084203.70	108.53679418	34.22331312	35.15	-0.1530	-0.0680	-1.0200	1.76	NULL	NULL	0
1560	4	2	1	170803	084203.80	108.53680042	34.22331458	35.15	-0.1090	-0.0160	-0.9850	1.76	NULL	NULL	0
1561	4	2	1	170803	084203.90	108.53680659	34.22331614	35.15	0.0380	0.0100	-0.9800	1.76	NULL	NULL	0
1562	4	2	1	170803	084204.00	108.53681279	34.22331891	35.15	-0.0110	-0.0490	-1.0590	1.80	NULL	NULL	0
1563	4	2	1	170803	084204.10	108.53681897	34.22332047	35.15	0.0330	0.0330	-1.0470	1.80	NULL	NULL	0
1564	4	2	1	170803	084204.20	108.53682487	34.22332156	35.15	-0.0050	0.1200	-0.9730	1.80	NULL	NULL	0
1565	4	2	1	170803	084204.30	108.53683106	34.22332308	35.15	-0.0330	-0.0500	-0.9630	1.85	NULL	NULL	0
1566	4	2	1	170803	084204.40	108.53683688	34.22332407	35.15	-0.0590	0.0030	-0.9450	1.85	NULL	NULL	0
1567	4	2	1	170803	084204.50	108.53684303	34.22332565	35.15	0.1260	0.0450	-0.9710	1.85	NULL	NULL	0
1568	4	2	1	170803	084204.60	108.53684939	34.22332722	33.30	0.0780	0.1070	-1.0030	1.85	NULL	NULL	0
1569	4	2	1	170803	084204.70	108.53685552	34.22332875	35.15	0.0560	-0.0170	-1.0320	1.85	NULL	NULL	0
1570	4	2	1	170803	084204.80	108.53686236	34.22333005	33.30	0.0520	-0.0390	-0.9790	1.85	NULL	NULL	0
1571	4	2	1	170803	084204.90	108.53686848	34.22333161	35.15	-0.0650	-0.0220	-1.0100	1.78	NULL	NULL	0
1572	4	2	1	170803	084205.00	108.53687412	34.22333263	35.15	-0.0370	-0.0750	-0.8890	1.78	NULL	NULL	0
1573	4	2	1	170803	084205.10	108.53688026	34.22333416	33.30	0.0870	0.0280	-0.9890	1.78	NULL	NULL	0
1574	4	2	1	170803	084205.20	108.53688667	34.22333591	35.15	0.0490	0.0030	-1.0270	1.88	NULL	NULL	0
1575	4	2	1	170803	084205.30	108.53689291	34.22333741	35.15	0.0990	-0.0110	-1.0420	1.88	NULL	NULL	0
1576	4	2	1	170803	084205.40	108.53689850	34.22333941	35.15	0.0400	-0.0490	-0.9910	1.88	NULL	NULL	0
1577	4	2	1	170803	084205.50	108.53690477	34.22334101	35.15	0.0490	0.0210	-0.9830	3.84	NULL	NULL	0
1578	4	2	1	170803	084205.60	108.53691276	34.22334105	35.15	0.0100	-0.0050	-0.9810	3.84	NULL	NULL	0
1579	4	2	1	170803	084205.70	108.53691901	34.22334275	35.15	0.0300	-0.1190	-0.9560	3.84	NULL	NULL	0
1580	4	2	1	170803	084205.80	108.53692624	34.22334569	35.15	0.1060	-0.0860	-0.9310	4.84	NULL	NULL	0
1581	4	2	1	170803	084205.90	108.53693260	34.22334731	35.15	0.0750	-0.0150	-0.9900	4.84	NULL	NULL	0
1582	4	2	1	170803	084206.00	108.53693884	34.22334746	35.15	0.0440	-0.0440	-0.9850	4.84	NULL	NULL	0
1583	4	2	1	170803	084206.10	108.53694524	34.22334911	35.15	0.0260	-0.0220	-1.0150	5.32	NULL	NULL	0
1584	4	2	1	170803	084206.20	108.53694963	34.22335158	37.00	0.0790	-0.0290	-0.9910	5.32	NULL	NULL	0
1585	4	2	1	170803	084206.30	108.53695608	34.22335327	37.00	0.0860	-0.0130	-0.9590	5.32	NULL	NULL	0
1586	4	2	1	170803	084206.40	108.53696355	34.22335592	37.00	0.0500	-0.0290	-0.9700	5.07	NULL	NULL	0
1587	4	2	1	170803	084206.50	108.53697000	34.22335755	37.00	0.0800	0.0120	-0.9840	5.07	NULL	NULL	0
1588	4	2	1	170803	084206.60	108.53697731	34.22336069	37.00	0.1640	-0.0690	-1.0210	5.07	NULL	NULL	0
1589	4	2	1	170803	084206.70	108.53698386	34.22336234	35.15	0.2540	-0.0340	-1.1160	4.05	NULL	NULL	0
1590	4	2	1	170803	084206.80	108.53699147	34.22336505	37.00	0.0770	-0.0610	-1.0360	4.05	NULL	NULL	0
1591	4	2	1	170803	084206.90	108.53699793	34.22336676	37.00	0.1450	-0.1160	-0.5990	4.05	NULL	NULL	0
1592	4	2	1	170803	084207.00	108.53700343	34.22336919	37.00	-0.0370	0.0220	-0.9540	2.85	NULL	NULL	0
1593	4	2	1	170803	084207.10	108.53700984	34.22337091	37.00	0.0430	-0.0040	-1.1300	2.85	NULL	NULL	0
1594	4	2	1	170803	084207.20	108.53701702	34.22337237	37.00	0.0510	-0.0530	-1.1330	2.85	NULL	NULL	0
1595	4	2	1	170803	084207.30	108.53702331	34.22337375	35.15	-0.0420	-0.0980	-1.0840	2.54	NULL	NULL	0
1596	4	2	1	170803	084207.40	108.53703031	34.22337554	37.00	-0.1210	-0.0530	-1.0420	2.54	NULL	NULL	0
1597	4	2	1	170803	084207.50	108.53703671	34.22337724	35.15	-0.0870	0.0030	-0.9320	2.54	NULL	NULL	0
1598	4	2	1	170803	084207.60	108.53704399	34.22337956	35.15	-0.0840	-0.0260	-0.8930	2.23	NULL	NULL	0
1599	4	2	1	170803	084207.70	108.53705035	34.22338131	35.15	-0.0080	-0.0320	-0.9770	2.23	NULL	NULL	0
1600	4	2	1	170803	084207.80	108.53705628	34.22338106	37.00	0.0250	-0.0220	-0.9750	2.23	NULL	NULL	0
1601	4	2	1	170803	084207.90	108.53706266	34.22338265	35.15	0.0620	-0.0140	-0.9590	2.23	NULL	NULL	0
1602	4	2	1	170803	084208.00	108.53706847	34.22338292	35.15	0.0140	0.0910	-0.9800	2.00	NULL	NULL	0
1603	4	2	1	170803	084208.10	108.53707478	34.22338456	35.15	-0.0320	-0.0160	-1.0730	2.00	NULL	NULL	0
1604	4	2	1	170803	084208.20	108.53707897	34.22338698	35.15	0.0330	-0.0520	-0.9730	2.00	NULL	NULL	0
1605	4	2	1	170803	084208.30	108.53708521	34.22338865	35.15	-0.0010	-0.0720	-1.0340	1.84	NULL	NULL	0
1606	4	2	1	170803	084208.40	108.53709063	34.22338918	35.15	-0.0250	-0.1050	-1.0160	1.84	NULL	NULL	0
1607	4	2	1	170803	084208.50	108.53709687	34.22339085	35.15	-0.1240	0.0260	-0.9640	1.84	NULL	NULL	0
1608	4	2	1	170803	084208.60	108.53710363	34.22339222	35.15	-0.1630	0.0030	-0.9950	1.95	NULL	NULL	0
1609	4	2	1	170803	084208.70	108.53710986	34.22339382	35.15	-0.1250	-0.0420	-0.9870	1.95	NULL	NULL	0
1610	4	2	1	170803	084208.80	108.53711516	34.22339551	35.15	0.0480	0.0030	-0.9640	1.95	NULL	NULL	0
1611	4	2	1	170803	084208.90	108.53712139	34.22339719	35.15	0.0670	-0.0390	-1.0480	1.77	NULL	NULL	0
1612	4	2	1	170803	084209.00	108.53712801	34.22339923	35.15	0.0500	-0.0200	-1.0460	1.77	NULL	NULL	0
1613	4	2	1	170803	084209.10	108.53713425	34.22340085	35.15	0.0150	-0.0300	-1.0320	1.77	NULL	NULL	0
1614	4	2	1	170803	084209.20	108.53714064	34.22340064	35.15	0.1060	-0.0310	-1.0050	2.08	NULL	NULL	0
1615	4	2	1	170803	084209.30	108.53714695	34.22340231	35.15	0.0330	-0.0180	-0.9130	2.08	NULL	NULL	0
1616	4	2	1	170803	084209.40	108.53715349	34.22340418	35.15	-0.0910	0.0260	-1.0890	2.08	NULL	NULL	0
1617	4	2	1	170803	084209.50	108.53715984	34.22340580	35.15	-0.0180	0.0570	-0.9920	3.44	NULL	NULL	0
1618	4	2	1	170803	084209.60	108.53716717	34.22340729	35.15	0.0710	0.0360	-1.0150	3.44	NULL	NULL	0
1619	4	2	1	170803	084209.70	108.53717353	34.22340898	35.15	0.1040	0.0030	-1.0390	3.44	NULL	NULL	0
1620	4	2	1	170803	084209.80	108.53718018	34.22340947	37.00	0.0170	0.0130	-1.0460	4.05	NULL	NULL	0
1621	4	2	1	170803	084209.90	108.53718666	34.22341109	37.00	0.0320	-0.0590	-1.0590	4.05	NULL	NULL	0
1622	4	2	1	170803	084210.00	108.53719342	34.22341551	37.00	0.0660	-0.0540	-0.9340	4.05	NULL	NULL	0
1623	4	2	1	170803	084210.10	108.53719985	34.22341722	37.00	-0.0110	0.0000	-0.9150	4.90	NULL	NULL	0
1624	4	2	1	170803	084210.20	108.53720535	34.22341814	37.00	0.1340	0.0380	-0.9520	4.90	NULL	NULL	0
1625	4	2	1	170803	084210.30	108.53721181	34.22341988	37.00	0.0380	-0.0330	-1.0050	4.90	NULL	NULL	0
1626	4	2	1	170803	084210.40	108.53721787	34.22342082	37.00	0.0450	0.0160	-1.1030	3.80	NULL	NULL	0
1627	4	2	1	170803	084210.50	108.53722441	34.22342254	37.00	0.0060	0.0380	-1.0320	3.80	NULL	NULL	0
1628	4	2	1	170803	084210.60	108.53723211	34.22342451	37.00	-0.0340	0.0200	-1.0350	3.80	NULL	NULL	0
1629	4	2	1	170803	084210.70	108.53723863	34.22342624	37.00	-0.0780	0.0460	-0.9370	3.13	NULL	NULL	0
1630	4	2	1	170803	084210.80	108.53724457	34.22343009	37.00	-0.0140	-0.0000	-0.9970	3.13	NULL	NULL	0
1631	4	2	1	170803	084210.90	108.53725105	34.22343183	37.00	-0.0790	0.0180	-1.0320	3.13	NULL	NULL	0
1632	4	2	1	170803	084211.00	108.53725818	34.22343369	37.00	-0.0540	-0.0130	-1.0000	2.68	NULL	NULL	0
1633	4	2	1	170803	084211.10	108.53726471	34.22343536	37.00	0.0390	-0.0040	-1.0070	2.68	NULL	NULL	0
1634	4	2	1	170803	084211.20	108.53727045	34.22343679	37.00	0.0120	-0.0810	-1.0140	2.68	NULL	NULL	0
1635	4	2	1	170803	084211.30	108.53727702	34.22343848	37.00	0.0670	-0.0570	-1.0360	3.03	NULL	NULL	0
1636	4	2	1	170803	084211.40	108.53728461	34.22344241	37.00	0.1630	-0.0700	-0.9690	3.03	NULL	NULL	0
1637	4	2	1	170803	084211.50	108.53729124	34.22344413	37.00	0.1700	-0.0510	-0.9960	3.03	NULL	NULL	0
1638	4	2	1	170803	084211.60	108.53729784	34.22344581	37.00	0.0130	-0.0250	-0.9690	3.34	NULL	NULL	0
1639	4	2	1	170803	084211.70	108.53730441	34.22344756	37.00	0.0010	-0.0200	-0.9820	3.34	NULL	NULL	0
1640	4	2	1	170803	084211.80	108.53731103	34.22344907	37.00	0.0480	-0.0630	-1.0190	3.34	NULL	NULL	0
1641	4	2	1	170803	084211.90	108.53731768	34.22345078	37.00	-0.0290	0.0190	-1.0510	3.34	NULL	NULL	0
1642	4	2	1	170803	084212.00	108.53732435	34.22345256	37.00	0.0030	-0.0230	-1.0240	3.76	NULL	NULL	0
1643	4	2	1	170803	084212.10	108.53733099	34.22345430	37.00	-0.0690	-0.0410	-1.0170	3.76	NULL	NULL	0
1644	4	2	1	170803	084212.20	108.53733768	34.22345627	37.00	0.0100	-0.0900	-0.8670	3.76	NULL	NULL	0
1645	4	2	1	170803	084212.30	108.53734431	34.22345799	37.00	0.0160	-0.0940	-0.9760	3.15	NULL	NULL	0
1646	4	2	1	170803	084212.40	108.53735094	34.22345983	37.00	0.0130	0.0690	-0.9480	3.15	NULL	NULL	0
1647	4	2	1	170803	084212.50	108.53735758	34.22346154	37.00	-0.0130	-0.0960	-1.0190	3.15	NULL	NULL	0
1648	4	2	1	170803	084212.60	108.53736372	34.22346232	37.00	-0.0410	-0.0590	-0.9560	2.56	NULL	NULL	0
1649	4	2	1	170803	084212.70	108.53737028	34.22346408	37.00	0.1350	-0.0250	-0.9790	2.56	NULL	NULL	0
1650	4	2	1	170803	084212.80	108.53737693	34.22346653	37.00	0.1420	0.0150	-0.9900	2.56	NULL	NULL	0
1651	4	2	1	170803	084212.90	108.53738350	34.22346826	37.00	-0.0100	-0.0270	-1.0630	2.26	NULL	NULL	0
1652	4	2	1	170803	084213.00	108.53738970	34.22346945	37.00	0.0520	-0.0270	-1.0390	2.26	NULL	NULL	0
1653	4	2	1	170803	084213.10	108.53739623	34.22347119	37.00	-0.1410	0.0320	-1.1100	2.26	NULL	NULL	0
1654	4	2	1	170803	084213.20	108.53740215	34.22347122	37.00	-0.0820	-0.0160	-0.9890	2.02	NULL	NULL	0
1655	4	2	1	170803	084213.30	108.53740862	34.22347294	37.00	-0.0710	0.0210	-1.0440	2.02	NULL	NULL	0
1656	4	2	1	170803	084213.40	108.53741508	34.22347320	37.00	-0.0240	-0.0090	-0.9980	2.02	NULL	NULL	0
1657	4	2	1	170803	084213.50	108.53742150	34.22347491	37.00	0.0490	-0.0330	-0.9520	1.92	NULL	NULL	0
1658	4	2	1	170803	084213.60	108.53742712	34.22347686	37.00	-0.0100	-0.0070	-0.9640	1.92	NULL	NULL	0
1659	4	2	1	170803	084213.70	108.53743353	34.22347857	37.00	0.0390	-0.0450	-0.9300	1.92	NULL	NULL	0
1660	4	2	1	170803	084213.80	108.53744091	34.22348089	37.00	-0.0640	0.0050	-1.0070	1.89	NULL	NULL	0
1661	4	2	1	170803	084213.90	108.53744729	34.22348260	37.00	-0.0710	-0.0330	-1.0370	1.89	NULL	NULL	0
1662	4	2	1	170803	084214.00	108.53745385	34.22348274	37.00	-0.0580	0.0920	-0.9610	1.89	NULL	NULL	0
1663	4	2	1	170803	084214.10	108.53746018	34.22348435	35.15	0.0340	-0.0410	-0.9800	1.75	NULL	NULL	0
1664	4	2	1	170803	084214.20	108.53746601	34.22348617	35.15	0.0230	-0.0070	-0.9600	1.75	NULL	NULL	0
1665	4	2	1	170803	084214.30	108.53747235	34.22348786	35.15	-0.0800	0.0300	-1.0630	1.75	NULL	NULL	0
1666	4	2	1	170803	084214.40	108.53747979	34.22349161	35.15	0.0050	0.0340	-1.0380	1.81	NULL	NULL	0
1667	4	2	1	170803	084214.50	108.53748612	34.22349324	35.15	-0.0750	-0.0780	-0.9900	1.81	NULL	NULL	0
1668	4	2	1	170803	084214.60	108.53749320	34.22349611	35.15	-0.0380	0.0490	-0.9240	1.81	NULL	NULL	0
1669	4	2	1	170803	084214.70	108.53749953	34.22349778	35.15	0.0250	0.0080	-0.9770	1.90	NULL	NULL	0
1670	4	2	1	170803	084214.80	108.53750517	34.22349815	35.15	-0.0240	0.0550	-0.9310	1.90	NULL	NULL	0
1671	4	2	1	170803	084214.90	108.53751145	34.22349979	35.15	0.1730	0.0810	-1.0060	1.90	NULL	NULL	0
1672	4	2	1	170803	084215.00	108.53751644	34.22349927	35.15	0.1380	0.0360	-0.9540	1.84	NULL	NULL	0
1673	4	2	1	170803	084215.10	108.53752275	34.22350088	35.15	0.0590	0.0250	-0.9960	1.84	NULL	NULL	0
1674	4	2	1	170803	084215.20	108.53752941	34.22350263	35.15	-0.0370	0.0450	-0.9810	1.84	NULL	NULL	0
1675	4	2	1	170803	084215.30	108.53753571	34.22350426	35.15	0.1260	-0.0150	-0.9650	2.27	NULL	NULL	0
1676	4	2	1	170803	084215.40	108.53754325	34.22350793	35.15	0.0680	0.0030	-1.0060	2.27	NULL	NULL	0
1677	4	2	1	170803	084215.50	108.53754959	34.22350954	35.15	0.1660	-0.0160	-1.0060	2.27	NULL	NULL	0
1678	4	2	1	170803	084215.60	108.53755618	34.22351165	35.15	0.0960	0.0060	-1.0870	3.31	NULL	NULL	0
1679	4	2	1	170803	084215.70	108.53756263	34.22351329	37.00	0.0580	-0.0950	-1.0430	3.31	NULL	NULL	0
1680	4	2	1	170803	084215.80	108.53756861	34.22351508	37.00	0.0730	-0.0680	-0.9750	3.31	NULL	NULL	0
1681	4	2	1	170803	084215.90	108.53757510	34.22351668	37.00	0.1120	-0.0230	-0.9620	3.31	NULL	NULL	0
1682	4	2	1	170803	084216.00	108.53758102	34.22351526	37.00	0.0170	0.0480	-0.9960	4.35	NULL	NULL	0
1683	4	2	1	170803	084216.10	108.53758752	34.22351694	37.00	0.0570	0.0150	-0.9540	4.35	NULL	NULL	0
1684	4	2	1	170803	084216.20	108.53759414	34.22352081	37.00	0.0570	0.0140	-1.0170	4.35	NULL	NULL	0
1685	4	2	1	170803	084216.30	108.53760071	34.22352241	37.00	0.0520	-0.0550	-0.9790	5.40	NULL	NULL	0
1686	4	2	1	170803	084216.40	108.53760648	34.22352226	37.00	-0.0490	-0.0670	-1.0510	5.40	NULL	NULL	0
1687	4	2	1	170803	084216.50	108.53761305	34.22352387	37.00	0.0060	-0.0630	-1.0440	5.40	NULL	NULL	0
1688	4	2	1	170803	084216.60	108.53761931	34.22352602	37.00	-0.0020	0.0150	-0.9610	4.77	NULL	NULL	0
1689	4	2	1	170803	084216.70	108.53762587	34.22352769	37.00	-0.0170	-0.0750	-1.0610	4.77	NULL	NULL	0
1690	4	2	1	170803	084216.80	108.53763285	34.22353105	37.00	0.1070	-0.0250	-0.9440	4.77	NULL	NULL	0
1691	4	2	1	170803	084216.90	108.53763942	34.22353275	37.00	-0.0210	-0.0880	-0.9600	3.44	NULL	NULL	0
1692	4	2	1	170803	084217.00	108.53764577	34.22353482	37.00	-0.0530	-0.0100	-0.9070	3.44	NULL	NULL	0
1693	4	2	1	170803	084217.10	108.53765229	34.22353644	37.00	0.0490	-0.0230	-0.9410	3.44	NULL	NULL	0
1694	4	2	1	170803	084217.20	108.53765888	34.22353572	37.00	0.0550	-0.0850	-0.9430	2.58	NULL	NULL	0
1695	4	2	1	170803	084217.30	108.53766547	34.22353737	37.00	0.0250	-0.0230	-1.1420	2.58	NULL	NULL	0
1696	4	2	1	170803	084217.40	108.53767251	34.22353913	37.00	0.1440	0.0140	-0.9670	2.58	NULL	NULL	0
1697	4	2	1	170803	084217.50	108.53767909	34.22354075	37.00	-0.0870	0.0350	-0.9590	2.29	NULL	NULL	0
1698	4	2	1	170803	084217.60	108.53768575	34.22354183	37.00	-0.0880	-0.0400	-0.9580	2.29	NULL	NULL	0
1699	4	2	1	170803	084217.70	108.53769227	34.22354343	37.00	-0.0220	0.0040	-0.8830	2.29	NULL	NULL	0
1700	4	2	1	170803	084217.80	108.53769869	34.22354522	37.00	-0.1160	-0.0530	-1.0280	2.07	NULL	NULL	0
1701	4	2	1	170803	084217.90	108.53770518	34.22354681	37.00	0.1100	0.0780	-1.0530	2.07	NULL	NULL	0
1702	4	2	1	170803	084218.00	108.53771208	34.22354959	37.00	0.1280	-0.0140	-1.0170	2.07	NULL	NULL	0
1703	4	2	1	170803	084218.10	108.53771859	34.22355119	37.00	0.0090	-0.0480	-1.0130	1.82	NULL	NULL	0
1704	4	2	1	170803	084218.20	108.53772464	34.22355144	37.00	-0.0410	-0.0240	-0.9540	1.82	NULL	NULL	0
1705	4	2	1	170803	084218.30	108.53773106	34.22355309	37.00	-0.1400	-0.0200	-1.0050	1.82	NULL	NULL	0
1706	4	2	1	170803	084218.40	108.53773772	34.22355445	37.00	-0.0860	0.0020	-1.0090	1.97	NULL	NULL	0
1707	4	2	1	170803	084218.50	108.53774409	34.22355607	35.15	-0.0070	-0.0040	-1.0380	1.97	NULL	NULL	0
1708	4	2	1	170803	084218.60	108.53775058	34.22355764	37.00	-0.0900	-0.0330	-1.0510	1.97	NULL	NULL	0
1709	4	2	1	170803	084218.70	108.53775692	34.22355931	35.15	0.0110	0.0660	-0.9970	1.76	NULL	NULL	0
1710	4	2	1	170803	084218.80	108.53776366	34.22356071	35.15	-0.0090	-0.0230	-0.9750	1.76	NULL	NULL	0
1711	4	2	1	170803	084218.90	108.53777004	34.22356233	35.15	0.0330	-0.0560	-1.0200	1.76	NULL	NULL	0
1712	4	2	1	170803	084219.00	108.53777637	34.22356398	35.15	0.0280	-0.0620	-0.9580	1.68	NULL	NULL	0
1713	4	2	1	170803	084219.10	108.53778271	34.22356556	35.15	-0.0130	0.0170	-0.9700	1.68	NULL	NULL	0
1714	4	2	1	170803	084219.20	108.53778905	34.22356719	35.15	-0.0280	-0.0160	-0.9970	1.68	NULL	NULL	0
1715	4	2	1	170803	084219.30	108.53779530	34.22356886	35.15	-0.0320	-0.0030	-1.0330	1.73	NULL	NULL	0
1716	4	2	1	170803	084219.40	108.53780148	34.22357055	35.15	0.0060	-0.0980	-1.0530	1.73	NULL	NULL	0
1717	4	2	1	170803	084219.50	108.53780774	34.22357217	35.15	-0.0410	-0.0000	-0.9960	1.73	NULL	NULL	0
1718	4	2	1	170803	084219.60	108.53781406	34.22357375	35.15	0.0500	-0.0550	-0.9280	1.78	NULL	NULL	0
1719	4	2	1	170803	084219.70	108.53782033	34.22357541	35.15	0.0360	-0.0320	-0.9910	1.78	NULL	NULL	0
1720	4	2	1	170803	084219.80	108.53782635	34.22357680	35.15	0.1100	-0.0040	-0.9730	1.78	NULL	NULL	0
1721	4	2	1	170803	084219.90	108.53783266	34.22357846	35.15	-0.0030	-0.0400	-0.9600	1.78	NULL	NULL	0
1722	4	2	1	170803	084220.00	108.53783900	34.22358004	35.15	0.0320	0.0310	-1.0200	1.83	NULL	NULL	0
1723	4	2	1	170803	084220.10	108.53784534	34.22358171	35.15	0.0670	0.0630	-0.9840	1.83	NULL	NULL	0
1724	4	2	1	170803	084220.20	108.53785285	34.22358718	35.15	0.1010	0.0100	-0.9930	1.83	NULL	NULL	0
1725	4	2	1	170803	084220.30	108.53785927	34.22358883	37.00	0.0220	-0.0300	-1.0080	4.33	NULL	NULL	0
1726	4	2	1	170803	084220.40	108.53786570	34.22359040	37.00	0.0500	0.0270	-1.0030	4.33	NULL	NULL	0
1727	4	2	1	170803	084220.50	108.53787208	34.22359206	35.15	-0.0400	-0.0120	-0.9910	4.33	NULL	NULL	0
1728	4	2	1	170803	084220.60	108.53787881	34.22359352	37.00	-0.0100	-0.0360	-0.9820	4.82	NULL	NULL	0
1729	4	2	1	170803	084220.70	108.53788530	34.22359517	37.00	0.0740	-0.0330	-1.0030	4.82	NULL	NULL	0
1730	4	2	1	170803	084220.80	108.53789178	34.22359704	37.00	-0.0010	-0.0510	-1.0010	4.82	NULL	NULL	0
1731	4	2	1	170803	084220.90	108.53789828	34.22359873	37.00	0.1270	-0.0460	-1.0290	4.48	NULL	NULL	0
1732	4	2	1	170803	084221.00	108.53790553	34.22359882	37.00	0.1200	-0.0490	-0.9300	4.48	NULL	NULL	0
1733	4	2	1	170803	084221.10	108.53791204	34.22360045	37.00	0.0720	0.0220	-0.9190	4.48	NULL	NULL	0
1734	4	2	1	170803	084221.20	108.53791828	34.22360165	37.00	0.0530	-0.0110	-0.9690	3.44	NULL	NULL	0
1735	4	2	1	170803	084221.30	108.53792475	34.22360330	37.00	-0.0230	-0.0500	-0.9740	3.44	NULL	NULL	0
1736	4	2	1	170803	084221.40	108.53793114	34.22360248	37.00	-0.0030	0.0010	-1.0120	3.44	NULL	NULL	0
1737	4	2	1	170803	084221.50	108.53793769	34.22360414	37.00	-0.0300	-0.0280	-1.0250	2.99	NULL	NULL	0
1738	4	2	1	170803	084221.60	108.53794367	34.22360878	37.00	-0.0260	-0.0820	-1.0020	2.99	NULL	NULL	0
1739	4	2	1	170803	084221.70	108.53795017	34.22361045	37.00	-0.0040	0.0000	-1.0460	2.99	NULL	NULL	0
1740	4	2	1	170803	084221.80	108.53795699	34.22361331	37.00	0.0510	-0.0350	-0.9740	2.89	NULL	NULL	0
1741	4	2	1	170803	084221.90	108.53796348	34.22361499	37.00	-0.0010	0.0330	-0.9640	2.89	NULL	NULL	0
1742	4	2	1	170803	084222.00	108.53796995	34.22361679	37.00	0.0630	0.0140	-1.0080	2.89	NULL	NULL	0
1743	4	2	1	170803	084222.10	108.53797645	34.22361845	37.00	-0.0030	-0.0220	-1.0030	2.68	NULL	NULL	0
1744	4	2	1	170803	084222.20	108.53798293	34.22361987	37.00	-0.0190	-0.0270	-1.0200	2.68	NULL	NULL	0
1745	4	2	1	170803	084222.30	108.53798942	34.22362155	37.00	-0.0340	-0.0290	-0.9980	2.68	NULL	NULL	0
1746	4	2	1	170803	084222.40	108.53799521	34.22362081	37.00	-0.0540	-0.0490	-0.9430	2.39	NULL	NULL	0
1747	4	2	1	170803	084222.50	108.53800169	34.22362246	37.00	-0.0260	-0.1240	-1.0310	2.39	NULL	NULL	0
1748	4	2	1	170803	084222.60	108.53800786	34.22362345	37.00	0.0290	0.0070	-1.0130	2.39	NULL	NULL	0
1749	4	2	1	170803	084222.70	108.53801430	34.22362521	37.00	0.0200	-0.0440	-1.0470	2.33	NULL	NULL	0
1750	4	2	1	170803	084222.80	108.53802091	34.22362735	37.00	0.0390	-0.0020	-0.9990	2.33	NULL	NULL	0
1751	4	2	1	170803	084222.90	108.53802737	34.22362897	37.00	0.0450	-0.0860	-0.9760	2.33	NULL	NULL	0
1752	4	2	1	170803	084223.00	108.53803357	34.22363226	37.00	-0.0310	0.0300	-0.9680	2.04	NULL	NULL	0
1753	4	2	1	170803	084223.10	108.53803998	34.22363392	37.00	0.0040	0.0460	-0.9380	2.04	NULL	NULL	0
1754	4	2	1	170803	084223.20	108.53804513	34.22363393	35.15	-0.0080	0.0270	-1.0180	2.04	NULL	NULL	0
1755	4	2	1	170803	084223.30	108.53805145	34.22363560	35.15	0.0820	-0.0850	-1.0730	1.86	NULL	NULL	0
1756	4	2	1	170803	084223.40	108.53805881	34.22363776	35.15	0.0310	-0.0310	-1.0960	1.86	NULL	NULL	0
1757	4	2	1	170803	084223.50	108.53806522	34.22363942	35.15	-0.0660	-0.0300	-0.9990	1.86	NULL	NULL	0
1758	4	2	1	170803	084223.60	108.53807163	34.22364087	35.15	-0.0360	-0.0210	-0.9700	1.69	NULL	NULL	0
1759	4	2	1	170803	084223.70	108.53807796	34.22364257	35.15	-0.1140	0.0360	-0.9310	1.69	NULL	NULL	0
1760	4	2	1	170803	084223.80	108.53808441	34.22364480	35.15	-0.0040	-0.0150	-0.9580	1.69	NULL	NULL	0
1761	4	2	1	170803	084223.90	108.53809067	34.22364647	35.15	0.0220	-0.0060	-0.9960	1.69	NULL	NULL	0
1762	4	2	1	170803	084224.00	108.53809692	34.22364840	35.15	-0.0120	-0.0080	-1.0450	1.73	NULL	NULL	0
1763	4	2	1	170803	084224.10	108.53810319	34.22365011	35.15	0.0320	-0.0500	-0.9800	1.73	NULL	NULL	0
1764	4	2	1	170803	084224.20	108.53810937	34.22365164	35.15	-0.0830	0.0160	-0.9350	1.73	NULL	NULL	0
1765	4	2	1	170803	084224.30	108.53811561	34.22365329	35.15	0.0130	0.0230	-0.9640	1.78	NULL	NULL	0
1766	4	2	1	170803	084224.40	108.53812154	34.22365416	35.15	0.0610	0.0160	-0.9590	1.78	NULL	NULL	0
1767	4	2	1	170803	084224.50	108.53812776	34.22365580	35.15	0.1200	-0.0500	-0.9530	1.78	NULL	NULL	0
1768	4	2	1	170803	084224.60	108.53813424	34.22365844	35.15	0.0440	-0.0730	-1.0610	1.76	NULL	NULL	0
1769	4	2	1	170803	084224.70	108.53814041	34.22366011	35.15	-0.0850	0.0440	-1.0720	1.76	NULL	NULL	0
1770	4	2	1	170803	084224.80	108.53814656	34.22366317	35.15	0.0360	-0.0570	-1.0080	1.76	NULL	NULL	0
1771	4	2	1	170803	084224.90	108.53815275	34.22366482	35.15	-0.0780	-0.0390	-0.9920	1.81	NULL	NULL	0
1772	4	2	1	170803	084225.00	108.53815857	34.22366526	35.15	-0.0920	-0.0580	-1.0590	1.81	NULL	NULL	0
1773	4	2	1	170803	084225.10	108.53816471	34.22366690	35.15	-0.0860	0.0480	-1.0010	1.81	NULL	NULL	0
1774	4	2	1	170803	084225.20	108.53817092	34.22366874	35.15	0.0060	-0.0110	-0.9690	1.86	NULL	NULL	0
1775	4	2	1	170803	084225.30	108.53817709	34.22367037	35.15	0.0880	-0.0290	-0.9770	1.86	NULL	NULL	0
1776	4	2	1	170803	084225.40	108.53818331	34.22367162	35.15	0.2510	0.0310	-0.9860	1.86	NULL	NULL	0
1777	4	2	1	170803	084225.50	108.53818951	34.22367324	35.15	0.1810	0.0570	-1.0570	2.55	NULL	NULL	0
1778	4	2	1	170803	084225.60	108.53819416	34.22367699	35.15	0.2060	-0.0630	-1.0290	2.55	NULL	NULL	0
1779	4	2	1	170803	084225.70	108.53820043	34.22367865	35.15	0.0230	-0.0240	-1.0640	2.55	NULL	NULL	0
1780	4	2	1	170803	084225.80	108.53820637	34.22367963	35.15	0.1050	-0.0790	-0.9000	3.52	NULL	NULL	0
1781	4	2	1	170803	084225.90	108.53821268	34.22368127	35.15	-0.0180	-0.0160	-1.0210	3.52	NULL	NULL	0
1782	4	2	1	170803	084226.00	108.53821889	34.22368271	35.15	0.0480	-0.0050	-1.0790	3.52	NULL	NULL	0
1783	4	2	1	170803	084226.10	108.53822523	34.22368438	35.15	-0.0620	-0.0310	-1.0740	4.70	NULL	NULL	0
1784	4	2	1	170803	084226.20	108.53823248	34.22368761	35.15	-0.0420	-0.0700	-0.9490	4.70	NULL	NULL	0
1785	4	2	1	170803	084226.30	108.53823889	34.22368927	37.00	0.0350	-0.0200	-0.9400	4.70	NULL	NULL	0
1786	4	2	1	170803	084226.40	108.53824436	34.22368920	35.15	-0.0310	0.0630	-0.9830	4.81	NULL	NULL	0
1787	4	2	1	170803	084226.50	108.53825073	34.22369088	35.15	-0.0240	-0.0460	-0.9990	4.81	NULL	NULL	0
1788	4	2	1	170803	084226.60	108.53825678	34.22369249	35.15	0.0080	-0.0410	-1.0060	4.81	NULL	NULL	0
1789	4	2	1	170803	084226.70	108.53826316	34.22369412	35.15	-0.0070	-0.0530	-1.0110	3.62	NULL	NULL	0
1790	4	2	1	170803	084226.80	108.53826960	34.22369579	37.00	0.0170	0.0200	-0.9710	3.62	NULL	NULL	0
1791	4	2	1	170803	084226.90	108.53827597	34.22369749	35.15	0.0740	-0.0660	-0.9800	3.62	NULL	NULL	0
1792	4	2	1	170803	084227.00	108.53828231	34.22369917	35.15	0.0430	-0.1160	-0.9890	2.53	NULL	NULL	0
1793	4	2	1	170803	084227.10	108.53828869	34.22370086	35.15	-0.0030	-0.0820	-1.0040	2.53	NULL	NULL	0
1794	4	2	1	170803	084227.20	108.53829650	34.22370104	35.15	0.0220	-0.0620	-0.9500	2.53	NULL	NULL	0
1795	4	2	1	170803	084227.30	108.53830281	34.22370275	35.15	-0.0680	0.0170	-0.9820	2.35	NULL	NULL	0
1796	4	2	1	170803	084227.40	108.53830999	34.22370382	35.15	-0.0700	-0.1170	-1.0360	2.35	NULL	NULL	0
1797	4	2	1	170803	084227.50	108.53831631	34.22370549	35.15	-0.0300	0.0140	-0.9890	2.35	NULL	NULL	0
1798	4	2	1	170803	084227.60	108.53832256	34.22370722	35.15	0.1070	-0.0210	-0.9460	2.06	NULL	NULL	0
1799	4	2	1	170803	084227.70	108.53832883	34.22370891	35.15	-0.0020	0.0480	-1.0430	2.06	NULL	NULL	0
1800	4	2	1	170803	084227.80	108.53833511	34.22371060	35.15	0.0160	0.0290	-0.9920	2.06	NULL	NULL	0
1801	4	2	1	170803	084227.90	108.53834134	34.22371234	35.15	0.1060	-0.0300	-1.0020	2.06	NULL	NULL	0
1802	4	2	1	170803	084228.00	108.53834728	34.22371438	35.15	0.0340	-0.0450	-0.9680	1.93	NULL	NULL	0
1803	4	2	1	170803	084228.10	108.53835357	34.22371610	35.15	0.1100	0.0010	-0.9830	1.93	NULL	NULL	0
1804	4	2	1	170803	084228.20	108.53835983	34.22371771	35.15	0.0180	0.0180	-0.9940	1.93	NULL	NULL	0
1805	4	2	1	170803	084228.30	108.53836603	34.22371942	35.15	0.0170	0.0220	-0.9680	2.01	NULL	NULL	0
1806	4	2	1	170803	084228.40	108.53837217	34.22372118	35.15	-0.0070	-0.0350	-0.9270	2.01	NULL	NULL	0
1807	4	2	1	170803	084228.50	108.53837837	34.22372287	35.15	-0.0460	0.0330	-1.0590	2.01	NULL	NULL	0
1808	4	2	1	170803	084228.60	108.53838464	34.22372453	35.15	0.0250	-0.0580	-0.9970	1.94	NULL	NULL	0
1809	4	2	1	170803	084228.70	108.53839092	34.22372625	35.15	0.0610	0.0180	-1.0530	1.94	NULL	NULL	0
1810	4	2	1	170803	084228.80	108.53839550	34.22372986	35.15	0.1260	-0.0290	-1.0030	1.94	NULL	NULL	0
1811	4	2	1	170803	084228.90	108.53840183	34.22373159	35.15	0.0040	0.0430	-0.9050	3.33	NULL	NULL	0
1812	4	2	1	170803	084229.00	108.53840893	34.22373330	35.15	0.0170	-0.0770	-0.9970	3.33	NULL	NULL	0
1813	4	2	1	170803	084229.10	108.53841528	34.22373504	35.15	-0.1000	0.0590	-0.9610	3.33	NULL	NULL	0
1814	4	2	1	170803	084229.20	108.53842162	34.22373672	35.15	-0.0860	0.0410	-1.0080	4.35	NULL	NULL	0
1815	4	2	1	170803	084229.30	108.53842801	34.22373843	37.00	0.0730	-0.0530	-1.0150	4.35	NULL	NULL	0
1816	4	2	1	170803	084229.40	108.53843436	34.22374013	37.00	-0.0330	-0.0230	-1.1370	4.35	NULL	NULL	0
1817	4	2	1	170803	084229.50	108.53844078	34.22374186	37.00	-0.0090	-0.0170	-1.1090	4.96	NULL	NULL	0
1818	4	2	1	170803	084229.60	108.53844719	34.22374358	37.00	0.0740	-0.0030	-1.0380	4.96	NULL	NULL	0
1819	4	2	1	170803	084229.70	108.53845364	34.22374529	37.00	-0.0260	-0.0010	-1.0340	4.96	NULL	NULL	0
1820	4	2	1	170803	084229.80	108.53846010	34.22374698	37.00	0.0410	-0.1080	-1.0420	4.28	NULL	NULL	0
1821	4	2	1	170803	084229.90	108.53846648	34.22374872	37.00	-0.1000	-0.0610	-1.0010	4.28	NULL	NULL	0
1822	4	2	1	170803	084230.00	108.53847287	34.22375046	35.15	0.0400	-0.0160	-1.0040	4.28	NULL	NULL	0
1823	4	2	1	170803	084230.10	108.53847929	34.22375218	37.00	-0.0420	-0.0280	-0.9780	3.05	NULL	NULL	0
1824	4	2	1	170803	084230.20	108.53848566	34.22375385	37.00	-0.0220	-0.0300	-1.0440	3.05	NULL	NULL	0
1825	4	2	1	170803	084230.30	108.53849206	34.22375555	37.00	-0.0660	0.0170	-0.9880	3.05	NULL	NULL	0
1826	4	2	1	170803	084230.40	108.53849844	34.22375723	35.15	-0.0870	0.0220	-0.9310	2.43	NULL	NULL	0
1827	4	2	1	170803	084230.50	108.53850479	34.22375889	35.15	0.0180	-0.0550	-0.9720	2.43	NULL	NULL	0
1828	4	2	1	170803	084230.60	108.53851179	34.22375967	35.15	0.0330	-0.1280	-1.0030	2.43	NULL	NULL	0
1829	4	2	1	170803	084230.70	108.53851813	34.22376135	35.15	0.0040	-0.0200	-0.9840	2.18	NULL	NULL	0
1830	4	2	1	170803	084230.80	108.53852368	34.22376399	35.15	-0.0060	0.0140	-1.0210	2.18	NULL	NULL	0
1831	4	2	1	170803	084230.90	108.53852997	34.22376570	35.15	-0.0920	-0.0770	-1.0130	2.18	NULL	NULL	0
1832	4	2	1	170803	084231.00	108.53853696	34.22376642	35.15	-0.0440	-0.0480	-0.9770	2.04	NULL	NULL	0
1833	4	2	1	170803	084231.10	108.53854323	34.22376810	35.15	-0.0550	0.0330	-0.9780	2.04	NULL	NULL	0
1834	4	2	1	170803	084231.20	108.53854885	34.22377064	35.15	-0.0670	-0.0200	-1.0250	2.04	NULL	NULL	0
1835	4	2	1	170803	084231.30	108.53855508	34.22377238	35.15	0.0400	-0.0600	-1.0240	2.08	NULL	NULL	0
1836	4	2	1	170803	084231.40	108.53856212	34.22377299	35.15	0.0700	-0.0370	-1.0060	2.08	NULL	NULL	0
1837	4	2	1	170803	084231.50	108.53856833	34.22377472	35.15	0.0640	-0.0410	-0.9790	2.08	NULL	NULL	0
1838	4	2	1	170803	084231.60	108.53857458	34.22377662	35.15	0.0730	-0.0080	-0.9840	1.88	NULL	NULL	0
1839	4	2	1	170803	084231.70	108.53858078	34.22377838	35.15	-0.0640	-0.0540	-0.9690	1.88	NULL	NULL	0
1840	4	2	1	170803	084231.80	108.53858701	34.22378033	35.15	-0.0720	-0.0580	-0.9670	1.88	NULL	NULL	0
1841	4	2	1	170803	084231.90	108.53859314	34.22378210	35.15	-0.0400	-0.0230	-0.9860	1.88	NULL	NULL	0
1842	4	2	1	170803	084232.00	108.53859846	34.22378468	35.15	-0.0750	-0.1300	-1.0300	1.88	NULL	NULL	0
1843	4	2	1	170803	084232.10	108.53860462	34.22378644	35.15	0.0130	-0.0220	-0.9950	1.88	NULL	NULL	0
1844	4	2	1	170803	084232.20	108.53861073	34.22378828	35.15	-0.0190	0.0020	-0.9790	1.88	NULL	NULL	0
1845	4	2	1	170803	084232.30	108.53861686	34.22379003	35.15	0.0450	-0.0580	-0.9550	2.07	NULL	NULL	0
1846	4	2	1	170803	084232.40	108.53862289	34.22379212	35.15	0.0250	0.0020	-0.9950	2.07	NULL	NULL	0
1847	4	2	1	170803	084232.50	108.53862903	34.22379389	35.15	-0.0360	0.0170	-1.0330	2.07	NULL	NULL	0
1848	4	2	1	170803	084232.60	108.53863518	34.22379569	35.15	-0.0470	-0.0120	-1.0480	2.14	NULL	NULL	0
1849	4	2	1	170803	084232.70	108.53864136	34.22379747	35.15	-0.0290	0.0140	-1.0260	2.14	NULL	NULL	0
1850	4	2	1	170803	084232.80	108.53864757	34.22379921	35.15	-0.0110	-0.0480	-0.9970	2.14	NULL	NULL	0
1851	4	2	1	170803	084232.90	108.53865378	34.22380099	35.15	0.0930	-0.0200	-0.9920	3.02	NULL	NULL	0
1852	4	2	1	170803	084233.00	108.53866004	34.22380274	35.15	0.0500	-0.0560	-1.0330	3.02	NULL	NULL	0
1853	4	2	1	170803	084233.10	108.53866630	34.22380453	35.15	0.0390	0.0720	-1.0080	3.02	NULL	NULL	0
1854	4	2	1	170803	084233.20	108.53867272	34.22380603	35.15	-0.0150	0.0430	-0.9760	3.90	NULL	NULL	0
1855	4	2	1	170803	084233.30	108.53867901	34.22380781	35.15	0.0480	0.0280	-0.9710	3.90	NULL	NULL	0
1856	4	2	1	170803	084233.40	108.53868545	34.22380932	35.15	0.0450	-0.0020	-0.9480	3.90	NULL	NULL	0
1857	4	2	1	170803	084233.50	108.53869171	34.22381114	35.15	0.0620	-0.0920	-1.0720	4.14	NULL	NULL	0
1858	4	2	1	170803	084233.60	108.53869800	34.22381292	35.15	0.0220	0.0160	-1.0300	4.14	NULL	NULL	0
1859	4	2	1	170803	084233.70	108.53870431	34.22381472	35.15	-0.0510	-0.0010	-1.0100	4.14	NULL	NULL	0
1860	4	2	1	170803	084233.80	108.53871058	34.22381660	35.15	0.0310	-0.0230	-0.9700	3.05	NULL	NULL	0
1861	4	2	1	170803	084233.90	108.53871689	34.22381842	35.15	0.0230	-0.0250	-0.9670	3.05	NULL	NULL	0
1862	4	2	1	170803	084234.00	108.53872326	34.22382008	35.15	-0.0020	0.0100	-0.9730	3.05	NULL	NULL	0
1863	4	2	1	170803	084234.10	108.53872957	34.22382187	35.15	0.0470	-0.0310	-0.9560	2.56	NULL	NULL	0
1864	4	2	1	170803	084234.20	108.53873568	34.22382385	35.15	0.0260	-0.0120	-1.0240	2.56	NULL	NULL	0
1865	4	2	1	170803	084234.30	108.53874195	34.22382567	35.15	0.0680	-0.0180	-0.9860	2.56	NULL	NULL	0
1866	4	2	1	170803	084234.40	108.53874839	34.22382725	35.15	-0.0570	0.0010	-1.0350	2.23	NULL	NULL	0
1867	4	2	1	170803	084234.50	108.53875463	34.22382910	35.15	0.0240	0.0090	-1.0200	2.23	NULL	NULL	0
1868	4	2	1	170803	084234.60	108.53876088	34.22383090	35.15	-0.0040	-0.0690	-1.0010	2.23	NULL	NULL	0
1869	4	2	1	170803	084234.70	108.53876714	34.22383273	35.15	0.0680	0.0390	-0.9360	2.00	NULL	NULL	0
1870	4	2	1	170803	084234.80	108.53877331	34.22383460	35.15	-0.0010	0.0210	-1.0170	2.00	NULL	NULL	0
1871	4	2	1	170803	084234.90	108.53877948	34.22383646	35.15	0.0720	-0.0680	-0.9640	2.00	NULL	NULL	0
1872	4	2	1	170803	084235.00	108.53878563	34.22383830	35.15	0.1080	-0.0150	-0.9940	1.77	NULL	NULL	0
1873	4	2	1	170803	084235.10	108.53879179	34.22384020	35.15	0.0300	-0.0480	-1.0210	1.77	NULL	NULL	0
1874	4	2	1	170803	084235.20	108.53879792	34.22384206	35.15	0.1160	0.0100	-0.9790	1.77	NULL	NULL	0
1875	4	2	1	170803	084235.30	108.53880407	34.22384389	35.15	-0.0280	-0.0210	-0.9450	1.81	NULL	NULL	0
1876	4	2	1	170803	084235.40	108.53881021	34.22384569	35.15	0.0250	-0.0340	-1.0500	1.81	NULL	NULL	0
1877	4	2	1	170803	084235.50	108.53881633	34.22384759	35.15	-0.0910	-0.0080	-1.0080	1.81	NULL	NULL	0
1878	4	2	1	170803	084235.60	108.53882206	34.22384932	35.15	-0.0750	-0.0390	-0.9560	1.69	NULL	NULL	0
1879	4	2	1	170803	084235.70	108.53882817	34.22385111	35.15	-0.0280	0.0470	-0.9560	1.69	NULL	NULL	0
1880	4	2	1	170803	084235.80	108.53883430	34.22385290	35.15	-0.0000	-0.0410	-1.0360	1.69	NULL	NULL	0
1881	4	2	1	170803	084235.90	108.53884042	34.22385469	35.15	0.0100	-0.0110	-0.9920	1.69	NULL	NULL	0
1882	4	2	1	170803	084236.00	108.53884647	34.22385646	35.15	-0.0390	0.0340	-1.0140	1.68	NULL	NULL	0
1883	4	2	1	170803	084236.10	108.53885258	34.22385826	35.15	0.0150	0.0050	-0.9460	1.68	NULL	NULL	0
1884	4	2	1	170803	084236.20	108.53885857	34.22385998	35.15	-0.0170	0.0560	-1.0250	1.68	NULL	NULL	0
1885	4	2	1	170803	084236.30	108.53886469	34.22386171	35.15	0.0420	-0.0190	-1.0180	1.80	NULL	NULL	0
1886	4	2	1	170803	084236.40	108.53887078	34.22386346	35.15	-0.0070	0.0990	-1.0140	1.80	NULL	NULL	0
1887	4	2	1	170803	084236.50	108.53887691	34.22386518	35.15	0.0180	-0.0610	-0.9770	1.80	NULL	NULL	0
1888	4	2	1	170803	084236.60	108.53888299	34.22386687	35.15	0.0630	0.0460	-1.0510	1.90	NULL	NULL	0
1889	4	2	1	170803	084236.70	108.53888908	34.22386861	35.15	-0.0370	0.0550	-1.0160	1.90	NULL	NULL	0
1890	4	2	1	170803	084236.80	108.53889521	34.22387029	35.15	0.0590	0.0070	-0.9860	1.90	NULL	NULL	0
1891	4	2	1	170803	084236.90	108.53890131	34.22387198	35.15	-0.0100	-0.0070	-0.9950	2.07	NULL	NULL	0
1892	4	2	1	170803	084237.00	108.53890749	34.22387366	35.15	0.0070	0.0210	-0.9560	2.07	NULL	NULL	0
1893	4	2	1	170803	084237.10	108.53891358	34.22387536	35.15	-0.0590	-0.0420	-1.0760	2.07	NULL	NULL	0
1894	4	2	1	170803	084237.20	108.53892090	34.22387585	35.15	0.0220	-0.0500	-0.9640	2.21	NULL	NULL	0
1895	4	2	1	170803	084237.30	108.53892699	34.22387755	35.15	0.0190	-0.0070	-0.9950	2.21	NULL	NULL	0
1896	4	2	1	170803	084237.40	108.53893364	34.22387866	35.15	0.0390	-0.0130	-1.0650	2.21	NULL	NULL	0
1897	4	2	1	170803	084237.50	108.53893975	34.22388037	35.15	-0.0130	-0.0560	-1.0570	2.22	NULL	NULL	0
1898	4	2	1	170803	084237.60	108.53894584	34.22388207	35.15	0.0270	-0.0320	-1.0200	2.22	NULL	NULL	0
1899	4	2	1	170803	084237.70	108.53895193	34.22388378	35.15	-0.0430	-0.0620	-0.9990	2.22	NULL	NULL	0
1900	4	2	1	170803	084237.80	108.53895800	34.22388554	35.15	-0.0020	0.0030	-0.9580	2.11	NULL	NULL	0
1901	4	2	1	170803	084237.90	108.53896405	34.22388725	35.15	0.0120	-0.0600	-0.9860	2.11	NULL	NULL	0
1902	4	2	1	170803	084238.00	108.53897012	34.22388897	35.15	-0.0460	-0.0560	-1.0210	2.11	NULL	NULL	0
1903	4	2	1	170803	084238.10	108.53897614	34.22389071	35.15	-0.0250	-0.0720	-0.9760	1.94	NULL	NULL	0
1904	4	2	1	170803	084238.20	108.53898216	34.22389249	35.15	-0.0190	-0.1430	-1.0070	1.94	NULL	NULL	0
1905	4	2	1	170803	084238.30	108.53898814	34.22389426	33.30	0.0210	-0.0280	-1.0260	1.94	NULL	NULL	0
1906	4	2	1	170803	084238.40	108.53899425	34.22389597	35.15	-0.0200	-0.0450	-1.0530	1.82	NULL	NULL	0
1907	4	2	1	170803	084238.50	108.53900028	34.22389775	35.15	0.0540	-0.0840	-0.9790	1.82	NULL	NULL	0
1908	4	2	1	170803	084238.60	108.53900620	34.22389958	35.15	0.0670	0.0280	-0.9980	1.82	NULL	NULL	0
1909	4	2	1	170803	084238.70	108.53901222	34.22390137	35.15	0.0720	-0.0040	-1.0310	2.79	NULL	NULL	0
1910	4	2	1	170803	084238.80	108.53901830	34.22390316	35.15	0.0600	-0.0460	-1.0570	2.79	NULL	NULL	0
1911	4	2	1	170803	084238.90	108.53902440	34.22390492	35.15	0.0220	-0.0190	-1.0650	2.79	NULL	NULL	0
1912	4	2	1	170803	084239.00	108.53903050	34.22390673	35.15	0.0860	-0.0030	-0.9740	3.43	NULL	NULL	0
1913	4	2	1	170803	084239.10	108.53903660	34.22390856	35.15	-0.0570	-0.1000	-1.0140	3.43	NULL	NULL	0
1914	4	2	1	170803	084239.20	108.53904274	34.22391034	35.15	-0.0390	-0.0200	-0.9510	3.43	NULL	NULL	0
1915	4	2	1	170803	084239.30	108.53904883	34.22391217	35.15	0.0490	0.0130	-0.9630	3.68	NULL	NULL	0
1916	4	2	1	170803	084239.40	108.53905493	34.22391401	35.15	0.0000	-0.0630	-1.0210	3.68	NULL	NULL	0
1917	4	2	1	170803	084239.50	108.53906103	34.22391582	35.15	0.0560	0.0290	-0.9900	3.68	NULL	NULL	0
1918	4	2	1	170803	084239.60	108.53906711	34.22391768	35.15	0.0080	-0.0290	-0.9560	3.57	NULL	NULL	0
1919	4	2	1	170803	084239.70	108.53907319	34.22391953	35.15	0.1510	0.0290	-0.9500	3.57	NULL	NULL	0
1920	4	2	1	170803	084239.80	108.53907931	34.22392133	35.15	0.0120	-0.0660	-1.0010	3.57	NULL	NULL	0
1921	4	2	1	170803	084239.90	108.53908543	34.22392314	35.15	0.0400	-0.0660	-0.9690	3.57	NULL	NULL	0
1922	4	2	1	170803	084240.00	108.53909151	34.22392497	35.15	0.0860	-0.0360	-0.9330	2.61	NULL	NULL	0
1923	4	2	1	170803	084240.10	108.53909767	34.22392676	35.15	0.0420	-0.0950	-0.9730	2.61	NULL	NULL	0
1924	4	2	1	170803	084240.20	108.53910377	34.22392859	35.15	-0.0710	-0.0300	-1.0290	2.50	NULL	NULL	0
1925	4	2	1	170803	084240.30	108.53910989	34.22393039	35.15	0.0280	-0.0300	-0.9840	2.50	NULL	NULL	0
1926	4	2	1	170803	084240.40	108.53911605	34.22393212	35.15	0.0870	0.0740	-1.0540	2.50	NULL	NULL	0
1927	4	2	1	170803	084240.50	108.53912219	34.22393397	35.15	0.1430	-0.0220	-1.0500	2.50	NULL	NULL	0
1928	4	2	1	170803	084240.60	108.53912841	34.22393576	35.15	0.0580	-0.0690	-1.0540	3.51	NULL	NULL	0
1929	4	2	1	170803	084240.70	108.53913464	34.22393762	35.15	-0.0690	-0.0560	-1.0410	3.51	NULL	NULL	0
1930	4	2	1	170803	084240.80	108.53914090	34.22393943	35.15	-0.0620	-0.0050	-1.0050	3.51	NULL	NULL	0
1931	4	2	1	170803	084240.90	108.53914722	34.22394128	35.15	-0.0330	0.0160	-0.9890	3.56	NULL	NULL	0
1932	4	2	1	170803	084241.00	108.53915349	34.22394323	35.15	0.0120	-0.0250	-0.9590	3.56	NULL	NULL	0
1933	4	2	1	170803	084241.10	108.53915976	34.22394509	35.15	0.0780	0.0090	-1.0250	3.56	NULL	NULL	0
1934	4	2	1	170803	084241.20	108.53916609	34.22394694	37.00	0.1080	0.0190	-0.9800	4.47	NULL	NULL	0
1935	4	2	1	170803	084241.30	108.53917243	34.22394882	37.00	-0.0180	-0.0050	-1.0090	4.47	NULL	NULL	0
1936	4	2	1	170803	084241.40	108.53917876	34.22395072	37.00	0.0400	0.0260	-1.0520	4.47	NULL	NULL	0
1937	4	2	1	170803	084241.50	108.53918512	34.22395262	37.00	-0.0460	-0.0470	-0.9730	4.90	NULL	NULL	0
1938	4	2	1	170803	084241.60	108.53919146	34.22395451	37.00	0.0180	-0.0260	-1.0140	4.90	NULL	NULL	0
1939	4	2	1	170803	084241.70	108.53919780	34.22395639	37.00	0.0490	0.0030	-1.0380	4.90	NULL	NULL	0
1940	4	2	1	170803	084241.80	108.53920412	34.22395831	37.00	0.0930	-0.0410	-0.9820	3.54	NULL	NULL	0
1941	4	2	1	170803	084241.90	108.53921042	34.22396022	35.15	0.0810	-0.0840	-0.9990	3.54	NULL	NULL	0
1942	4	2	1	170803	084242.00	108.53921675	34.22396215	37.00	0.0350	-0.0330	-1.0260	3.54	NULL	NULL	0
1943	4	2	1	170803	084242.10	108.53922312	34.22396408	37.00	0.0880	-0.0640	-0.9620	2.59	NULL	NULL	0
1944	4	2	1	170803	084242.20	108.53922944	34.22396600	37.00	0.0400	-0.0550	-0.8520	2.59	NULL	NULL	0
1945	4	2	1	170803	084242.30	108.53923575	34.22396787	35.15	-0.0070	-0.0270	-0.8260	2.59	NULL	NULL	0
1946	4	2	1	170803	084242.40	108.53924202	34.22396976	35.15	-0.1110	0.0610	-1.0440	2.37	NULL	NULL	0
1947	4	2	1	170803	084242.50	108.53924828	34.22397164	35.15	-0.0580	0.0140	-1.1280	2.37	NULL	NULL	0
1948	4	2	1	170803	084242.60	108.53925456	34.22397351	35.15	-0.0240	-0.0060	-1.1140	2.37	NULL	NULL	0
1949	4	2	1	170803	084242.70	108.53926087	34.22397539	35.15	-0.0750	-0.0370	-1.0830	2.07	NULL	NULL	0
1950	4	2	1	170803	084242.80	108.53926718	34.22397731	37.00	-0.0200	0.0800	-0.9350	2.07	NULL	NULL	0
1951	4	2	1	170803	084242.90	108.53927343	34.22397917	35.15	-0.0370	-0.0200	-0.9100	2.07	NULL	NULL	0
1952	4	2	1	170803	084243.00	108.53927968	34.22398103	35.15	-0.0270	-0.0270	-0.9590	1.84	NULL	NULL	0
1953	4	2	1	170803	084243.10	108.53928589	34.22398288	35.15	0.0150	-0.0060	-1.0140	1.84	NULL	NULL	0
1954	4	2	1	170803	084243.20	108.53929210	34.22398473	35.15	0.1070	-0.0050	-0.9780	1.84	NULL	NULL	0
1955	4	2	1	170803	084243.30	108.53929831	34.22398656	35.15	0.1050	-0.1350	-1.0650	1.90	NULL	NULL	0
1956	4	2	1	170803	084243.40	108.53930498	34.22398844	35.15	0.1070	-0.0010	-1.0080	1.90	NULL	NULL	0
1957	4	2	1	170803	084243.50	108.53931121	34.22399029	35.15	-0.0660	-0.1030	-0.9770	1.90	NULL	NULL	0
1958	4	2	1	170803	084243.60	108.53931712	34.22399209	35.15	-0.1630	-0.0970	-0.9200	1.78	NULL	NULL	0
1959	4	2	1	170803	084243.70	108.53932329	34.22399392	35.15	-0.0850	-0.0060	-1.0130	1.78	NULL	NULL	0
1960	4	2	1	170803	084243.80	108.53932948	34.22399574	35.15	-0.0390	-0.0490	-1.0560	1.78	NULL	NULL	0
1961	4	2	1	170803	084243.90	108.53933560	34.22399761	35.15	0.0340	0.0770	-1.0240	1.78	NULL	NULL	0
1962	4	2	1	170803	084244.00	108.53934194	34.22399947	35.15	-0.0120	-0.0340	-1.0270	1.76	NULL	NULL	0
1963	4	2	1	170803	084244.10	108.53934809	34.22400132	35.15	0.0760	-0.0760	-1.0100	1.76	NULL	NULL	0
1964	4	2	1	170803	084244.20	108.53935417	34.22400319	35.15	0.0590	0.0510	-1.0040	1.76	NULL	NULL	0
1965	4	2	1	170803	084244.30	108.53936028	34.22400508	35.15	0.0170	-0.0650	-1.0020	1.87	NULL	NULL	0
1966	4	2	1	170803	084244.40	108.53936637	34.22400700	35.15	0.0210	-0.0400	-0.9650	1.87	NULL	NULL	0
1967	4	2	1	170803	084244.50	108.53937243	34.22400885	35.15	-0.0110	0.0290	-1.0460	1.87	NULL	NULL	0
1968	4	2	1	170803	084244.60	108.53937847	34.22401071	35.15	-0.0140	-0.0120	-1.0170	2.03	NULL	NULL	0
1969	4	2	1	170803	084244.70	108.53938453	34.22401260	35.15	0.0200	-0.0400	-1.0690	2.03	NULL	NULL	0
1970	4	2	1	170803	084244.80	108.53939053	34.22401449	35.15	0.0210	-0.0310	-0.9430	2.03	NULL	NULL	0
1971	4	2	1	170803	084244.90	108.53939659	34.22401637	35.15	0.1230	-0.0010	-0.9580	2.07	NULL	NULL	0
1972	4	2	1	170803	084245.00	108.53940259	34.22401828	35.15	0.1140	-0.0330	-0.9950	2.07	NULL	NULL	0
1973	4	2	1	170803	084245.10	108.53940868	34.22402019	35.15	0.0440	0.0370	-0.9850	2.07	NULL	NULL	0
1974	4	2	1	170803	084245.20	108.53941475	34.22402206	35.15	0.0670	-0.0130	-1.0020	2.07	NULL	NULL	0
1975	4	2	1	170803	084245.30	108.53942088	34.22402395	35.15	-0.0260	-0.0410	-0.9880	2.07	NULL	NULL	0
1976	4	2	1	170803	084245.40	108.53942703	34.22402579	35.15	0.0350	0.0180	-1.0010	2.07	NULL	NULL	0
1977	4	2	1	170803	084245.50	108.53943322	34.22402770	35.15	0.0580	-0.0290	-0.9910	3.91	NULL	NULL	0
1978	4	2	1	170803	084245.60	108.53943942	34.22402963	35.15	0.0360	-0.0580	-0.9900	3.91	NULL	NULL	0
1979	4	2	1	170803	084245.70	108.53944562	34.22403158	35.15	0.1030	-0.0480	-0.9500	3.91	NULL	NULL	0
1980	4	2	1	170803	084245.80	108.53945190	34.22403354	35.15	0.0630	-0.0580	-0.9790	4.69	NULL	NULL	0
1981	4	2	1	170803	084245.90	108.53945815	34.22403551	35.15	0.0340	-0.0850	-0.9420	4.69	NULL	NULL	0
1982	4	2	1	170803	084246.00	108.53946442	34.22403751	35.15	0.0830	0.0010	-1.0190	4.69	NULL	NULL	0
1983	4	2	1	170803	084246.10	108.53947069	34.22403948	35.15	0.0480	0.0360	-0.9830	4.81	NULL	NULL	0
1984	4	2	1	170803	084246.20	108.53947698	34.22404147	35.15	0.0330	-0.0400	-1.0030	4.81	NULL	NULL	0
1985	4	2	1	170803	084246.30	108.53948325	34.22404343	35.15	-0.0190	0.0130	-0.9900	4.81	NULL	NULL	0
1986	4	2	1	170803	084246.40	108.53948952	34.22404543	37.00	-0.1110	-0.0670	-1.0080	3.44	NULL	NULL	0
1987	4	2	1	170803	084246.50	108.53949578	34.22404740	35.15	-0.0380	-0.0230	-1.0300	3.44	NULL	NULL	0
1988	4	2	1	170803	084246.60	108.53950201	34.22404937	35.15	0.0040	-0.0430	-1.0440	3.44	NULL	NULL	0
1989	4	2	1	170803	084246.70	108.53950827	34.22405135	35.15	-0.0210	-0.0090	-1.0760	2.79	NULL	NULL	0
1990	4	2	1	170803	084246.80	108.53951454	34.22405333	35.15	0.0140	0.0440	-1.0220	2.79	NULL	NULL	0
1991	4	2	1	170803	084246.90	108.53952076	34.22405531	35.15	-0.1580	0.0520	-0.9500	2.79	NULL	NULL	0
1992	4	2	1	170803	084247.00	108.53952702	34.22405728	35.15	-0.1580	-0.0630	-0.9740	2.53	NULL	NULL	0
1993	4	2	1	170803	084247.10	108.53953319	34.22405924	35.15	0.0250	-0.0140	-0.9120	2.53	NULL	NULL	0
1994	4	2	1	170803	084247.20	108.53953935	34.22406119	35.15	-0.0300	0.0150	-0.9170	2.53	NULL	NULL	0
1995	4	2	1	170803	084247.30	108.53954549	34.22406316	35.15	0.0470	-0.0060	-0.9820	2.09	NULL	NULL	0
1996	4	2	1	170803	084247.40	108.53955158	34.22406527	35.15	0.0740	-0.1170	-0.9520	2.09	NULL	NULL	0
1997	4	2	1	170803	084247.50	108.53955770	34.22406722	35.15	0.0150	0.0320	-0.9790	2.09	NULL	NULL	0
1998	4	2	1	170803	084247.60	108.53956320	34.22406980	35.15	0.0130	0.0520	-0.9580	1.87	NULL	NULL	0
1999	4	2	1	170803	084247.70	108.53956927	34.22407176	35.15	-0.1100	-0.0360	-1.0960	1.87	NULL	NULL	0
2000	4	2	1	170803	084247.80	108.53957538	34.22407368	35.15	0.0010	-0.0690	-1.0670	1.87	NULL	NULL	0
2001	4	2	1	170803	084247.90	108.53958140	34.22407564	35.15	-0.1550	-0.0550	-0.9780	1.87	NULL	NULL	0
2002	4	2	1	170803	084248.00	108.53958752	34.22407768	35.15	-0.1020	-0.0180	-0.9940	1.98	NULL	NULL	0
2003	4	2	1	170803	084248.10	108.53959349	34.22407958	35.15	-0.0940	0.0110	-0.9930	1.98	NULL	NULL	0
2004	4	2	1	170803	084248.20	108.53959941	34.22408161	35.15	-0.0770	-0.0340	-1.0390	1.98	NULL	NULL	0
2005	4	2	1	170803	084248.30	108.53960534	34.22408355	33.30	-0.0140	0.0350	-0.9480	1.81	NULL	NULL	0
2006	4	2	1	170803	084248.40	108.53961129	34.22408547	33.30	-0.0560	-0.0490	-0.9880	1.81	NULL	NULL	0
2007	4	2	1	170803	084248.50	108.53961724	34.22408740	35.15	0.0430	-0.0240	-0.9890	1.81	NULL	NULL	0
2008	4	2	1	170803	084248.60	108.53962339	34.22408881	33.30	0.0420	-0.0010	-1.0050	1.72	NULL	NULL	0
2009	4	2	1	170803	084248.70	108.53962929	34.22409075	33.30	-0.0310	-0.0210	-0.9830	1.72	NULL	NULL	0
2010	4	2	1	170803	084248.80	108.53963250	34.22409628	33.30	0.0690	-0.0050	-1.0000	1.72	NULL	NULL	0
2011	4	2	1	170803	084248.90	108.53963835	34.22409819	33.30	-0.0320	-0.0420	-1.0080	1.77	NULL	NULL	0
2012	4	2	1	170803	084249.00	108.53964426	34.22410003	33.30	-0.0100	-0.0370	-1.0440	1.77	NULL	NULL	0
2013	4	2	1	170803	084249.10	108.53965013	34.22410192	33.30	-0.0450	-0.0140	-0.9700	1.77	NULL	NULL	0
2014	4	2	1	170803	084249.20	108.53965596	34.22410392	33.30	-0.0250	0.0260	-0.9670	1.81	NULL	NULL	0
2015	4	2	1	170803	084249.30	108.53966180	34.22410586	33.30	0.0140	-0.0290	-0.9560	1.81	NULL	NULL	0
2016	4	2	1	170803	084249.40	108.53966754	34.22410799	33.30	0.0710	0.0060	-0.9220	1.81	NULL	NULL	0
2017	4	2	1	170803	084249.50	108.53967333	34.22410991	33.30	0.0470	-0.0620	-1.0280	1.85	NULL	NULL	0
2018	4	2	1	170803	084249.60	108.53967916	34.22411186	33.30	0.1180	-0.0610	-0.9600	1.85	NULL	NULL	0
2019	4	2	1	170803	084249.70	108.53968502	34.22411383	33.30	-0.0290	-0.0400	-1.0060	1.85	NULL	NULL	0
2020	4	2	1	170803	084249.80	108.53969085	34.22411579	33.30	-0.0220	-0.0570	-1.0030	2.10	NULL	NULL	0
2021	4	2	1	170803	084249.90	108.53969677	34.22411776	35.15	0.0450	-0.0180	-0.9830	2.10	NULL	NULL	0
2022	4	2	1	170803	084250.00	108.53970270	34.22411971	35.15	0.0140	-0.0470	-1.0220	2.10	NULL	NULL	0
2023	4	2	1	170803	084250.10	108.53970861	34.22412173	35.15	0.1250	0.0050	-1.0360	3.14	NULL	NULL	0
2024	4	2	1	170803	084250.20	108.53971415	34.22412369	35.15	0.0770	-0.0810	-1.1090	3.14	NULL	NULL	0
2025	4	2	1	170803	084250.30	108.53972012	34.22412573	35.15	-0.0220	-0.0250	-0.9760	3.14	NULL	NULL	0
2026	4	2	1	170803	084250.40	108.53972577	34.22412764	35.15	-0.0150	0.0240	-0.9790	4.93	NULL	NULL	0
2027	4	2	1	170803	084250.50	108.53973174	34.22412967	35.15	0.0230	-0.0430	-1.0200	4.93	NULL	NULL	0
2028	4	2	1	170803	084250.60	108.53973773	34.22413168	35.15	0.0990	-0.0460	-0.9950	4.93	NULL	NULL	0
2029	4	2	1	170803	084250.70	108.53974375	34.22413369	35.15	0.0230	-0.0370	-0.9700	3.82	NULL	NULL	0
2030	4	2	1	170803	084250.80	108.53975237	34.22413302	35.15	0.0540	0.0240	-0.9470	3.82	NULL	NULL	0
2031	4	2	1	170803	084250.90	108.53975841	34.22413502	35.15	0.0200	-0.0360	-0.9290	3.82	NULL	NULL	0
2032	4	2	1	170803	084251.00	108.53976448	34.22413695	35.15	0.0440	-0.0200	-0.9110	2.98	NULL	NULL	0
2033	4	2	1	170803	084251.10	108.53977045	34.22413901	35.15	0.0300	-0.0080	-1.0170	2.98	NULL	NULL	0
2034	4	2	1	170803	084251.20	108.53977657	34.22414090	35.15	0.0460	0.0090	-0.9660	2.98	NULL	NULL	0
2035	4	2	1	170803	084251.30	108.53978258	34.22414294	35.15	0.0450	-0.0200	-1.0120	2.49	NULL	NULL	0
2036	4	2	1	170803	084251.40	108.53978857	34.22414491	35.15	0.0480	0.0020	-1.0500	2.49	NULL	NULL	0
2037	4	2	1	170803	084251.50	108.53979457	34.22414690	35.15	-0.0310	-0.0700	-0.9830	2.49	NULL	NULL	0
2038	4	2	1	170803	084251.60	108.53980048	34.22414900	35.15	0.0280	-0.0600	-1.0040	2.28	NULL	NULL	0
2039	4	2	1	170803	084251.70	108.53980651	34.22415100	35.15	0.0130	0.0370	-1.0130	2.28	NULL	NULL	0
2040	4	2	1	170803	084251.80	108.53981199	34.22415352	35.15	-0.0920	0.0210	-0.9560	2.28	NULL	NULL	0
2041	4	2	1	170803	084251.90	108.53981799	34.22415551	35.15	-0.0150	0.0130	-1.0460	2.28	NULL	NULL	0
2042	4	2	1	170803	084252.00	108.53982239	34.22415911	35.15	-0.0010	-0.0710	-0.9530	2.07	NULL	NULL	0
2043	4	2	1	170803	084252.10	108.53982835	34.22416106	35.15	0.0050	0.0150	-0.9730	2.07	NULL	NULL	0
2044	4	2	1	170803	084252.20	108.53983400	34.22416333	33.30	0.0540	0.0230	-1.0270	2.07	NULL	NULL	0
2045	4	2	1	170803	084252.30	108.53983996	34.22416529	35.15	0.0270	0.0300	-1.0090	1.93	NULL	NULL	0
2046	4	2	1	170803	084252.40	108.53984725	34.22416574	33.30	0.0100	0.0010	-1.0040	1.93	NULL	NULL	0
2047	4	2	1	170803	084252.50	108.53985319	34.22416767	35.15	0.0200	0.0090	-0.9930	1.93	NULL	NULL	0
2048	4	2	1	170803	084252.60	108.53986012	34.22416852	35.15	0.0430	0.0280	-0.9590	1.78	NULL	NULL	0
2049	4	2	1	170803	084252.70	108.53986607	34.22417047	35.15	-0.0140	-0.0450	-0.9980	1.78	NULL	NULL	0
2050	4	2	1	170803	084252.80	108.53987160	34.22417275	33.30	0.0210	0.0310	-0.8860	1.78	NULL	NULL	0
2051	4	2	1	170803	084252.90	108.53987751	34.22417471	33.30	-0.1260	0.0410	-1.0180	1.72	NULL	NULL	0
2052	4	2	1	170803	084253.00	108.53988329	34.22417672	33.30	-0.0460	-0.0530	-0.9640	1.72	NULL	NULL	0
2053	4	2	1	170803	084253.10	108.53988919	34.22417861	33.30	-0.0220	0.0360	-0.9800	1.72	NULL	NULL	0
2054	4	2	1	170803	084253.20	108.53989549	34.22418007	33.30	0.0300	-0.0080	-0.9680	1.71	NULL	NULL	0
2055	4	2	1	170803	084253.30	108.53990135	34.22418199	33.30	0.0720	-0.0360	-1.0490	1.71	NULL	NULL	0
2056	4	2	1	170803	084253.40	108.53990700	34.22418418	33.30	0.1500	-0.0760	-1.0130	1.71	NULL	NULL	0
2057	4	2	1	170803	084253.50	108.53991292	34.22418607	33.30	0.0210	-0.1180	-1.0050	1.92	NULL	NULL	0
2058	4	2	1	170803	084253.60	108.53991890	34.22418737	33.30	0.0140	-0.0100	-1.0700	1.92	NULL	NULL	0
2059	4	2	1	170803	084253.70	108.53992484	34.22418931	35.15	-0.0660	-0.0190	-1.0330	1.92	NULL	NULL	0
2060	4	2	1	170803	084253.80	108.53993031	34.22419182	35.15	0.0490	0.0330	-0.9540	2.81	NULL	NULL	0
2061	4	2	1	170803	084253.90	108.53993627	34.22419378	35.15	-0.0160	-0.0290	-1.0210	2.81	NULL	NULL	0
2062	4	2	1	170803	084254.00	108.53994269	34.22419525	35.15	0.0340	-0.0390	-0.9730	2.81	NULL	NULL	0