1011	4	2	1	170803	085529.00	108.53595383	34.22309736	68.45	-0.1740	-0.0140	-1.0560	6.66	NULL	NULL	0
1012	4	2	1	170803	085529.10	108.53596593	34.22310008	68.45	-0.0040	-0.0810	-0.9890	6.66	NULL	NULL	0
1013	4	2	1	170803	085529.20	108.53597872	34.22310419	68.45	0.0220	0.0110	-0.9650	4.53	NULL	NULL	0
1014	4	2	1	170803	085529.30	108.53599085	34.22310692	68.45	0.0990	0.0360	-1.0040	4.53	NULL	NULL	0
1015	4	2	1	170803	085529.40	108.53600333	34.22310997	68.45	-0.0490	-0.0290	-0.8990	4.53	NULL	NULL	0
1016	4	2	1	170803	085529.50	108.53601545	34.22311278	68.45	-0.0010	-0.0360	-0.8470	3.35	NULL	NULL	0
1017	4	2	1	170803	085529.60	108.53602661	34.22311386	68.45	-0.1080	-0.0150	-0.9840	3.35	NULL	NULL	0
1018	4	2	1	170803	085529.70	108.53603855	34.22311688	68.45	0.0510	-0.0980	-1.0680	3.35	NULL	NULL	0
1019	4	2	1	170803	085529.80	108.53605209	34.22312163	68.45	0.0060	0.0250	-1.0330	2.77	NULL	NULL	0
1020	4	2	1	170803	085529.90	108.53606412	34.22312454	68.45	-0.0740	-0.1240	-0.9950	2.77	NULL	NULL	0
1021	4	2	1	170803	085530.00	108.53607612	34.22312753	68.45	-0.0800	-0.0580	-1.0220	2.77	NULL	NULL	0
1022	4	2	1	170803	085530.10	108.53608809	34.22313054	68.45	-0.0240	0.0270	-0.9470	2.46	NULL	NULL	0
1023	4	2	1	170803	085530.20	108.53610001	34.22313339	66.60	0.0990	-0.0550	-1.0230	2.46	NULL	NULL	0
1024	4	2	1	170803	085530.30	108.53611190	34.22313640	68.45	-0.0730	0.0560	-1.0310	2.46	NULL	NULL	0
1025	4	2	1	170803	085530.40	108.53612378	34.22313983	68.45	-0.0920	-0.0270	-1.0030	2.25	NULL	NULL	0
1026	4	2	1	170803	085530.50	108.53613565	34.22314279	66.60	-0.1500	-0.0100	-0.9740	2.25	NULL	NULL	0
1027	4	2	1	170803	085530.60	108.53614725	34.22314619	66.60	-0.2000	-0.0170	-1.0290	2.25	NULL	NULL	0
1028	4	2	1	170803	085530.70	108.53615899	34.22314918	66.60	-0.1430	-0.0140	-1.0230	2.20	NULL	NULL	0
1029	4	2	1	170803	085530.80	108.53617053	34.22315173	66.60	-0.1430	-0.0540	-1.0190	2.20	NULL	NULL	0
1030	4	2	1	170803	085530.90	108.53618218	34.22315482	66.60	-0.1290	-0.0010	-0.9780	2.20	NULL	NULL	0
1031	4	2	1	170803	085531.00	108.53619362	34.22315778	66.60	-0.1390	-0.0430	-1.0060	2.17	NULL	NULL	0
1032	4	2	1	170803	085531.10	108.53620500	34.22316085	64.75	-0.2060	-0.0420	-0.9940	2.17	NULL	NULL	0
1033	4	2	1	170803	085531.20	108.53621677	34.22316388	64.75	-0.2360	-0.0590	-0.9110	2.17	NULL	NULL	0
1034	4	2	1	170803	085531.30	108.53622794	34.22316683	62.90	-0.1220	-0.0590	-0.9640	1.96	NULL	NULL	0
1035	4	2	1	170803	085531.40	108.53623903	34.22316987	62.90	-0.1850	0.0760	-0.9700	1.96	NULL	NULL	0
1036	4	2	1	170803	085531.50	108.53625003	34.22317279	62.90	-0.1210	0.0050	-0.9860	1.96	NULL	NULL	0
1037	4	2	1	170803	085531.60	108.53626132	34.22317522	62.90	-0.1520	-0.0290	-1.0080	1.99	NULL	NULL	0
1038	4	2	1	170803	085531.70	108.53627209	34.22317802	61.05	-0.1750	0.0330	-1.0570	1.99	NULL	NULL	0
1039	4	2	1	170803	085531.80	108.53628276	34.22318112	61.05	-0.2420	0.0500	-0.8740	1.99	NULL	NULL	0
1040	4	2	1	170803	085531.90	108.53629338	34.22318401	61.05	-0.0740	0.0520	-0.9810	1.99	NULL	NULL	0
1041	4	2	1	170803	085532.00	108.53630351	34.22318707	59.20	-0.2040	-0.0260	-0.9770	1.95	NULL	NULL	0
1042	4	2	1	170803	085532.10	108.53631379	34.22318983	59.20	-0.1750	0.0190	-0.9760	1.95	NULL	NULL	0
1043	4	2	1	170803	085532.20	108.53632380	34.22319233	57.35	-0.2170	0.0750	-1.0360	0.00	NULL	NULL	0
1044	4	2	1	170803	085532.30	108.53633387	34.22319499	57.35	-0.1200	0.0550	-1.0300	0.00	NULL	NULL	0
1045	4	2	1	170803	085532.40	108.53634380	34.22319726	57.35	-0.1220	0.0650	-1.0570	0.00	NULL	NULL	0
1046	4	2	1	170803	085532.50	108.53635374	34.22319978	55.50	-0.3080	-0.0150	-0.9640	0.00	NULL	NULL	0
1047	4	2	1	170803	085532.60	108.53636374	34.22320272	55.50	-0.2740	-0.0090	-1.0700	0.00	NULL	NULL	0
1048	4	2	1	170803	085532.70	108.53637344	34.22320532	55.50	-0.0100	0.0920	-1.0100	0.00	NULL	NULL	0
1049	4	2	1	170803	085532.80	108.53638281	34.22320767	55.50	-0.0510	0.0150	-0.9520	0.00	NULL	NULL	0
1050	4	2	1	170803	085532.90	108.53639245	34.22321030	55.50	-0.0110	0.0010	-0.9280	0.00	NULL	NULL	0
1051	4	2	1	170803	085533.00	108.53640212	34.22321315	53.65	0.0700	0.0390	-1.0200	0.00	NULL	NULL	0
1052	4	2	1	170803	085533.10	108.53641177	34.22321564	55.50	-0.0230	-0.0110	-1.0580	0.00	NULL	NULL	0
1053	4	2	1	170803	085533.20	108.53642143	34.22321818	53.65	-0.0440	-0.0320	-0.9680	0.00	NULL	NULL	0
1054	4	2	1	170803	085533.30	108.53643098	34.22322063	53.65	-0.2310	-0.0120	-0.9280	0.00	NULL	NULL	0
1055	4	2	1	170803	085533.40	108.53644061	34.22322303	53.65	-0.1660	-0.0800	-1.0580	0.00	NULL	NULL	0
1056	4	2	1	170803	085533.50	108.53645006	34.22322550	53.65	0.0840	0.0180	-0.8410	0.00	NULL	NULL	0
1057	4	2	1	170803	085533.60	108.53645940	34.22322782	53.65	0.1200	-0.0020	-0.9720	0.00	NULL	NULL	0
1058	4	2	1	170803	085533.70	108.53646880	34.22323029	53.65	0.0630	0.0040	-1.0450	0.00	NULL	NULL	0
1059	4	2	1	170803	085533.80	108.53647804	34.22323249	53.65	-0.0460	-0.0580	-0.9680	0.00	NULL	NULL	0
1060	4	2	1	170803	085533.90	108.53648738	34.22323496	53.65	-0.0420	-0.0310	-1.0070	0.00	NULL	NULL	0
1061	4	2	1	170803	085534.00	108.53649670	34.22323721	53.65	-0.0420	0.0170	-1.0280	0.00	NULL	NULL	0
1062	4	2	1	170803	085534.10	108.53650597	34.22323964	51.80	-0.0330	-0.0340	-0.9940	0.00	NULL	NULL	0
1063	4	2	1	170803	085534.20	108.53651519	34.22324230	51.80	-0.1270	-0.0070	-0.9910	0.00	NULL	NULL	0
1064	4	2	1	170803	085534.30	108.53652438	34.22324471	51.80	-0.1170	0.0180	-1.0090	0.00	NULL	NULL	0
1065	4	2	1	170803	085534.40	108.53653356	34.22324711	51.80	0.0760	-0.0330	-0.9490	0.00	NULL	NULL	0
1066	4	2	1	170803	085534.50	108.53654277	34.22324947	51.80	0.0270	0.0560	-0.9930	0.00	NULL	NULL	0
1067	4	2	1	170803	085534.60	108.53655195	34.22325184	51.80	0.0260	0.0290	-0.9230	0.00	NULL	NULL	0
1068	4	2	1	170803	085534.70	108.53656112	34.22325422	51.80	-0.0930	-0.0200	-0.9960	0.00	NULL	NULL	0
1069	4	2	1	170803	085534.80	108.53657027	34.22325660	51.80	-0.0900	0.0690	-1.0200	0.00	NULL	NULL	0
1070	4	2	1	170803	085534.90	108.53657937	34.22325896	51.80	-0.0530	-0.0080	-1.0700	0.00	NULL	NULL	0
1071	4	2	1	170803	085535.00	108.53658844	34.22326138	51.80	0.0210	-0.0330	-1.0820	2.10	NULL	NULL	0
1072	4	2	1	170803	085535.10	108.53659755	34.22326374	51.80	0.0260	-0.0410	-1.0950	2.10	NULL	NULL	0
1073	4	2	1	170803	085535.20	108.53660677	34.22326612	51.80	-0.0760	-0.0290	-0.9250	2.10	NULL	NULL	0
1074	4	2	1	170803	085535.30	108.53661594	34.22326851	51.80	-0.0460	-0.0550	-0.8390	2.09	NULL	NULL	0
1075	4	2	1	170803	085535.40	108.53662409	34.22327076	51.80	-0.0950	-0.0180	-1.0120	2.09	NULL	NULL	0
1076	4	2	1	170803	085535.50	108.53663308	34.22327317	51.80	0.1600	-0.0140	-1.0810	2.09	NULL	NULL	0
1077	4	2	1	170803	085535.60	108.53664213	34.22327555	51.80	0.1150	-0.0760	-1.1190	2.58	NULL	NULL	0
1078	4	2	1	170803	085535.70	108.53665123	34.22327801	51.80	0.1210	0.0070	-1.1130	2.58	NULL	NULL	0
1079	4	2	1	170803	085535.80	108.53666032	34.22328048	51.80	0.0610	-0.1390	-1.0210	2.58	NULL	NULL	0
1080	4	2	1	170803	085535.90	108.53666962	34.22328288	53.65	-0.1190	-0.0110	-0.9350	2.58	NULL	NULL	0
1081	4	2	1	170803	085536.00	108.53667882	34.22328533	51.80	0.0060	-0.0450	-0.9410	4.42	NULL	NULL	0
1082	4	2	1	170803	085536.10	108.53668803	34.22328779	51.80	0.0260	-0.0660	-0.8570	4.42	NULL	NULL	0
1083	4	2	1	170803	085536.20	108.53669797	34.22328927	51.80	0.0380	-0.0080	-1.0080	5.73	NULL	NULL	0
1084	4	2	1	170803	085536.30	108.53670726	34.22329176	53.65	0.1200	-0.0150	-0.9850	5.73	NULL	NULL	0
1085	4	2	1	170803	085536.40	108.53671681	34.22329424	53.65	0.0090	0.0580	-0.9660	5.73	NULL	NULL	0
1086	4	2	1	170803	085536.50	108.53672612	34.22329674	53.65	0.1090	0.0690	-1.0050	5.73	NULL	NULL	0
1087	4	2	1	170803	085536.60	108.53673579	34.22329935	53.65	0.1370	0.0150	-1.0090	5.86	NULL	NULL	0
1088	4	2	1	170803	085536.70	108.53674509	34.22330183	53.65	-0.0480	-0.1030	-0.9310	5.86	NULL	NULL	0
1089	4	2	1	170803	085536.80	108.53675521	34.22330465	53.65	-0.0100	0.0880	-1.0010	5.86	NULL	NULL	0
1090	4	2	1	170803	085536.90	108.53676462	34.22330714	53.65	0.2040	-0.0460	-0.8640	6.46	NULL	NULL	0
1091	4	2	1	170803	085537.00	108.53677405	34.22330966	53.65	-0.0120	0.0190	-1.1600	6.46	NULL	NULL	0
1092	4	2	1	170803	085537.10	108.53678352	34.22331214	53.65	-0.0030	0.0410	-1.0190	6.46	NULL	NULL	0
1093	4	2	1	170803	085537.20	108.53679300	34.22331464	53.65	0.0910	-0.0750	-0.8510	6.25	NULL	NULL	0
1094	4	2	1	170803	085537.30	108.53680247	34.22331712	53.65	-0.0040	-0.0430	-0.8980	6.25	NULL	NULL	0
1095	4	2	1	170803	085537.40	108.53681195	34.22331961	53.65	-0.0590	0.0250	-0.9890	6.25	NULL	NULL	0
1096	4	2	1	170803	085537.50	108.53682145	34.22332212	53.65	0.0580	0.0680	-1.0810	4.68	NULL	NULL	0
1097	4	2	1	170803	085537.60	108.53683103	34.22332459	53.65	0.0590	-0.0640	-1.0380	4.68	NULL	NULL	0
1098	4	2	1	170803	085537.70	108.53684058	34.22332711	53.65	0.0890	0.0180	-0.9650	4.68	NULL	NULL	0
1099	4	2	1	170803	085537.80	108.53685018	34.22332962	53.65	0.0350	0.0450	-0.9000	5.22	NULL	NULL	0
1100	4	2	1	170803	085537.90	108.53685982	34.22333208	55.50	0.1080	-0.0020	-1.0110	5.22	NULL	NULL	0
1101	4	2	1	170803	085538.00	108.53686896	34.22333426	55.50	0.0820	0.0430	-1.0080	5.22	NULL	NULL	0
1102	4	2	1	170803	085538.10	108.53687859	34.22333682	55.50	0.0270	0.0410	-1.0280	5.76	NULL	NULL	0
1103	4	2	1	170803	085538.20	108.53688918	34.22333768	55.50	0.0320	0.0120	-1.0330	5.76	NULL	NULL	0
1104	4	2	1	170803	085538.30	108.53689889	34.22334016	55.50	-0.0320	-0.0280	-1.0120	5.76	NULL	NULL	0
1105	4	2	1	170803	085538.40	108.53690920	34.22334243	55.50	0.0780	-0.0020	-1.0400	6.56	NULL	NULL	0
1106	4	2	1	170803	085538.50	108.53691908	34.22334485	55.50	0.1190	-0.0840	-0.9290	6.56	NULL	NULL	0
1107	4	2	1	170803	085538.60	108.53692797	34.22334847	55.50	0.0670	-0.0180	-1.0070	6.56	NULL	NULL	0
1108	4	2	1	170803	085538.70	108.53693774	34.22335101	55.50	0.0430	-0.0190	-0.9370	6.68	NULL	NULL	0
1109	4	2	1	170803	085538.80	108.53694731	34.22335350	55.50	0.0820	-0.0240	-0.9880	6.68	NULL	NULL	0
1110	4	2	1	170803	085538.90	108.53695711	34.22335597	55.50	0.0560	-0.0610	-1.0440	6.68	NULL	NULL	0
1111	4	2	1	170803	085539.00	108.53696721	34.22335815	55.50	-0.0960	0.0200	-1.0690	5.20	NULL	NULL	0
1112	4	2	1	170803	085539.10	108.53697684	34.22336056	53.65	0.1700	0.0150	-1.1440	5.20	NULL	NULL	0
1113	4	2	1	170803	085539.20	108.53698652	34.22336353	55.50	0.2730	0.0250	-1.0190	5.20	NULL	NULL	0
1114	4	2	1	170803	085539.30	108.53699640	34.22336599	55.50	-0.3210	-0.0470	-1.3580	4.14	NULL	NULL	0
1115	4	2	1	170803	085539.40	108.53700750	34.22337057	55.50	-0.1220	-0.0750	-0.8890	4.14	NULL	NULL	0
1116	4	2	1	170803	085539.50	108.53701736	34.22337304	55.50	0.0130	-0.0200	-1.1510	4.14	NULL	NULL	0
1117	4	2	1	170803	085539.60	108.53702800	34.22337774	55.50	0.0410	-0.0460	-1.1260	3.64	NULL	NULL	0
1118	4	2	1	170803	085539.70	108.53703782	34.22338030	55.50	0.0270	-0.0610	-1.1430	3.64	NULL	NULL	0
1119	4	2	1	170803	085539.80	108.53704786	34.22338252	57.35	0.0290	-0.0120	-1.0260	3.64	NULL	NULL	0
1120	4	2	1	170803	085539.90	108.53705768	34.22338505	55.50	0.0770	-0.0280	-0.9020	3.64	NULL	NULL	0
1121	4	2	1	170803	085540.00	108.53706769	34.22338795	55.50	0.0540	-0.0130	-0.8630	3.28	NULL	NULL	0
1122	4	2	1	170803	085540.10	108.53707748	34.22339052	55.50	-0.0590	-0.0140	-0.9430	3.28	NULL	NULL	0
1123	4	2	1	170803	085540.20	108.53708631	34.22339136	55.50	-0.0550	0.0210	-1.0170	2.90	NULL	NULL	0
1124	4	2	1	170803	085540.30	108.53709608	34.22339388	55.50	0.0450	-0.0310	-1.1660	2.90	NULL	NULL	0
1125	4	2	1	170803	085540.40	108.53710548	34.22339722	55.50	0.0150	-0.0020	-1.0500	2.90	NULL	NULL	0
1126	4	2	1	170803	085540.50	108.53711530	34.22339976	55.50	-0.0160	-0.0300	-0.9110	2.90	NULL	NULL	0
1127	4	2	1	170803	085540.60	108.53712509	34.22340221	55.50	-0.0160	0.0010	-0.9380	2.43	NULL	NULL	0
1128	4	2	1	170803	085540.70	108.53713480	34.22340476	55.50	-0.0700	0.0600	-1.0330	2.43	NULL	NULL	0
1129	4	2	1	170803	085540.80	108.53714402	34.22340670	55.50	0.0290	-0.0280	-0.9590	2.43	NULL	NULL	0
1130	4	2	1	170803	085540.90	108.53715372	34.22340917	55.50	0.1480	0.0020	-0.9350	2.08	NULL	NULL	0
1131	4	2	1	170803	085541.00	108.53716248	34.22341066	55.50	0.0410	0.0680	-1.0810	2.08	NULL	NULL	0
1132	4	2	1	170803	085541.10	108.53717213	34.22341311	55.50	-0.0880	0.0230	-0.9640	2.08	NULL	NULL	0
1133	4	2	1	170803	085541.20	108.53718258	34.22341693	55.50	0.0010	0.0360	-1.0540	1.95	NULL	NULL	0
1134	4	2	1	170803	085541.30	108.53719223	34.22341930	55.50	-0.1640	0.0030	-0.9860	1.95	NULL	NULL	0
1135	4	2	1	170803	085541.40	108.53720155	34.22342149	55.50	-0.0380	-0.0840	-0.9600	1.95	NULL	NULL	0
1136	4	2	1	170803	085541.50	108.53721117	34.22342391	55.50	0.0020	-0.0790	-0.9650	2.01	NULL	NULL	0
1137	4	2	1	170803	085541.60	108.53722040	34.22342555	53.65	0.0540	-0.0210	-1.0320	2.01	NULL	NULL	0
1138	4	2	1	170803	085541.70	108.53723003	34.22342799	53.65	0.0160	-0.0630	-1.0690	2.01	NULL	NULL	0
1139	4	2	1	170803	085541.80	108.53723984	34.22343118	53.65	-0.0520	-0.0230	-0.9970	1.99	NULL	NULL	0
1140	4	2	1	170803	085541.90	108.53724935	34.22343359	53.65	-0.0810	-0.0800	-0.8920	1.99	NULL	NULL	0
1141	4	2	1	170803	085542.00	108.53725897	34.22343617	53.65	-0.1450	-0.0650	-1.0520	1.99	NULL	NULL	0
1142	4	2	1	170803	085542.10	108.53726850	34.22343854	53.65	0.0160	0.0180	-0.9660	1.92	NULL	NULL	0
1143	4	2	1	170803	085542.20	108.53727763	34.22344091	53.65	0.0980	-0.1160	-0.9970	1.92	NULL	NULL	0
1144	4	2	1	170803	085542.30	108.53728713	34.22344335	53.65	0.0690	-0.0010	-1.0330	1.92	NULL	NULL	0
1145	4	2	1	170803	085542.40	108.53729745	34.22344653	53.65	-0.0720	0.0020	-0.9220	2.04	NULL	NULL	0
1146	4	2	1	170803	085542.50	108.53730680	34.22344906	53.65	0.0100	-0.0640	-0.8960	2.04	NULL	NULL	0
1147	4	2	1	170803	085542.60	108.53731713	34.22345211	53.65	0.0620	-0.0340	-0.9690	2.04	NULL	NULL	0
1148	4	2	1	170803	085542.70	108.53732648	34.22345452	53.65	-0.0120	-0.1450	-1.0830	1.96	NULL	NULL	0
1149	4	2	1	170803	085542.80	108.53733585	34.22345654	53.65	-0.0830	0.0600	-1.0030	1.96	NULL	NULL	0
1150	4	2	1	170803	085542.90	108.53734528	34.22345904	53.65	0.0040	0.0400	-1.0220	1.96	NULL	NULL	0
1151	4	2	1	170803	085543.00	108.53735477	34.22346141	53.65	0.0390	-0.0670	-1.0070	2.72	NULL	NULL	0
1152	4	2	1	170803	085543.10	108.53736431	34.22346382	53.65	0.1250	-0.0770	-0.9600	2.72	NULL	NULL	0
1153	4	2	1	170803	085543.20	108.53737382	34.22346650	53.65	0.0760	-0.0290	-0.9370	2.72	NULL	NULL	0
1154	4	2	1	170803	085543.30	108.53738330	34.22346899	53.65	0.0290	-0.0340	-0.9810	4.39	NULL	NULL	0
1155	4	2	1	170803	085543.40	108.53739265	34.22347053	53.65	-0.0230	-0.0270	-0.9590	4.39	NULL	NULL	0
1156	4	2	1	170803	085543.50	108.53740222	34.22347306	53.65	0.1220	0.0980	-1.0390	4.39	NULL	NULL	0
1157	4	2	1	170803	085543.60	108.53741015	34.22347267	55.50	0.1270	-0.0190	-0.9780	5.39	NULL	NULL	0
1158	4	2	1	170803	085543.70	108.53741976	34.22347523	55.50	0.0530	-0.0630	-1.0430	5.39	NULL	NULL	0
1159	4	2	1	170803	085543.80	108.53742972	34.22347977	55.50	0.0550	-0.0750	-0.9450	5.39	NULL	NULL	0
1160	4	2	1	170803	085543.90	108.53743942	34.22348227	55.50	0.0060	-0.0780	-0.9530	5.39	NULL	NULL	0
1161	4	2	1	170803	085544.00	108.53744954	34.22348563	55.50	-0.0090	-0.0470	-0.9710	6.47	NULL	NULL	0
1162	4	2	1	170803	085544.10	108.53745927	34.22348816	55.50	-0.0180	-0.0140	-0.9410	6.47	NULL	NULL	0
1163	4	2	1	170803	085544.20	108.53746908	34.22349020	55.50	0.0550	0.0050	-0.9950	6.13	NULL	NULL	0
1164	4	2	1	170803	085544.30	108.53747884	34.22349278	55.50	0.0560	-0.0330	-1.0390	6.13	NULL	NULL	0
1165	4	2	1	170803	085544.40	108.53748708	34.22349205	55.50	0.0110	-0.1290	-1.0670	6.13	NULL	NULL	0
1166	4	2	1	170803	085544.50	108.53749688	34.22349464	55.50	0.0650	-0.0920	-1.0070	6.13	NULL	NULL	0
1167	4	2	1	170803	085544.60	108.53750658	34.22349783	55.50	-0.0430	-0.0200	-1.0010	5.99	NULL	NULL	0
1168	4	2	1	170803	085544.70	108.53751642	34.22350040	55.50	-0.0150	-0.0230	-1.0350	5.99	NULL	NULL	0
1169	4	2	1	170803	085544.80	108.53752618	34.22350308	55.50	-0.0100	-0.0480	-1.0000	5.99	NULL	NULL	0
1170	4	2	1	170803	085544.90	108.53753609	34.22350576	55.50	0.0570	-0.0390	-0.9040	6.24	NULL	NULL	0
1171	4	2	1	170803	085545.00	108.53754606	34.22350781	57.35	0.0150	0.0090	-1.0700	6.24	NULL	NULL	0
1172	4	2	1	170803	085545.10	108.53755594	34.22351048	55.50	0.0700	-0.0220	-1.0840	6.24	NULL	NULL	0
1173	4	2	1	170803	085545.20	108.53756606	34.22351296	57.35	-0.0380	-0.0110	-1.0680	6.47	NULL	NULL	0
1174	4	2	1	170803	085545.30	108.53757602	34.22351565	57.35	0.0470	0.0000	-0.9820	6.47	NULL	NULL	0
1175	4	2	1	170803	085545.40	108.53758671	34.22351736	57.35	-0.0300	0.0430	-0.9450	6.47	NULL	NULL	0
1176	4	2	1	170803	085545.50	108.53759668	34.22352001	57.35	0.1330	-0.0510	-0.9760	5.96	NULL	NULL	0
1177	4	2	1	170803	085545.60	108.53760744	34.22352425	57.35	0.0490	-0.0470	-1.0380	5.96	NULL	NULL	0
1178	4	2	1	170803	085545.70	108.53761747	34.22352690	57.35	0.0740	-0.0100	-1.0690	5.96	NULL	NULL	0
1179	4	2	1	170803	085545.80	108.53762749	34.22352829	57.35	0.0920	0.0110	-0.9630	5.07	NULL	NULL	0
1180	4	2	1	170803	085545.90	108.53763758	34.22353098	57.35	0.1060	-0.0350	-0.9820	5.07	NULL	NULL	0
1181	4	2	1	170803	085546.00	108.53764680	34.22353446	57.35	-0.0430	0.0270	-0.9280	5.07	NULL	NULL	0
1182	4	2	1	170803	085546.10	108.53765693	34.22353709	57.35	0.0890	0.0010	-0.9590	6.01	NULL	NULL	0
1183	4	2	1	170803	085546.20	108.53766639	34.22354029	57.35	0.0750	0.0700	-0.9240	6.01	NULL	NULL	0
1184	4	2	1	170803	085546.30	108.53767654	34.22354292	57.35	0.1730	0.0130	-0.9800	6.01	NULL	NULL	0
1185	4	2	1	170803	085546.40	108.53768705	34.22354469	57.35	0.0710	0.0430	-0.9290	4.85	NULL	NULL	0
1186	4	2	1	170803	085546.50	108.53769719	34.22354731	57.35	-0.1210	0.0800	-1.0020	4.85	NULL	NULL	0
1187	4	2	1	170803	085546.60	108.53770701	34.22355035	57.35	-0.1110	0.0500	-0.9870	4.85	NULL	NULL	0
1188	4	2	1	170803	085546.70	108.53771715	34.22355295	57.35	-0.0540	-0.0370	-0.9880	3.40	NULL	NULL	0
1189	4	2	1	170803	085546.80	108.53772706	34.22355588	57.35	-0.0870	-0.0600	-0.9610	3.40	NULL	NULL	0
1190	4	2	1	170803	085546.90	108.53773714	34.22355852	57.35	0.1080	-0.0070	-1.0630	3.40	NULL	NULL	0
1191	4	2	1	170803	085547.00	108.53774847	34.22356136	57.35	0.1320	0.0350	-1.0260	2.36	NULL	NULL	0
1192	4	2	1	170803	085547.10	108.53775865	34.22356403	59.20	0.0030	0.0090	-0.9700	2.36	NULL	NULL	0
1193	4	2	1	170803	085547.20	108.53776889	34.22356527	57.35	0.0510	-0.0150	-1.0350	2.36	NULL	NULL	0
1194	4	2	1	170803	085547.30	108.53777906	34.22356786	57.35	-0.0900	0.0190	-0.8880	1.76	NULL	NULL	0
1195	4	2	1	170803	085547.40	108.53778820	34.22357104	57.35	-0.0970	0.0010	-0.9750	1.76	NULL	NULL	0
1196	4	2	1	170803	085547.50	108.53779818	34.22357370	57.35	0.0000	-0.0540	-0.9590	1.76	NULL	NULL	0
1197	4	2	1	170803	085547.60	108.53780892	34.22357506	57.35	-0.0730	0.0100	-1.0400	1.47	NULL	NULL	0
1198	4	2	1	170803	085547.70	108.53781898	34.22357759	57.35	0.0320	-0.0300	-1.0150	1.47	NULL	NULL	0
1199	4	2	1	170803	085547.80	108.53782812	34.22358101	57.35	0.1120	-0.0250	-1.0340	1.47	NULL	NULL	0
1200	4	2	1	170803	085547.90	108.53783811	34.22358357	57.35	0.0580	-0.0490	-0.9540	1.47	NULL	NULL	0
1201	4	2	1	170803	085548.00	108.53784881	34.22358498	57.35	0.0450	-0.0530	-1.0030	1.34	NULL	NULL	0
1202	4	2	1	170803	085548.10	108.53785880	34.22358749	57.35	-0.0420	-0.0380	-0.9980	1.34	NULL	NULL	0
1203	4	2	1	170803	085548.20	108.53786823	34.22359106	57.35	-0.0740	-0.0150	-0.9940	1.47	NULL	NULL	0
1204	4	2	1	170803	085548.30	108.53787810	34.22359361	55.50	0.0160	-0.0340	-1.0130	1.47	NULL	NULL	0
1205	4	2	1	170803	085548.40	108.53788957	34.22359431	55.50	0.0110	-0.0410	-1.0730	1.47	NULL	NULL	0
1206	4	2	1	170803	085548.50	108.53789948	34.22359686	55.50	0.1400	0.0060	-0.9620	1.47	NULL	NULL	0
1207	4	2	1	170803	085548.60	108.53790864	34.22360047	55.50	0.0500	0.0040	-0.9490	1.40	NULL	NULL	0
1208	4	2	1	170803	085548.70	108.53791857	34.22360295	55.50	0.0120	-0.0180	-0.9650	1.40	NULL	NULL	0
1209	4	2	1	170803	085548.80	108.53793092	34.22360851	55.50	0.0150	-0.0180	-0.9550	1.40	NULL	NULL	0
1210	4	2	1	170803	085548.90	108.53794077	34.22361102	55.50	0.0610	-0.0620	-1.0180	1.39	NULL	NULL	0
1211	4	2	1	170803	085549.00	108.53795027	34.22361371	55.50	0.0740	-0.0440	-0.9990	1.39	NULL	NULL	0
1212	4	2	1	170803	085549.10	108.53796012	34.22361624	55.50	-0.0010	-0.0660	-1.0470	1.39	NULL	NULL	0
1213	4	2	1	170803	085549.20	108.53797035	34.22361836	55.50	0.0560	0.0370	-0.9610	1.32	NULL	NULL	0
1214	4	2	1	170803	085549.30	108.53798013	34.22362090	55.50	-0.0040	-0.0600	-1.0250	1.32	NULL	NULL	0
1215	4	2	1	170803	085549.40	108.53798989	34.22362345	55.50	0.0290	-0.0580	-0.9810	1.32	NULL	NULL	0
1216	4	2	1	170803	085549.50	108.53799963	34.22362600	55.50	-0.0030	-0.0130	-0.9840	1.37	NULL	NULL	0
1217	4	2	1	170803	085549.60	108.53800609	34.22362667	55.50	0.0370	-0.0440	-1.0150	1.37	NULL	NULL	0
1218	4	2	1	170803	085549.70	108.53801584	34.22362919	55.50	-0.0410	0.0140	-1.0520	1.37	NULL	NULL	0
1219	4	2	1	170803	085549.80	108.53802555	34.22363167	55.50	-0.0090	-0.0660	-0.9630	1.38	NULL	NULL	0
1220	4	2	1	170803	085549.90	108.53803531	34.22363414	55.50	-0.0410	-0.0190	-0.9780	1.38	NULL	NULL	0
1221	4	2	1	170803	085550.00	108.53804501	34.22363658	55.50	-0.0290	-0.0170	-0.9480	1.38	NULL	NULL	0
1222	4	2	1	170803	085550.10	108.53805470	34.22363906	55.50	0.1060	-0.0260	-1.0250	1.37	NULL	NULL	0
1223	4	2	1	170803	085550.20	108.53806440	34.22364166	55.50	-0.0010	-0.0130	-1.0970	1.37	NULL	NULL	0
1224	4	2	1	170803	085550.30	108.53807410	34.22364414	55.50	-0.0430	0.0400	-1.0080	1.37	NULL	NULL	0
1225	4	2	1	170803	085550.40	108.53808377	34.22364674	55.50	-0.0350	-0.0410	-0.9720	1.36	NULL	NULL	0
1226	4	2	1	170803	085550.50	108.53809338	34.22364922	55.50	-0.0410	-0.0320	-0.9680	1.36	NULL	NULL	0
1227	4	2	1	170803	085550.60	108.53810241	34.22365207	55.50	0.0020	-0.0850	-0.9940	1.36	NULL	NULL	0
1228	4	2	1	170803	085550.70	108.53811202	34.22365455	53.65	-0.0700	-0.0300	-1.0320	1.43	NULL	NULL	0
1229	4	2	1	170803	085550.80	108.53812156	34.22365714	53.65	-0.0470	-0.0160	-1.0070	1.43	NULL	NULL	0
1230	4	2	1	170803	085550.90	108.53813112	34.22365961	53.65	-0.1100	-0.0220	-1.0690	1.43	NULL	NULL	0
1231	4	2	1	170803	085551.00	108.53814067	34.22366212	53.65	0.0690	0.0720	-1.0130	1.28	NULL	NULL	0
1232	4	2	1	170803	085551.10	108.53815019	34.22366459	53.65	0.0070	-0.0400	-1.0350	1.28	NULL	NULL	0
1233	4	2	1	170803	085551.20	108.53816018	34.22366717	53.65	-0.0980	0.0380	-1.0150	1.28	NULL	NULL	0
1234	4	2	1	170803	085551.30	108.53816969	34.22366967	53.65	0.0460	-0.0650	-0.9550	0.00	NULL	NULL	0
1235	4	2	1	170803	085551.40	108.53817933	34.22367189	53.65	-0.0630	0.0240	-0.9250	0.00	NULL	NULL	0
1236	4	2	1	170803	085551.50	108.53818878	34.22367436	53.65	-0.0490	0.0110	-0.9720	0.00	NULL	NULL	0
1237	4	2	1	170803	085551.60	108.53819821	34.22367666	53.65	-0.0060	0.0060	-0.9220	1.40	NULL	NULL	0
1238	4	2	1	170803	085551.70	108.53820762	34.22367912	53.65	-0.0390	-0.0630	-1.1040	1.40	NULL	NULL	0
1239	4	2	1	170803	085551.80	108.53821695	34.22368158	53.65	0.0010	0.0160	-1.0840	1.40	NULL	NULL	0
1240	4	2	1	170803	085551.90	108.53822637	34.22368408	53.65	0.0070	-0.0350	-1.0060	1.40	NULL	NULL	0
1241	4	2	1	170803	085552.00	108.53823564	34.22368647	53.65	-0.0600	0.0410	-1.0010	1.45	NULL	NULL	0
1242	4	2	1	170803	085552.10	108.53824504	34.22368892	53.65	-0.0410	-0.0380	-0.9080	1.45	NULL	NULL	0
1243	4	2	1	170803	085552.20	108.53825448	34.22369137	53.65	-0.0480	0.0210	-0.9570	1.46	NULL	NULL	0
1244	4	2	1	170803	085552.30	108.53826375	34.22369381	51.80	0.0440	-0.0080	-0.9750	1.46	NULL	NULL	0
1245	4	2	1	170803	085552.40	108.53827359	34.22369647	53.65	0.0310	-0.0350	-0.9570	1.46	NULL	NULL	0
1246	4	2	1	170803	085552.50	108.53828292	34.22369897	53.65	-0.0020	-0.0610	-0.9780	1.46	NULL	NULL	0
1247	4	2	1	170803	085552.60	108.53829194	34.22370138	53.65	0.0700	-0.0130	-0.9810	1.31	NULL	NULL	0
1248	4	2	1	170803	085552.70	108.53830129	34.22370383	53.65	-0.0140	-0.0190	-0.9260	1.31	NULL	NULL	0
1249	4	2	1	170803	085552.80	108.53831088	34.22370651	53.65	-0.0770	0.0340	-0.9730	1.31	NULL	NULL	0
1250	4	2	1	170803	085552.90	108.53832023	34.22370889	53.65	-0.1190	-0.0570	-1.0120	1.63	NULL	NULL	0
1251	4	2	1	170803	085553.00	108.53832950	34.22371142	51.80	0.0590	-0.0520	-0.9980	1.63	NULL	NULL	0
1252	4	2	1	170803	085553.10	108.53833882	34.22371390	53.65	0.0050	-0.0470	-1.0920	1.63	NULL	NULL	0
1253	4	2	1	170803	085553.20	108.53834825	34.22371641	53.65	0.0930	-0.0700	-0.9750	2.02	NULL	NULL	0
1254	4	2	1	170803	085553.30	108.53835763	34.22371889	53.65	0.0850	0.0050	-0.9150	2.02	NULL	NULL	0
1255	4	2	1	170803	085553.40	108.53836700	34.22372149	53.65	0.0660	0.0120	-0.9260	2.02	NULL	NULL	0
1256	4	2	1	170803	085553.50	108.53837640	34.22372401	53.65	0.1110	-0.0250	-0.9670	2.88	NULL	NULL	0
1257	4	2	1	170803	085553.60	108.53838591	34.22372658	53.65	0.0750	-0.1110	-1.0950	2.88	NULL	NULL	0
1258	4	2	1	170803	085553.70	108.53839539	34.22372916	53.65	0.0150	-0.0320	-1.0920	2.88	NULL	NULL	0
1259	4	2	1	170803	085553.80	108.53840487	34.22373186	53.65	-0.0260	-0.0030	-0.9860	4.59	NULL	NULL	0
1260	4	2	1	170803	085553.90	108.53841445	34.22373443	55.50	0.0690	0.0220	-0.9450	4.59	NULL	NULL	0
1261	4	2	1	170803	085554.00	108.53842404	34.22373702	53.65	0.0620	-0.0800	-0.9400	4.59	NULL	NULL	0
1262	4	2	1	170803	085554.10	108.53843359	34.22373964	53.65	0.0850	-0.0120	-0.9350	6.56	NULL	NULL	0
1263	4	2	1	170803	085554.20	108.53844364	34.22374208	55.50	0.1190	0.0240	-1.0800	6.56	NULL	NULL	0
1264	4	2	1	170803	085554.30	108.53845324	34.22374469	55.50	0.1480	0.0570	-1.0920	6.56	NULL	NULL	0
1265	4	2	1	170803	085554.40	108.53846293	34.22374735	55.50	0.0950	-0.0520	-0.9420	7.26	NULL	NULL	0
1266	4	2	1	170803	085554.50	108.53847265	34.22374998	55.50	0.1640	0.0300	-1.0220	7.26	NULL	NULL	0
1267	4	2	1	170803	085554.60	108.53848246	34.22375261	55.50	0.0190	-0.0140	-1.0450	7.26	NULL	NULL	0
1268	4	2	1	170803	085554.70	108.53849227	34.22375526	55.50	-0.0470	0.0810	-0.9370	7.77	NULL	NULL	0
1269	4	2	1	170803	085554.80	108.53850204	34.22375793	55.50	-0.0760	-0.0020	-0.9670	7.77	NULL	NULL	0
1270	4	2	1	170803	085554.90	108.53851180	34.22376057	55.50	0.0890	-0.0480	-0.9620	7.77	NULL	NULL	0
1271	4	2	1	170803	085555.00	108.53852167	34.22376322	55.50	0.0580	-0.0640	-0.9700	7.60	NULL	NULL	0
1272	4	2	1	170803	085555.10	108.53853155	34.22376590	55.50	0.0660	0.0140	-1.0870	7.60	NULL	NULL	0
1273	4	2	1	170803	085555.20	108.53854144	34.22376859	55.50	0.0780	-0.0330	-1.0610	7.60	NULL	NULL	0
1274	4	2	1	170803	085555.30	108.53855137	34.22377131	57.35	0.0630	-0.0120	-0.9830	7.66	NULL	NULL	0
1275	4	2	1	170803	085555.40	108.53856130	34.22377404	57.35	-0.0180	-0.0320	-1.0100	7.66	NULL	NULL	0
1276	4	2	1	170803	085555.50	108.53857123	34.22377674	57.35	-0.0580	-0.0000	-1.0800	7.66	NULL	NULL	0
1277	4	2	1	170803	085555.60	108.53858120	34.22377952	57.35	-0.0410	-0.0050	-0.9400	7.67	NULL	NULL	0
1278	4	2	1	170803	085555.70	108.53859116	34.22378231	57.35	-0.0260	-0.0400	-0.9430	7.67	NULL	NULL	0
1279	4	2	1	170803	085555.80	108.53860110	34.22378509	57.35	0.0630	-0.0220	-1.0240	7.67	NULL	NULL	0
1280	4	2	1	170803	085555.90	108.53861102	34.22378788	57.35	-0.0160	-0.0310	-0.9370	7.67	NULL	NULL	0
1281	4	2	1	170803	085556.00	108.53862104	34.22379062	57.35	0.0180	0.0040	-1.0040	4.27	NULL	NULL	0
1282	4	2	1	170803	085556.10	108.53863096	34.22379338	57.35	0.0190	-0.0050	-1.0410	4.27	NULL	NULL	0
1283	4	2	1	170803	085556.20	108.53864095	34.22379610	57.35	-0.0120	-0.0940	-1.0080	3.67	NULL	NULL	0
1284	4	2	1	170803	085556.30	108.53865088	34.22379890	57.35	-0.0570	0.0410	-0.9890	3.67	NULL	NULL	0
1285	4	2	1	170803	085556.40	108.53866080	34.22380172	57.35	-0.0030	-0.0220	-1.0280	3.67	NULL	NULL	0
1286	4	2	1	170803	085556.50	108.53867078	34.22380452	57.35	0.0440	0.0010	-1.0820	3.67	NULL	NULL	0
1287	4	2	1	170803	085556.60	108.53868080	34.22380732	57.35	0.1070	0.0010	-0.9550	3.27	NULL	NULL	0
1288	4	2	1	170803	085556.70	108.53869081	34.22381012	57.35	0.0620	-0.0220	-0.9460	3.27	NULL	NULL	0
1289	4	2	1	170803	085556.80	108.53870082	34.22381294	57.35	-0.0840	0.0460	-1.1730	3.27	NULL	NULL	0
1290	4	2	1	170803	085556.90	108.53871084	34.22381575	57.35	0.0060	-0.1180	-1.0550	4.18	NULL	NULL	0
1291	4	2	1	170803	085557.00	108.53872091	34.22381859	57.35	0.0460	-0.0760	-0.9970	4.18	NULL	NULL	0
1292	4	2	1	170803	085557.10	108.53873100	34.22382139	57.35	0.0300	-0.0300	-0.9940	4.18	NULL	NULL	0
1293	4	2	1	170803	085557.20	108.53874103	34.22382431	57.35	0.0540	-0.0440	-1.0460	5.32	NULL	NULL	0
1294	4	2	1	170803	085557.30	108.53875110	34.22382713	57.35	0.0570	0.0160	-0.9620	5.32	NULL	NULL	0
1295	4	2	1	170803	085557.40	108.53876120	34.22382998	57.35	0.0030	0.0090	-0.9560	5.32	NULL	NULL	0
1296	4	2	1	170803	085557.50	108.53877127	34.22383281	57.35	0.0780	-0.0540	-0.9700	5.08	NULL	NULL	0
1297	4	2	1	170803	085557.60	108.53878088	34.22383621	57.35	0.0880	-0.0150	-0.9600	5.08	NULL	NULL	0
1298	4	2	1	170803	085557.70	108.53879093	34.22383905	57.35	0.0650	0.0100	-1.0100	5.08	NULL	NULL	0
1299	4	2	1	170803	085557.80	108.53880094	34.22384198	57.35	-0.0160	-0.0210	-1.0030	3.87	NULL	NULL	0
1300	4	2	1	170803	085557.90	108.53881099	34.22384485	57.35	0.0910	-0.0300	-1.0740	3.87	NULL	NULL	0
1301	4	2	1	170803	085558.00	108.53882087	34.22384771	57.35	0.0920	-0.0410	-0.9390	3.87	NULL	NULL	0
1302	4	2	1	170803	085558.10	108.53883095	34.22385057	57.35	0.0460	-0.0720	-0.8990	3.48	NULL	NULL	0
1303	4	2	1	170803	085558.20	108.53884076	34.22385363	57.35	-0.0050	-0.0720	-0.9610	3.48	NULL	NULL	0
1304	4	2	1	170803	085558.30	108.53885080	34.22385650	57.35	-0.0400	-0.0330	-0.9720	3.48	NULL	NULL	0
1305	4	2	1	170803	085558.40	108.53886136	34.22385878	57.35	-0.0740	0.0100	-1.0790	3.12	NULL	NULL	0
1306	4	2	1	170803	085558.50	108.53887140	34.22386164	57.35	0.0050	-0.0050	-1.0220	3.12	NULL	NULL	0
1307	4	2	1	170803	085558.60	108.53888118	34.22386471	57.35	-0.0210	-0.0820	-0.9740	3.12	NULL	NULL	0
1308	4	2	1	170803	085558.70	108.53889118	34.22386761	57.35	0.0270	-0.0040	-1.0410	2.85	NULL	NULL	0
1309	4	2	1	170803	085558.80	108.53890111	34.22387045	57.35	-0.0190	0.0340	-0.9740	2.85	NULL	NULL	0
1310	4	2	1	170803	085558.90	108.53891108	34.22387337	57.35	0.0690	-0.0310	-0.9560	2.85	NULL	NULL	0
1311	4	2	1	170803	085559.00	108.53892103	34.22387624	57.35	-0.1110	0.0640	-0.9920	2.58	NULL	NULL	0
1312	4	2	1	170803	085559.10	108.53893095	34.22387910	57.35	-0.1230	-0.0190	-1.0310	2.58	NULL	NULL	0
1313	4	2	1	170803	085559.20	108.53894074	34.22388203	57.35	-0.1310	-0.0430	-1.0730	2.58	NULL	NULL	0
1314	4	2	1	170803	085559.30	108.53895063	34.22388485	57.35	-0.0870	-0.0200	-1.0020	2.06	NULL	NULL	0
1315	4	2	1	170803	085559.40	108.53896048	34.22388767	55.50	0.0720	0.0310	-1.0190	2.06	NULL	NULL	0
1316	4	2	1	170803	085559.50	108.53897023	34.22389054	55.50	0.1030	-0.0160	-0.9720	2.06	NULL	NULL	0
1317	4	2	1	170803	085559.60	108.53898050	34.22389294	55.50	-0.0340	-0.0330	-0.9470	2.16	NULL	NULL	0
1318	4	2	1	170803	085559.70	108.53899016	34.22389578	55.50	-0.1450	0.0120	-1.0590	2.16	NULL	NULL	0
1319	4	2	1	170803	085559.80	108.53899979	34.22389858	55.50	-0.0480	-0.0330	-0.9320	2.16	NULL	NULL	0
1320	4	2	1	170803	085559.90	108.53900933	34.22390138	55.50	-0.1200	-0.0050	-1.0340	2.16	NULL	NULL	0
1321	4	2	1	170803	085600.00	108.53901881	34.22390414	53.65	-0.0770	-0.0010	-1.0900	2.05	NULL	NULL	0
1322	4	2	1	170803	085600.10	108.53902828	34.22390687	53.65	-0.0330	-0.0390	-1.0450	2.05	NULL	NULL	0
1323	4	2	1	170803	085600.20	108.53903776	34.22390960	53.65	-0.1450	0.0430	-1.0260	1.91	NULL	NULL	0
1324	4	2	1	170803	085600.30	108.53904712	34.22391231	53.65	-0.1170	-0.0650	-0.9110	1.91	NULL	NULL	0
1325	4	2	1	170803	085600.40	108.53905638	34.22391499	53.65	-0.0800	0.0490	-0.9720	1.91	NULL	NULL	0
1326	4	2	1	170803	085600.50	108.53906558	34.22391763	51.80	-0.1640	-0.0400	-1.0570	1.91	NULL	NULL	0
1327	4	2	1	170803	085600.60	108.53907468	34.22392031	51.80	-0.0130	0.0070	-1.0330	1.88	NULL	NULL	0
1328	4	2	1	170803	085600.70	108.53908375	34.22392295	51.80	-0.0610	-0.0910	-1.0070	1.88	NULL	NULL	0
1329	4	2	1	170803	085600.80	108.53909282	34.22392555	51.80	-0.1580	0.0330	-0.9790	1.88	NULL	NULL	0
1330	4	2	1	170803	085600.90	108.53910180	34.22392816	51.80	-0.1120	0.0140	-1.0550	0.00	NULL	NULL	0
1331	4	2	1	170803	085601.00	108.53911074	34.22393074	51.80	-0.0230	-0.0580	-0.8680	0.00	NULL	NULL	0
1332	4	2	1	170803	085601.10	108.53911955	34.22393336	49.95	0.0670	0.0160	-0.9880	0.00	NULL	NULL	0
1333	4	2	1	170803	085601.20	108.53912836	34.22393593	49.95	-0.0430	-0.0270	-1.0200	0.00	NULL	NULL	0
1334	4	2	1	170803	085601.30	108.53913719	34.22393854	49.95	-0.1060	-0.0660	-1.0390	0.00	NULL	NULL	0
1335	4	2	1	170803	085601.40	108.53914604	34.22394107	49.95	-0.0780	-0.0900	-1.0160	0.00	NULL	NULL	0
1336	4	2	1	170803	085601.50	108.53915473	34.22394369	49.95	-0.0740	-0.0300	-0.9380	0.00	NULL	NULL	0
1337	4	2	1	170803	085601.60	108.53916346	34.22394629	49.95	-0.0240	-0.0900	-0.9900	0.00	NULL	NULL	0
1338	4	2	1	170803	085601.70	108.53917212	34.22394888	49.95	-0.0100	-0.0960	-0.9430	0.00	NULL	NULL	0
1339	4	2	1	170803	085601.80	108.53918077	34.22395147	49.95	-0.0020	-0.0070	-1.0090	0.00	NULL	NULL	0
1340	4	2	1	170803	085601.90	108.53918939	34.22395405	49.95	-0.0160	-0.0070	-1.0120	0.00	NULL	NULL	0
1341	4	2	1	170803	085602.00	108.53919801	34.22395661	49.95	-0.0030	-0.0390	-0.9610	0.00	NULL	NULL	0
1342	4	2	1	170803	085602.10	108.53920661	34.22395922	49.95	0.0310	0.0090	-0.9310	0.00	NULL	NULL	0
1343	4	2	1	170803	085602.20	108.53921512	34.22396186	49.95	0.0360	-0.0720	-0.9880	0.00	NULL	NULL	0
1344	4	2	1	170803	085602.30	108.53922367	34.22396449	49.95	-0.0050	-0.0520	-1.2720	0.00	NULL	NULL	0
1345	4	2	1	170803	085602.40	108.53923224	34.22396714	49.95	-0.1490	-0.0900	-0.8340	0.00	NULL	NULL	0
1346	4	2	1	170803	085602.50	108.53924074	34.22396983	49.95	-0.0620	0.0170	-0.9250	0.00	NULL	NULL	0
1347	4	2	1	170803	085602.60	108.53924926	34.22397246	49.95	-0.0430	-0.0410	-1.0750	0.00	NULL	NULL	0
1348	4	2	1	170803	085602.70	108.53925781	34.22397510	49.95	0.1100	-0.0000	-1.1500	2.98	NULL	NULL	0
1349	4	2	1	170803	085602.80	108.53926642	34.22397779	49.95	0.1650	-0.0100	-0.9810	2.98	NULL	NULL	0
1350	4	2	1	170803	085602.90	108.53927502	34.22398045	49.95	0.0170	0.0250	-0.9530	2.98	NULL	NULL	0
1351	4	2	1	170803	085603.00	108.53928374	34.22398292	49.95	0.0770	-0.0730	-0.9130	4.04	NULL	NULL	0
1352	4	2	1	170803	085603.10	108.53929233	34.22398561	49.95	0.0480	0.0020	-0.9390	4.04	NULL	NULL	0
1353	4	2	1	170803	085603.20	108.53930106	34.22398823	49.95	-0.0110	-0.0460	-0.9740	4.04	NULL	NULL	0
1354	4	2	1	170803	085603.30	108.53930969	34.22399086	49.95	-0.0240	0.0020	-0.9160	5.04	NULL	NULL	0
1355	4	2	1	170803	085603.40	108.53931814	34.22399353	49.95	-0.1110	0.0330	-1.0560	5.04	NULL	NULL	0
1356	4	2	1	170803	085603.50	108.53932676	34.22399620	49.95	-0.0070	0.0290	-1.0430	5.04	NULL	NULL	0
1357	4	2	1	170803	085603.60	108.53933537	34.22399880	49.95	0.0710	0.0890	-0.9830	4.32	NULL	NULL	0
1358	4	2	1	170803	085603.70	108.53934400	34.22400146	49.95	0.0480	-0.0580	-0.9980	4.32	NULL	NULL	0
1359	4	2	1	170803	085603.80	108.53935272	34.22400404	49.95	-0.0780	-0.0330	-0.9230	4.32	NULL	NULL	0
1360	4	2	1	170803	085603.90	108.53936135	34.22400667	49.95	-0.0300	0.0110	-1.0020	4.32	NULL	NULL	0
1361	4	2	1	170803	085604.00	108.53937003	34.22400926	49.95	0.0030	-0.0670	-0.9760	3.30	NULL	NULL	0
1362	4	2	1	170803	085604.10	108.53937865	34.22401184	49.95	0.0480	-0.0850	-1.0300	3.30	NULL	NULL	0
1363	4	2	1	170803	085604.20	108.53938728	34.22401446	49.95	-0.0420	0.0130	-1.0230	2.58	NULL	NULL	0
1364	4	2	1	170803	085604.30	108.53939593	34.22401708	49.95	0.0240	0.0550	-1.0060	2.58	NULL	NULL	0
1365	4	2	1	170803	085604.40	108.53940453	34.22401965	49.95	0.0100	-0.0860	-1.0070	2.58	NULL	NULL	0
1366	4	2	1	170803	085604.50	108.53941312	34.22402226	49.95	0.0330	-0.0210	-0.9290	2.58	NULL	NULL	0
1367	4	2	1	170803	085604.60	108.53942170	34.22402485	49.95	0.0810	-0.0380	-1.0060	2.46	NULL	NULL	0
1368	4	2	1	170803	085604.70	108.53943034	34.22402743	49.95	-0.0550	-0.0150	-0.9760	2.46	NULL	NULL	0
1369	4	2	1	170803	085604.80	108.53943896	34.22403003	49.95	-0.0130	-0.0050	-0.9830	2.46	NULL	NULL	0
1370	4	2	1	170803	085604.90	108.53944761	34.22403261	49.95	0.1150	-0.0670	-0.9810	2.46	NULL	NULL	0
1371	4	2	1	170803	085605.00	108.53945632	34.22403525	49.95	-0.0050	-0.0700	-0.9870	2.46	NULL	NULL	0
1372	4	2	1	170803	085605.10	108.53946498	34.22403788	49.95	0.1320	-0.0790	-0.9900	2.46	NULL	NULL	0
1373	4	2	1	170803	085605.20	108.53947367	34.22404051	49.95	0.1150	-0.0040	-0.9760	3.35	NULL	NULL	0
1374	4	2	1	170803	085605.30	108.53948237	34.22404312	49.95	-0.1010	0.0150	-1.0090	3.35	NULL	NULL	0
1375	4	2	1	170803	085605.40	108.53949110	34.22404572	49.95	-0.0810	0.0680	-0.9440	3.35	NULL	NULL	0
1376	4	2	1	170803	085605.50	108.53949979	34.22404831	49.95	0.0600	0.0230	-1.0540	4.18	NULL	NULL	0
1377	4	2	1	170803	085605.60	108.53950846	34.22405091	49.95	0.1020	-0.0110	-1.1470	4.18	NULL	NULL	0
1378	4	2	1	170803	085605.70	108.53951718	34.22405356	49.95	0.0500	-0.1950	-1.1040	4.18	NULL	NULL	0
1379	4	2	1	170803	085605.80	108.53952591	34.22405623	49.95	0.0770	0.1080	-0.9900	4.54	NULL	NULL	0
1380	4	2	1	170803	085605.90	108.53953466	34.22405885	49.95	-0.0130	0.0300	-0.9670	4.54	NULL	NULL	0
1381	4	2	1	170803	085606.00	108.53954341	34.22406150	49.95	-0.0290	-0.0260	-0.9580	4.54	NULL	NULL	0
1382	4	2	1	170803	085606.10	108.53955214	34.22406410	49.95	-0.0990	-0.0300	-0.8990	3.15	NULL	NULL	0
1383	4	2	1	170803	085606.20	108.53956075	34.22406690	49.95	-0.0200	-0.0160	-1.0250	3.15	NULL	NULL	0
1384	4	2	1	170803	085606.30	108.53956945	34.22406950	49.95	0.0170	0.0640	-1.0640	3.15	NULL	NULL	0
1385	4	2	1	170803	085606.40	108.53957827	34.22407191	49.95	0.0440	-0.0070	-1.0490	2.55	NULL	NULL	0
1386	4	2	1	170803	085606.50	108.53958695	34.22407451	49.95	0.0520	-0.0230	-1.0380	2.55	NULL	NULL	0
1387	4	2	1	170803	085606.60	108.53959567	34.22407715	49.95	0.0100	-0.0620	-0.9240	2.55	NULL	NULL	0
1388	4	2	1	170803	085606.70	108.53960433	34.22407977	49.95	-0.1480	-0.0030	-0.9590	2.24	NULL	NULL	0
1389	4	2	1	170803	085606.80	108.53961295	34.22408237	49.95	-0.1250	-0.0310	-0.9400	2.24	NULL	NULL	0
1390	4	2	1	170803	085606.90	108.53962155	34.22408502	49.95	-0.0490	0.0200	-0.9820	2.24	NULL	NULL	0
1391	4	2	1	170803	085607.00	108.53963022	34.22408761	49.95	-0.0670	0.0210	-1.0240	1.92	NULL	NULL	0
1392	4	2	1	170803	085607.10	108.53963877	34.22409021	49.95	0.0760	0.0020	-0.9840	1.92	NULL	NULL	0
1393	4	2	1	170803	085607.20	108.53964732	34.22409288	49.95	0.0410	0.0150	-1.0740	1.92	NULL	NULL	0
1394	4	2	1	170803	085607.30	108.53965589	34.22409550	49.95	-0.0500	-0.0750	-0.9630	1.94	NULL	NULL	0
1395	4	2	1	170803	085607.40	108.53966452	34.22409798	49.95	-0.1420	-0.0520	-0.9380	1.94	NULL	NULL	0
1396	4	2	1	170803	085607.50	108.53967302	34.22410057	48.10	-0.0520	-0.0400	-0.9450	1.94	NULL	NULL	0
1397	4	2	1	170803	085607.60	108.53968137	34.22410324	48.10	0.0360	-0.0120	-0.9670	1.81	NULL	NULL	0
1398	4	2	1	170803	085607.70	108.53968983	34.22410585	48.10	0.0140	0.0110	-1.0590	1.81	NULL	NULL	0
1399	4	2	1	170803	085607.80	108.53969771	34.22410913	48.10	-0.0110	-0.0280	-0.9880	1.81	NULL	NULL	0
1400	4	2	1	170803	085607.90	108.53970615	34.22411174	48.10	0.0110	-0.0420	-0.9730	1.81	NULL	NULL	0
1401	4	2	1	170803	085608.00	108.53971432	34.22411460	48.10	0.0410	-0.0490	-0.9570	1.80	NULL	NULL	0
1402	4	2	1	170803	085608.10	108.53972275	34.22411720	48.10	-0.0270	0.0230	-1.0230	1.80	NULL	NULL	0
1403	4	2	1	170803	085608.20	108.53973002	34.22412088	48.10	-0.0030	0.0200	-1.0050	1.91	NULL	NULL	0
1404	4	2	1	170803	085608.30	108.53973841	34.22412350	48.10	0.0210	-0.0690	-0.9990	1.91	NULL	NULL	0
1405	4	2	1	170803	085608.40	108.53974681	34.22412604	48.10	-0.0770	-0.0560	-1.1020	1.91	NULL	NULL	0
1406	4	2	1	170803	085608.50	108.53975527	34.22412864	48.10	0.0160	0.0100	-1.0960	1.91	NULL	NULL	0
1407	4	2	1	170803	085608.60	108.53976386	34.22413102	48.10	0.0970	-0.0030	-0.9990	2.13	NULL	NULL	0
1408	4	2	1	170803	085608.70	108.53977228	34.22413367	48.10	-0.0150	0.0180	-1.0100	2.13	NULL	NULL	0
1409	4	2	1	170803	085608.80	108.53978095	34.22413624	49.95	0.0510	-0.0490	-0.9220	2.13	NULL	NULL	0
1410	4	2	1	170803	085608.90	108.53978935	34.22413890	48.10	0.0830	-0.0110	-0.9470	3.29	NULL	NULL	0
1411	4	2	1	170803	085609.00	108.53979813	34.22414125	49.95	-0.0400	-0.0870	-1.1790	3.29	NULL	NULL	0
1412	4	2	1	170803	085609.10	108.53980665	34.22414394	49.95	-0.0120	-0.0310	-1.0830	3.29	NULL	NULL	0
1413	4	2	1	170803	085609.20	108.53981575	34.22414613	49.95	0.1280	0.0010	-0.7840	4.76	NULL	NULL	0
1414	4	2	1	170803	085609.30	108.53982428	34.22414891	49.95	0.1170	0.0020	-0.9170	4.76	NULL	NULL	0
1415	4	2	1	170803	085609.40	108.53983295	34.22415154	49.95	0.1960	-0.0340	-0.8890	4.76	NULL	NULL	0
1416	4	2	1	170803	085609.50	108.53984150	34.22415431	49.95	0.0740	-0.1010	-0.9630	5.66	NULL	NULL	0
1417	4	2	1	170803	085609.60	108.53984955	34.22415759	49.95	0.0040	-0.0970	-1.0810	5.66	NULL	NULL	0
1418	4	2	1	170803	085609.70	108.53985826	34.22416023	49.95	-0.0970	-0.0080	-1.1240	5.66	NULL	NULL	0
1419	4	2	1	170803	085609.80	108.53986746	34.22416256	49.95	0.0480	-0.0730	-0.9970	6.37	NULL	NULL	0
1420	4	2	1	170803	085609.90	108.53987617	34.22416536	49.95	0.1220	-0.0620	-0.8870	6.37	NULL	NULL	0
1421	4	2	1	170803	085610.00	108.53988492	34.22416827	51.80	0.0220	0.0010	-1.0380	6.37	NULL	NULL	0
1422	4	2	1	170803	085610.10	108.53989367	34.22417111	49.95	0.1130	-0.0340	-0.9260	6.32	NULL	NULL	0
1423	4	2	1	170803	085610.20	108.53990286	34.22417346	51.80	0.1430	-0.0550	-0.9220	6.32	NULL	NULL	0
1424	4	2	1	170803	085610.30	108.53991167	34.22417628	51.80	0.0190	-0.0320	-1.0490	6.32	NULL	NULL	0