1178	4	2	1	170803	084915.70	108.53602327	34.22311971	44.40	-0.0400	-0.0150	-0.9830	1.19	NULL	NULL	0
1179	4	2	1	170803	084915.80	108.53603112	34.22312158	44.40	-0.0180	0.0710	-1.0410	1.19	NULL	NULL	0
1180	4	2	1	170803	084915.90	108.53603897	34.22312333	44.40	0.0080	-0.0080	-1.0300	1.19	NULL	NULL	0
1181	4	2	1	170803	084916.00	108.53604676	34.22312517	44.40	-0.0050	0.0290	-0.9430	1.22	NULL	NULL	0
1182	4	2	1	170803	084916.10	108.53605466	34.22312695	44.40	-0.0000	-0.0360	-0.9070	1.22	NULL	NULL	0
1183	4	2	1	170803	084916.20	108.53606173	34.22312946	44.40	-0.0490	-0.0060	-0.9450	0.00	NULL	NULL	0
1184	4	2	1	170803	084916.30	108.53606948	34.22313126	42.55	-0.0510	0.0380	-0.9800	0.00	NULL	NULL	0
1185	4	2	1	170803	084916.40	108.53607683	34.22313313	42.55	-0.0630	0.0040	-0.9830	0.00	NULL	NULL	0
1186	4	2	1	170803	084916.50	108.53608460	34.22313495	44.40	-0.0690	0.0250	-1.0410	0.00	NULL	NULL	0
1187	4	2	1	170803	084916.60	108.53609242	34.22313678	42.55	-0.0910	0.0210	-0.9840	0.00	NULL	NULL	0
1188	4	2	1	170803	084916.70	108.53610013	34.22313856	42.55	0.0710	0.0160	-0.9680	0.00	NULL	NULL	0
1189	4	2	1	170803	084916.80	108.53610834	34.22313897	42.55	-0.1100	0.0290	-0.9500	0.00	NULL	NULL	0
1190	4	2	1	170803	084916.90	108.53611604	34.22314070	42.55	-0.0610	-0.0320	-0.9750	0.00	NULL	NULL	0
1191	4	2	1	170803	084917.00	108.53612364	34.22314180	42.55	0.0410	-0.0450	-0.9850	0.00	NULL	NULL	0
1192	4	2	1	170803	084917.10	108.53613132	34.22314354	42.55	-0.0020	-0.0190	-0.9980	0.00	NULL	NULL	0
1193	4	2	1	170803	084917.20	108.53613893	34.22314529	42.55	-0.0860	-0.0000	-1.0440	1.38	NULL	NULL	0
1194	4	2	1	170803	084917.30	108.53614656	34.22314709	42.55	0.0310	-0.0100	-1.0520	1.38	NULL	NULL	0
1195	4	2	1	170803	084917.40	108.53615433	34.22315020	42.55	0.0040	-0.0220	-1.0870	1.38	NULL	NULL	0
1196	4	2	1	170803	084917.50	108.53616194	34.22315202	42.55	0.0140	-0.0410	-1.0170	1.31	NULL	NULL	0
1197	4	2	1	170803	084917.60	108.53616901	34.22315262	42.55	0.0700	-0.0720	-0.9840	1.31	NULL	NULL	0
1198	4	2	1	170803	084917.70	108.53617657	34.22315444	42.55	-0.0110	0.0070	-0.9830	1.31	NULL	NULL	0
1199	4	2	1	170803	084917.80	108.53618415	34.22315575	42.55	0.0140	-0.0370	-1.0360	1.37	NULL	NULL	0
1200	4	2	1	170803	084917.90	108.53619169	34.22315756	42.55	-0.0040	-0.0130	-0.9920	1.37	NULL	NULL	0
1201	4	2	1	170803	084918.00	108.53619936	34.22315964	42.55	0.0130	-0.0150	-1.0020	1.37	NULL	NULL	0
1202	4	2	1	170803	084918.10	108.53620693	34.22316141	42.55	0.0020	-0.0670	-0.9650	1.26	NULL	NULL	0
1203	4	2	1	170803	084918.20	108.53621489	34.22316293	42.55	0.0340	0.0370	-0.9830	1.26	NULL	NULL	0
1204	4	2	1	170803	084918.30	108.53622243	34.22316474	42.55	0.0750	-0.0420	-0.9880	1.26	NULL	NULL	0
1205	4	2	1	170803	084918.40	108.53623053	34.22316759	42.55	0.0950	-0.0580	-0.9950	1.21	NULL	NULL	0
1206	4	2	1	170803	084918.50	108.53623812	34.22316950	42.55	-0.0080	-0.0180	-1.0210	1.21	NULL	NULL	0
1207	4	2	1	170803	084918.60	108.53624581	34.22317152	42.55	-0.0790	0.0360	-0.9960	1.21	NULL	NULL	0
1208	4	2	1	170803	084918.70	108.53625336	34.22317332	42.55	-0.0070	0.0320	-0.9720	1.25	NULL	NULL	0
1209	4	2	1	170803	084918.80	108.53626119	34.22317449	42.55	0.0650	-0.0010	-0.9950	1.25	NULL	NULL	0
1210	4	2	1	170803	084918.90	108.53626880	34.22317632	42.55	0.1110	0.0320	-1.0080	1.25	NULL	NULL	0
1211	4	2	1	170803	084919.00	108.53627631	34.22317834	42.55	0.1170	0.0240	-0.9380	2.59	NULL	NULL	0
1212	4	2	1	170803	084919.10	108.53628395	34.22318022	42.55	0.0620	0.0850	-0.9810	2.59	NULL	NULL	0
1213	4	2	1	170803	084919.20	108.53629101	34.22318322	42.55	0.0740	-0.0510	-0.9680	2.59	NULL	NULL	0
1214	4	2	1	170803	084919.30	108.53629868	34.22318511	42.55	0.0330	-0.0300	-1.0490	3.54	NULL	NULL	0
1215	4	2	1	170803	084919.40	108.53630659	34.22318655	42.55	-0.0070	-0.0060	-1.0130	3.54	NULL	NULL	0
1216	4	2	1	170803	084919.50	108.53631436	34.22318850	44.40	0.0470	0.0080	-1.0130	3.54	NULL	NULL	0
1217	4	2	1	170803	084919.60	108.53632201	34.22319028	44.40	0.0860	-0.1120	-1.0090	4.63	NULL	NULL	0
1218	4	2	1	170803	084919.70	108.53632985	34.22319222	44.40	0.0990	-0.0130	-1.0280	4.63	NULL	NULL	0
1219	4	2	1	170803	084919.80	108.53633808	34.22319412	44.40	0.0110	0.0370	-1.0080	4.63	NULL	NULL	0
1220	4	2	1	170803	084919.90	108.53634596	34.22319610	44.40	0.0850	-0.0220	-1.0170	4.63	NULL	NULL	0
1221	4	2	1	170803	084920.00	108.53635354	34.22319870	44.40	0.0840	-0.0270	-0.9060	5.08	NULL	NULL	0
1222	4	2	1	170803	084920.10	108.53636139	34.22320067	44.40	0.0720	-0.0360	-0.9940	5.08	NULL	NULL	0
1223	4	2	1	170803	084920.20	108.53636862	34.22320280	44.40	0.1180	-0.0380	-1.0250	5.18	NULL	NULL	0
1224	4	2	1	170803	084920.30	108.53637658	34.22320484	44.40	0.0640	-0.1440	-1.0090	5.18	NULL	NULL	0
1225	4	2	1	170803	084920.40	108.53638408	34.22320792	44.40	0.0040	0.0070	-0.9180	5.18	NULL	NULL	0
1226	4	2	1	170803	084920.50	108.53639198	34.22320999	44.40	0.0270	0.0070	-0.9280	5.18	NULL	NULL	0
1227	4	2	1	170803	084920.60	108.53640063	34.22321098	44.40	0.0500	-0.0070	-1.0330	3.38	NULL	NULL	0
1228	4	2	1	170803	084920.70	108.53640865	34.22321303	46.25	-0.0200	-0.0560	-1.0650	3.38	NULL	NULL	0
1229	4	2	1	170803	084920.80	108.53641645	34.22321534	44.40	0.0620	-0.0930	-0.9670	3.38	NULL	NULL	0
1230	4	2	1	170803	084920.90	108.53642446	34.22321752	46.25	-0.0200	-0.0490	-0.8820	3.22	NULL	NULL	0
1231	4	2	1	170803	084921.00	108.53643260	34.22321952	46.25	0.1100	-0.0130	-0.9390	3.22	NULL	NULL	0
1232	4	2	1	170803	084921.10	108.53644061	34.22322165	46.25	0.0790	-0.0620	-0.9820	3.22	NULL	NULL	0
1233	4	2	1	170803	084921.20	108.53644886	34.22322370	46.25	-0.0200	-0.0660	-1.1240	3.37	NULL	NULL	0
1234	4	2	1	170803	084921.30	108.53645695	34.22322582	46.25	0.2130	-0.0340	-1.0500	3.37	NULL	NULL	0
1235	4	2	1	170803	084921.40	108.53646505	34.22322793	46.25	0.1130	-0.0400	-1.0560	3.37	NULL	NULL	0
1236	4	2	1	170803	084921.50	108.53647322	34.22323008	46.25	0.0480	0.0140	-0.9990	3.43	NULL	NULL	0
1237	4	2	1	170803	084921.60	108.53648133	34.22323240	46.25	0.0920	-0.0310	-0.9600	3.43	NULL	NULL	0
1238	4	2	1	170803	084921.70	108.53648946	34.22323458	46.25	0.0250	0.0050	-0.9370	3.43	NULL	NULL	0
1239	4	2	1	170803	084921.80	108.53649785	34.22323641	46.25	0.1240	0.0330	-0.9410	3.57	NULL	NULL	0
1240	4	2	1	170803	084921.90	108.53650602	34.22323859	46.25	0.0990	0.0330	-1.0630	3.57	NULL	NULL	0
1241	4	2	1	170803	084922.00	108.53651416	34.22324075	46.25	-0.0330	-0.0090	-1.0490	3.57	NULL	NULL	0
1242	4	2	1	170803	084922.10	108.53652240	34.22324295	46.25	0.0400	-0.0130	-0.9460	3.75	NULL	NULL	0
1243	4	2	1	170803	084922.20	108.53653121	34.22324585	46.25	0.0100	0.0700	-1.0100	3.75	NULL	NULL	0
1244	4	2	1	170803	084922.30	108.53653946	34.22324807	46.25	0.0180	0.0720	-1.0450	3.75	NULL	NULL	0
1245	4	2	1	170803	084922.40	108.53654736	34.22324943	46.25	0.0510	0.0140	-1.0030	5.57	NULL	NULL	0
1246	4	2	1	170803	084922.50	108.53655568	34.22325159	46.25	-0.0060	-0.0730	-0.9810	5.57	NULL	NULL	0
1247	4	2	1	170803	084922.60	108.53656492	34.22325545	48.10	-0.0530	-0.0060	-1.0080	5.57	NULL	NULL	0
1248	4	2	1	170803	084922.70	108.53657325	34.22325764	48.10	0.0450	-0.0180	-1.0380	6.04	NULL	NULL	0
1249	4	2	1	170803	084922.80	108.53658146	34.22325963	48.10	0.0240	-0.0210	-0.9850	6.04	NULL	NULL	0
1250	4	2	1	170803	084922.90	108.53658978	34.22326179	46.25	0.0370	0.0340	-1.0840	6.04	NULL	NULL	0
1251	4	2	1	170803	084923.00	108.53659753	34.22326270	48.10	0.0300	-0.0360	-1.0450	3.79	NULL	NULL	0
1252	4	2	1	170803	084923.10	108.53660592	34.22326491	48.10	-0.0060	0.0160	-0.9430	3.79	NULL	NULL	0
1253	4	2	1	170803	084923.20	108.53661454	34.22326824	48.10	-0.0480	-0.0340	-0.8620	3.79	NULL	NULL	0
1254	4	2	1	170803	084923.30	108.53662284	34.22327041	46.25	0.0030	-0.0350	-0.9330	3.06	NULL	NULL	0
1255	4	2	1	170803	084923.40	108.53663128	34.22327297	46.25	0.0230	-0.0360	-1.1010	3.06	NULL	NULL	0
1256	4	2	1	170803	084923.50	108.53663962	34.22327511	48.10	0.0130	0.0060	-1.0590	3.06	NULL	NULL	0
1257	4	2	1	170803	084923.60	108.53664821	34.22327770	48.10	-0.0500	0.0380	-1.0730	2.85	NULL	NULL	0
1258	4	2	1	170803	084923.70	108.53665656	34.22327990	48.10	0.0190	-0.0160	-1.0820	2.85	NULL	NULL	0
1259	4	2	1	170803	084923.80	108.53666455	34.22328118	48.10	-0.0140	-0.0810	-0.8910	2.85	NULL	NULL	0
1260	4	2	1	170803	084923.90	108.53667286	34.22328338	48.10	0.0240	-0.0340	-0.8660	2.85	NULL	NULL	0
1261	4	2	1	170803	084924.00	108.53668062	34.22328448	46.25	-0.0070	-0.0090	-1.0110	2.40	NULL	NULL	0
1262	4	2	1	170803	084924.10	108.53668890	34.22328665	46.25	-0.0420	-0.0360	-0.9930	2.40	NULL	NULL	0
1263	4	2	1	170803	084924.20	108.53669750	34.22328832	46.25	-0.0380	-0.0040	-1.0750	2.17	NULL	NULL	0
1264	4	2	1	170803	084924.30	108.53670582	34.22329054	46.25	0.0190	-0.0590	-1.1000	2.17	NULL	NULL	0
1265	4	2	1	170803	084924.40	108.53671526	34.22329353	46.25	0.1060	0.0230	-0.9700	2.17	NULL	NULL	0
1266	4	2	1	170803	084924.50	108.53672353	34.22329574	46.25	-0.0250	0.0520	-0.9990	2.17	NULL	NULL	0
1267	4	2	1	170803	084924.60	108.53673202	34.22329841	46.25	-0.0170	-0.0630	-0.9220	1.95	NULL	NULL	0
1268	4	2	1	170803	084924.70	108.53674022	34.22330062	46.25	0.0230	0.0580	-0.9890	1.95	NULL	NULL	0
1269	4	2	1	170803	084924.80	108.53674839	34.22330276	46.25	0.0990	-0.0560	-1.0230	1.95	NULL	NULL	0
1270	4	2	1	170803	084924.90	108.53675664	34.22330496	46.25	-0.0540	0.0190	-0.9970	2.06	NULL	NULL	0
1271	4	2	1	170803	084925.00	108.53676494	34.22330737	46.25	-0.0190	-0.0580	-1.0020	2.06	NULL	NULL	0
1272	4	2	1	170803	084925.10	108.53677312	34.22330957	46.25	0.0280	0.0200	-1.0500	2.06	NULL	NULL	0
1273	4	2	1	170803	084925.20	108.53678127	34.22331175	46.25	-0.0910	-0.0310	-1.0270	1.82	NULL	NULL	0
1274	4	2	1	170803	084925.30	108.53678949	34.22331387	46.25	-0.0990	0.0090	-0.9870	1.82	NULL	NULL	0
1275	4	2	1	170803	084925.40	108.53679732	34.22331700	46.25	-0.0860	0.0160	-0.8940	1.82	NULL	NULL	0
1276	4	2	1	170803	084925.50	108.53680549	34.22331912	46.25	-0.0330	-0.0100	-1.0090	1.84	NULL	NULL	0
1277	4	2	1	170803	084925.60	108.53681324	34.22332139	46.25	-0.0120	-0.0200	-1.0400	1.84	NULL	NULL	0
1278	4	2	1	170803	084925.70	108.53682137	34.22332350	46.25	0.0270	-0.0290	-1.1130	1.84	NULL	NULL	0
1279	4	2	1	170803	084925.80	108.53683004	34.22332427	46.25	0.0090	0.0120	-1.0290	1.76	NULL	NULL	0
1280	4	2	1	170803	084925.90	108.53683816	34.22332633	46.25	0.0150	0.0250	-0.9640	1.76	NULL	NULL	0
1281	4	2	1	170803	084926.00	108.53684630	34.22332780	46.25	-0.0260	0.0260	-0.9830	1.76	NULL	NULL	0
1282	4	2	1	170803	084926.10	108.53685440	34.22332985	46.25	-0.0750	-0.0180	-0.9510	1.75	NULL	NULL	0
1283	4	2	1	170803	084926.20	108.53686188	34.22333029	46.25	-0.0840	0.0620	-1.0070	1.75	NULL	NULL	0
1284	4	2	1	170803	084926.30	108.53686998	34.22333237	46.25	-0.0120	0.0440	-0.9950	1.75	NULL	NULL	0
1285	4	2	1	170803	084926.40	108.53687803	34.22333440	46.25	0.0080	-0.0600	-0.9750	1.90	NULL	NULL	0
1286	4	2	1	170803	084926.50	108.53688606	34.22333648	46.25	-0.0150	-0.0700	-0.9680	1.90	NULL	NULL	0
1287	4	2	1	170803	084926.60	108.53689477	34.22333816	46.25	-0.0370	0.0750	-1.0120	1.90	NULL	NULL	0
1288	4	2	1	170803	084926.70	108.53690280	34.22334022	46.25	0.0280	-0.0440	-1.0410	1.95	NULL	NULL	0
1289	4	2	1	170803	084926.80	108.53691273	34.22333995	46.25	-0.0570	0.0250	-1.0310	1.95	NULL	NULL	0
1290	4	2	1	170803	084926.90	108.53692078	34.22334200	46.25	-0.0610	0.0190	-0.9900	1.95	NULL	NULL	0
1291	4	2	1	170803	084927.00	108.53692857	34.22334432	44.40	-0.0090	0.0040	-0.9620	1.89	NULL	NULL	0
1292	4	2	1	170803	084927.10	108.53693657	34.22334637	44.40	-0.0160	0.0760	-1.0000	1.89	NULL	NULL	0
1293	4	2	1	170803	084927.20	108.53694496	34.22334791	44.40	-0.0060	0.0310	-1.0190	1.89	NULL	NULL	0
1294	4	2	1	170803	084927.30	108.53695294	34.22334990	44.40	0.0680	-0.0600	-1.0030	1.87	NULL	NULL	0
1295	4	2	1	170803	084927.40	108.53696149	34.22335075	44.40	-0.0870	0.0400	-1.0540	1.87	NULL	NULL	0
1296	4	2	1	170803	084927.50	108.53696949	34.22335275	44.40	-0.1830	-0.0150	-0.9780	1.87	NULL	NULL	0
1297	4	2	1	170803	084927.60	108.53697722	34.22335950	44.40	0.1990	-0.0730	-1.0570	1.87	NULL	NULL	0
1298	4	2	1	170803	084927.70	108.53698524	34.22336139	44.40	0.2200	-0.0220	-1.2960	1.87	NULL	NULL	0
1299	4	2	1	170803	084927.80	108.53699170	34.22336538	46.25	0.0530	0.0390	-0.1580	1.87	NULL	NULL	0
1300	4	2	1	170803	084927.90	108.53699949	34.22336748	44.40	-0.3270	0.0710	-0.8900	1.87	NULL	NULL	0
1301	4	2	1	170803	084928.00	108.53700776	34.22337039	44.40	-0.1210	-0.0280	-1.0590	1.81	NULL	NULL	0
1302	4	2	1	170803	084928.10	108.53701556	34.22337232	44.40	-0.0790	-0.0260	-0.9980	1.81	NULL	NULL	0
1303	4	2	1	170803	084928.20	108.53702321	34.22337433	44.40	-0.0880	-0.0030	-1.0290	1.82	NULL	NULL	0
1304	4	2	1	170803	084928.30	108.53703098	34.22337640	44.40	-0.0020	0.0000	-1.0370	1.82	NULL	NULL	0
1305	4	2	1	170803	084928.40	108.53703904	34.22337820	44.40	-0.0300	-0.0370	-0.9350	1.82	NULL	NULL	0
1306	4	2	1	170803	084928.50	108.53704692	34.22337996	44.40	-0.0060	-0.0100	-0.9430	1.82	NULL	NULL	0
1307	4	2	1	170803	084928.60	108.53705458	34.22338176	44.40	-0.0220	-0.0970	-0.9340	1.84	NULL	NULL	0
1308	4	2	1	170803	084928.70	108.53706233	34.22338379	44.40	0.0290	-0.0260	-0.9100	1.84	NULL	NULL	0
1309	4	2	1	170803	084928.80	108.53707031	34.22338473	42.55	0.0420	-0.0330	-0.9370	1.84	NULL	NULL	0
1310	4	2	1	170803	084928.90	108.53707804	34.22338667	42.55	-0.0130	-0.0140	-1.0570	1.89	NULL	NULL	0
1311	4	2	1	170803	084929.00	108.53708497	34.22338765	42.55	0.0330	-0.0200	-1.0640	1.89	NULL	NULL	0
1312	4	2	1	170803	084929.10	108.53709270	34.22338960	44.40	0.0560	-0.0600	-1.0800	1.89	NULL	NULL	0
1313	4	2	1	170803	084929.20	108.53709980	34.22339028	44.40	0.0510	-0.1470	-1.0130	1.72	NULL	NULL	0
1314	4	2	1	170803	084929.30	108.53710752	34.22339226	44.40	0.0500	0.0040	-0.9040	1.72	NULL	NULL	0
1315	4	2	1	170803	084929.40	108.53711604	34.22339620	44.40	0.0690	-0.0400	-0.9570	1.72	NULL	NULL	0
1316	4	2	1	170803	084929.50	108.53712378	34.22339815	44.40	-0.0460	-0.0340	-1.0400	1.71	NULL	NULL	0
1317	4	2	1	170803	084929.60	108.53713086	34.22339924	44.40	0.0740	-0.0210	-1.0230	1.71	NULL	NULL	0
1318	4	2	1	170803	084929.70	108.53713860	34.22340127	44.40	0.1310	0.0040	-1.0370	1.71	NULL	NULL	0
1319	4	2	1	170803	084929.80	108.53714610	34.22340269	44.40	0.1070	0.0170	-1.0130	2.90	NULL	NULL	0
1320	4	2	1	170803	084929.90	108.53715399	34.22340467	44.40	0.1050	0.0350	-1.0510	2.90	NULL	NULL	0
1321	4	2	1	170803	084930.00	108.53716168	34.22340684	44.40	0.0380	0.0070	-0.9530	2.90	NULL	NULL	0
1322	4	2	1	170803	084930.10	108.53716952	34.22340884	44.40	-0.0040	0.0680	-1.0060	4.04	NULL	NULL	0
1323	4	2	1	170803	084930.20	108.53717720	34.22341133	44.40	0.0330	-0.0050	-1.0030	4.04	NULL	NULL	0
1324	4	2	1	170803	084930.30	108.53718514	34.22341337	44.40	0.0750	-0.1020	-1.0540	4.04	NULL	NULL	0
1325	4	2	1	170803	084930.40	108.53719356	34.22341646	44.40	0.0870	-0.0260	-0.9940	5.02	NULL	NULL	0
1326	4	2	1	170803	084930.50	108.53720151	34.22341859	44.40	0.0990	-0.0630	-0.9370	5.02	NULL	NULL	0
1327	4	2	1	170803	084930.60	108.53720919	34.22341943	46.25	0.0210	0.0230	-0.9820	5.02	NULL	NULL	0
1328	4	2	1	170803	084930.70	108.53721719	34.22342156	46.25	0.1210	0.0360	-1.0840	5.61	NULL	NULL	0
1329	4	2	1	170803	084930.80	108.53722582	34.22342548	46.25	0.0160	-0.0030	-1.0900	5.61	NULL	NULL	0
1330	4	2	1	170803	084930.90	108.53723391	34.22342762	46.25	0.0370	-0.0500	-1.0050	5.61	NULL	NULL	0
1331	4	2	1	170803	084931.00	108.53724183	34.22342945	46.25	0.1030	-0.1560	-0.9030	5.79	NULL	NULL	0
1332	4	2	1	170803	084931.10	108.53725001	34.22343152	46.25	0.0140	0.0110	-0.9500	5.79	NULL	NULL	0
1333	4	2	1	170803	084931.20	108.53725790	34.22343319	46.25	-0.0690	0.0010	-1.0160	5.79	NULL	NULL	0
1334	4	2	1	170803	084931.30	108.53726606	34.22343530	46.25	0.0390	-0.1180	-1.0030	6.35	NULL	NULL	0
1335	4	2	1	170803	084931.40	108.53727422	34.22343806	46.25	0.0940	-0.1080	-0.9900	6.35	NULL	NULL	0
1336	4	2	1	170803	084931.50	108.53728243	34.22344022	46.25	-0.0100	-0.0020	-1.0690	6.35	NULL	NULL	0
1337	4	2	1	170803	084931.60	108.53728947	34.22344451	46.25	0.1640	-0.0010	-0.8550	7.05	NULL	NULL	0
1338	4	2	1	170803	084931.70	108.53729773	34.22344672	46.25	0.0850	-0.0030	-0.8460	7.05	NULL	NULL	0
1339	4	2	1	170803	084931.80	108.53730628	34.22344791	46.25	0.0140	0.0210	-1.0170	7.05	NULL	NULL	0
1340	4	2	1	170803	084931.90	108.53731464	34.22345005	48.10	0.1780	-0.0550	-1.0310	7.05	NULL	NULL	0
1341	4	2	1	170803	084932.00	108.53732211	34.22345225	48.10	0.0260	0.0380	-1.0620	7.45	NULL	NULL	0
1342	4	2	1	170803	084932.10	108.53733052	34.22345445	48.10	-0.0230	-0.0660	-1.0050	7.45	NULL	NULL	0
1343	4	2	1	170803	084932.20	108.53733987	34.22345435	48.10	0.0440	0.0370	-0.9490	7.87	NULL	NULL	0
1344	4	2	1	170803	084932.30	108.53734834	34.22345651	48.10	0.0330	0.0500	-1.0170	7.87	NULL	NULL	0
1345	4	2	1	170803	084932.40	108.53735720	34.22345826	48.10	-0.0510	-0.0160	-1.0080	7.87	NULL	NULL	0
1346	4	2	1	170803	084932.50	108.53736566	34.22346048	48.10	0.0250	0.0340	-0.9790	7.87	NULL	NULL	0
1347	4	2	1	170803	084932.60	108.53737412	34.22346269	48.10	0.0390	-0.0030	-1.0220	5.13	NULL	NULL	0
1348	4	2	1	170803	084932.70	108.53738259	34.22346485	48.10	-0.0220	-0.0060	-0.9520	5.13	NULL	NULL	0
1349	4	2	1	170803	084932.80	108.53739085	34.22346713	48.10	-0.0250	-0.0290	-0.9680	5.13	NULL	NULL	0
1350	4	2	1	170803	084932.90	108.53739926	34.22346933	48.10	0.0510	0.0650	-1.0310	4.57	NULL	NULL	0
1351	4	2	1	170803	084933.00	108.53740808	34.22347104	48.10	0.0720	0.0490	-0.9380	4.57	NULL	NULL	0
1352	4	2	1	170803	084933.10	108.53741645	34.22347325	48.10	-0.0790	-0.0210	-1.0050	4.57	NULL	NULL	0
1353	4	2	1	170803	084933.20	108.53742398	34.22347592	48.10	-0.1480	0.0450	-0.9400	3.32	NULL	NULL	0
1354	4	2	1	170803	084933.30	108.53743242	34.22347802	48.10	-0.0750	-0.0470	-0.9730	3.32	NULL	NULL	0
1355	4	2	1	170803	084933.40	108.53744072	34.22348018	48.10	-0.0870	0.0320	-1.0740	3.32	NULL	NULL	0
1356	4	2	1	170803	084933.50	108.53744905	34.22348230	46.25	0.0580	0.0050	-0.9690	2.67	NULL	NULL	0
1357	4	2	1	170803	084933.60	108.53745727	34.22348416	46.25	-0.0240	-0.0270	-0.9900	2.67	NULL	NULL	0
1358	4	2	1	170803	084933.70	108.53746554	34.22348624	46.25	-0.0350	-0.0570	-0.9470	2.67	NULL	NULL	0
1359	4	2	1	170803	084933.80	108.53747413	34.22348795	46.25	-0.0790	-0.0560	-1.0350	2.51	NULL	NULL	0
1360	4	2	1	170803	084933.90	108.53748236	34.22349010	46.25	-0.0160	0.0070	-1.0200	2.51	NULL	NULL	0
1361	4	2	1	170803	084934.00	108.53749064	34.22349204	46.25	-0.0680	-0.0070	-0.9910	2.51	NULL	NULL	0
1362	4	2	1	170803	084934.10	108.53749883	34.22349411	46.25	-0.0290	-0.0270	-1.0040	2.18	NULL	NULL	0
1363	4	2	1	170803	084934.20	108.53750701	34.22349608	46.25	-0.1580	0.0440	-1.0500	2.18	NULL	NULL	0
1364	4	2	1	170803	084934.30	108.53751512	34.22349813	46.25	-0.1430	0.0340	-1.0470	2.18	NULL	NULL	0
1365	4	2	1	170803	084934.40	108.53752296	34.22350019	46.25	-0.0260	-0.0710	-1.0160	2.02	NULL	NULL	0
1366	4	2	1	170803	084934.50	108.53753102	34.22350228	46.25	-0.0310	-0.0080	-0.9470	2.02	NULL	NULL	0
1367	4	2	1	170803	084934.60	108.53753908	34.22350460	44.40	-0.0930	0.0190	-1.0100	2.02	NULL	NULL	0
1368	4	2	1	170803	084934.70	108.53754704	34.22350664	44.40	-0.0380	-0.0330	-0.9980	2.07	NULL	NULL	0
1369	4	2	1	170803	084934.80	108.53755445	34.22350974	44.40	0.0300	0.0030	-1.0520	2.07	NULL	NULL	0
1370	4	2	1	170803	084934.90	108.53756246	34.22351179	44.40	0.0090	-0.0290	-0.9300	2.07	NULL	NULL	0
1371	4	2	1	170803	084935.00	108.53756973	34.22351482	44.40	0.0130	0.0000	-0.9760	1.90	NULL	NULL	0
1372	4	2	1	170803	084935.10	108.53757764	34.22351688	44.40	-0.1180	-0.0210	-1.0270	1.90	NULL	NULL	0
1373	4	2	1	170803	084935.20	108.53758571	34.22351900	44.40	-0.0380	-0.0600	-0.8910	1.90	NULL	NULL	0
1374	4	2	1	170803	084935.30	108.53759359	34.22352106	44.40	0.0100	-0.0870	-0.9430	2.12	NULL	NULL	0
1375	4	2	1	170803	084935.40	108.53760155	34.22352311	44.40	0.0600	-0.1030	-1.0600	2.12	NULL	NULL	0
1376	4	2	1	170803	084935.50	108.53760945	34.22352517	44.40	0.0900	-0.0550	-0.9220	2.12	NULL	NULL	0
1377	4	2	1	170803	084935.60	108.53761898	34.22352498	44.40	-0.0050	-0.0510	-0.9700	2.36	NULL	NULL	0
1378	4	2	1	170803	084935.70	108.53762688	34.22352708	44.40	-0.0260	-0.0560	-1.0140	2.36	NULL	NULL	0
1379	4	2	1	170803	084935.80	108.53763484	34.22352916	44.40	0.0270	-0.0190	-1.0220	2.36	NULL	NULL	0
1380	4	2	1	170803	084935.90	108.53764280	34.22353129	44.40	0.0200	-0.0680	-1.0390	2.36	NULL	NULL	0
1381	4	2	1	170803	084936.00	108.53765112	34.22353295	46.25	0.1150	-0.0330	-1.0070	3.36	NULL	NULL	0
1382	4	2	1	170803	084936.10	108.53765909	34.22353507	44.40	0.0750	-0.0060	-0.9370	3.36	NULL	NULL	0
1383	4	2	1	170803	084936.20	108.53766719	34.22353728	46.25	0.1240	0.0440	-1.0250	5.08	NULL	NULL	0
1384	4	2	1	170803	084936.30	108.53767528	34.22353937	46.25	0.1440	0.0190	-0.9710	5.08	NULL	NULL	0
1385	4	2	1	170803	084936.40	108.53768345	34.22354144	46.25	0.0300	0.0030	-0.9490	5.08	NULL	NULL	0
1386	4	2	1	170803	084936.50	108.53769159	34.22354354	46.25	-0.0020	-0.0460	-0.8640	5.08	NULL	NULL	0
1387	4	2	1	170803	084936.60	108.53769976	34.22354567	46.25	0.0490	0.0560	-1.0410	6.17	NULL	NULL	0
1388	4	2	1	170803	084936.70	108.53770793	34.22354781	46.25	0.0450	0.0940	-1.0270	6.17	NULL	NULL	0
1389	4	2	1	170803	084936.80	108.53771615	34.22354994	46.25	0.1150	-0.0670	-0.9860	6.17	NULL	NULL	0
1390	4	2	1	170803	084936.90	108.53772443	34.22355210	46.25	0.0680	-0.0120	-1.0540	5.80	NULL	NULL	0
1391	4	2	1	170803	084937.00	108.53773282	34.22355412	46.25	0.1080	-0.0570	-0.9870	5.80	NULL	NULL	0
1392	4	2	1	170803	084937.10	108.53774109	34.22355636	46.25	0.1340	-0.1160	-0.9760	5.80	NULL	NULL	0
1393	4	2	1	170803	084937.20	108.53774945	34.22355850	48.10	0.0650	-0.0350	-1.0460	5.93	NULL	NULL	0
1394	4	2	1	170803	084937.30	108.53775784	34.22356071	48.10	0.0490	-0.0000	-0.9850	5.93	NULL	NULL	0
1395	4	2	1	170803	084937.40	108.53776625	34.22356285	48.10	0.0280	-0.0540	-1.0500	5.93	NULL	NULL	0
1396	4	2	1	170803	084937.50	108.53777472	34.22356502	48.10	0.0330	-0.0240	-0.9690	6.33	NULL	NULL	0
1397	4	2	1	170803	084937.60	108.53778357	34.22356700	48.10	0.0110	-0.0080	-1.0240	6.33	NULL	NULL	0
1398	4	2	1	170803	084937.70	108.53779196	34.22356925	48.10	0.0300	-0.0470	-0.9920	6.33	NULL	NULL	0
1399	4	2	1	170803	084937.80	108.53780054	34.22357138	48.10	0.0260	-0.0310	-0.9700	5.92	NULL	NULL	0
1400	4	2	1	170803	084937.90	108.53780903	34.22357354	48.10	0.0480	0.0130	-1.0170	5.92	NULL	NULL	0
1401	4	2	1	170803	084938.00	108.53781751	34.22357568	48.10	0.0060	-0.0390	-0.9630	5.92	NULL	NULL	0
1402	4	2	1	170803	084938.10	108.53782598	34.22357788	48.10	0.0200	0.0020	-1.0160	4.72	NULL	NULL	0
1403	4	2	1	170803	084938.20	108.53783416	34.22357993	48.10	-0.0000	-0.0140	-0.9460	4.72	NULL	NULL	0
1404	4	2	1	170803	084938.30	108.53784267	34.22358212	48.10	-0.0650	-0.0400	-1.0010	4.72	NULL	NULL	0
1405	4	2	1	170803	084938.40	108.53785100	34.22358424	48.10	0.0060	-0.0430	-1.0100	3.63	NULL	NULL	0
1406	4	2	1	170803	084938.50	108.53785947	34.22358628	48.10	0.0070	-0.0450	-0.9520	3.63	NULL	NULL	0
1407	4	2	1	170803	084938.60	108.53786806	34.22358880	48.10	0.0100	-0.0020	-0.9860	3.63	NULL	NULL	0
1408	4	2	1	170803	084938.70	108.53787646	34.22359097	48.10	0.0100	-0.0200	-1.0250	2.81	NULL	NULL	0
1409	4	2	1	170803	084938.80	108.53788593	34.22359490	48.10	0.0750	-0.0480	-1.0110	2.81	NULL	NULL	0
1410	4	2	1	170803	084938.90	108.53789436	34.22359705	48.10	0.0090	0.0100	-1.0080	2.81	NULL	NULL	0
1411	4	2	1	170803	084939.00	108.53790552	34.22359693	48.10	0.0510	0.0390	-0.9010	2.51	NULL	NULL	0
1412	4	2	1	170803	084939.10	108.53791393	34.22359906	48.10	-0.0520	0.0440	-0.9670	2.51	NULL	NULL	0
1413	4	2	1	170803	084939.20	108.53792064	34.22360317	48.10	-0.0340	0.0370	-0.9840	2.51	NULL	NULL	0
1414	4	2	1	170803	084939.30	108.53792900	34.22360531	48.10	-0.0040	0.0210	-0.9940	2.28	NULL	NULL	0
1415	4	2	1	170803	084939.40	108.53793851	34.22360721	48.10	-0.0330	0.0200	-1.0890	2.28	NULL	NULL	0
1416	4	2	1	170803	084939.50	108.53794686	34.22360935	48.10	-0.0700	-0.0130	-1.0410	2.28	NULL	NULL	0
1417	4	2	1	170803	084939.60	108.53795451	34.22361218	46.25	-0.0350	0.0260	-0.9940	2.06	NULL	NULL	0
1418	4	2	1	170803	084939.70	108.53796281	34.22361431	46.25	-0.0510	-0.0690	-0.9940	2.06	NULL	NULL	0
1419	4	2	1	170803	084939.80	108.53797189	34.22361519	46.25	-0.0060	-0.0210	-0.9570	2.06	NULL	NULL	0
1420	4	2	1	170803	084939.90	108.53798014	34.22361730	46.25	-0.0030	0.0110	-1.0170	2.06	NULL	NULL	0
1421	4	2	1	170803	084940.00	108.53798847	34.22361844	46.25	-0.0620	-0.0130	-1.0120	2.20	NULL	NULL	0
1422	4	2	1	170803	084940.10	108.53799675	34.22362050	46.25	-0.0120	-0.0410	-0.9850	2.20	NULL	NULL	0
1423	4	2	1	170803	084940.20	108.53800177	34.22362651	46.25	-0.1070	-0.0080	-1.1020	2.11	NULL	NULL	0
1424	4	2	1	170803	084940.30	108.53800999	34.22362853	46.25	-0.0490	0.0030	-1.0030	2.11	NULL	NULL	0
1425	4	2	1	170803	084940.40	108.53801781	34.22362928	46.25	-0.0440	-0.0070	-1.0200	2.11	NULL	NULL	0
1426	4	2	1	170803	084940.50	108.53802601	34.22363135	46.25	-0.0450	-0.0380	-0.9980	2.11	NULL	NULL	0
1427	4	2	1	170803	084940.60	108.53803528	34.22363008	46.25	-0.0060	-0.0340	-0.9850	1.95	NULL	NULL	0
1428	4	2	1	170803	084940.70	108.53804340	34.22363214	46.25	-0.0240	-0.0310	-0.9460	1.95	NULL	NULL	0
1429	4	2	1	170803	084940.80	108.53805135	34.22363601	46.25	-0.0320	-0.0620	-1.0590	1.95	NULL	NULL	0
1430	4	2	1	170803	084940.90	108.53805944	34.22363811	46.25	0.0120	-0.0110	-1.0370	2.01	NULL	NULL	0
1431	4	2	1	170803	084941.00	108.53806549	34.22364178	46.25	-0.0470	-0.0270	-0.9770	2.01	NULL	NULL	0
1432	4	2	1	170803	084941.10	108.53807360	34.22364385	46.25	-0.0420	0.0150	-1.0050	2.01	NULL	NULL	0
1433	4	2	1	170803	084941.20	108.53808181	34.22364559	46.25	-0.0100	-0.0560	-0.9510	2.08	NULL	NULL	0
1434	4	2	1	170803	084941.30	108.53808979	34.22364765	44.40	-0.0770	-0.0640	-0.9440	2.08	NULL	NULL	0
1435	4	2	1	170803	084941.40	108.53809760	34.22364942	44.40	-0.0060	0.0040	-0.9920	2.08	NULL	NULL	0
1436	4	2	1	170803	084941.50	108.53810554	34.22365149	44.40	-0.1050	0.0100	-1.0240	2.13	NULL	NULL	0
1437	4	2	1	170803	084941.60	108.53811371	34.22365319	44.40	-0.0390	0.0170	-0.9710	2.13	NULL	NULL	0
1438	4	2	1	170803	084941.70	108.53812151	34.22365527	44.40	-0.0220	0.0450	-0.9750	2.13	NULL	NULL	0
1439	4	2	1	170803	084941.80	108.53812935	34.22365788	44.40	-0.0860	-0.0110	-1.0160	0.00	NULL	NULL	0
1440	4	2	1	170803	084941.90	108.53813707	34.22365996	44.40	-0.0150	0.0020	-1.0080	0.00	NULL	NULL	0
1441	4	2	1	170803	084942.00	108.53814462	34.22366157	44.40	-0.0800	-0.0210	-1.0680	0.00	NULL	NULL	0
1442	4	2	1	170803	084942.10	108.53815233	34.22366360	44.40	-0.0380	-0.0120	-1.0690	0.00	NULL	NULL	0
1443	4	2	1	170803	084942.20	108.53815991	34.22366579	42.55	-0.0500	-0.0100	-0.9820	0.00	NULL	NULL	0
1444	4	2	1	170803	084942.30	108.53816754	34.22366785	42.55	-0.0380	0.0040	-0.9830	0.00	NULL	NULL	0
1445	4	2	1	170803	084942.40	108.53817508	34.22366982	42.55	-0.1160	0.0230	-0.9490	0.00	NULL	NULL	0
1446	4	2	1	170803	084942.50	108.53818261	34.22367183	42.55	-0.0390	0.0200	-0.9780	0.00	NULL	NULL	0
1447	4	2	1	170803	084942.60	108.53819007	34.22367387	42.55	0.0120	-0.0250	-0.9370	0.00	NULL	NULL	0
1448	4	2	1	170803	084942.70	108.53819754	34.22367583	42.55	0.0150	-0.0110	-0.9530	0.00	NULL	NULL	0
1449	4	2	1	170803	084942.80	108.53820488	34.22367789	42.55	-0.0980	-0.0160	-1.0600	0.00	NULL	NULL	0
1450	4	2	1	170803	084942.90	108.53821228	34.22367988	42.55	-0.0910	-0.0120	-1.0170	0.00	NULL	NULL	0
1451	4	2	1	170803	084943.00	108.53821974	34.22368183	42.55	-0.0010	-0.0410	-0.9560	0.00	NULL	NULL	0
1452	4	2	1	170803	084943.10	108.53822707	34.22368379	40.70	-0.0760	0.0190	-0.9630	0.00	NULL	NULL	0
1453	4	2	1	170803	084943.20	108.53823388	34.22368641	40.70	-0.0070	-0.0190	-0.9720	0.00	NULL	NULL	0
1454	4	2	1	170803	084943.30	108.53824120	34.22368833	40.70	-0.0220	0.0130	-0.9900	0.00	NULL	NULL	0
1455	4	2	1	170803	084943.40	108.53824892	34.22368963	40.70	0.0560	0.0040	-1.0060	0.00	NULL	NULL	0
1456	4	2	1	170803	084943.50	108.53825617	34.22369155	40.70	0.0050	-0.0230	-1.0000	0.00	NULL	NULL	0
1457	4	2	1	170803	084943.60	108.53826200	34.22369488	40.70	-0.0740	0.0740	-0.9880	0.00	NULL	NULL	0
1458	4	2	1	170803	084943.70	108.53826926	34.22369679	40.70	0.0220	-0.1330	-1.0190	0.00	NULL	NULL	0
1459	4	2	1	170803	084943.80	108.53827713	34.22369809	40.70	0.1020	0.0110	-0.9880	0.00	NULL	NULL	0
1460	4	2	1	170803	084943.90	108.53828439	34.22370000	40.70	0.0200	0.0070	-1.0020	0.00	NULL	NULL	0
1461	4	2	1	170803	084944.00	108.53829135	34.22370229	40.70	-0.0580	0.0530	-1.0580	2.31	NULL	NULL	0
1462	4	2	1	170803	084944.10	108.53829866	34.22370423	40.70	0.0520	-0.0020	-0.9730	2.31	NULL	NULL	0
1463	4	2	1	170803	084944.20	108.53830696	34.22370508	40.70	0.0430	-0.0260	-0.9960	3.08	NULL	NULL	0
1464	4	2	1	170803	084944.30	108.53831432	34.22370701	40.70	0.0820	-0.0020	-0.9970	3.08	NULL	NULL	0
1465	4	2	1	170803	084944.40	108.53832175	34.22370892	42.55	0.0810	-0.0370	-1.0340	3.08	NULL	NULL	0
1466	4	2	1	170803	084944.50	108.53832913	34.22371091	42.55	0.0970	-0.0870	-1.0690	3.08	NULL	NULL	0
1467	4	2	1	170803	084944.60	108.53833663	34.22371283	42.55	0.0440	-0.0640	-1.0510	4.92	NULL	NULL	0
1468	4	2	1	170803	084944.70	108.53834410	34.22371489	42.55	0.0240	-0.0220	-1.0130	4.92	NULL	NULL	0
1469	4	2	1	170803	084944.80	108.53835167	34.22371699	42.55	0.0520	-0.0430	-0.9820	4.92	NULL	NULL	0
1470	4	2	1	170803	084944.90	108.53835921	34.22371905	42.55	-0.0040	0.0220	-1.0020	5.97	NULL	NULL	0
1471	4	2	1	170803	084945.00	108.53836683	34.22372107	42.55	0.0480	-0.0390	-1.0260	5.97	NULL	NULL	0
1472	4	2	1	170803	084945.10	108.53837442	34.22372312	42.55	0.0720	-0.0570	-1.0660	5.97	NULL	NULL	0
1473	4	2	1	170803	084945.20	108.53838207	34.22372516	42.55	0.0880	0.0740	-1.0500	6.43	NULL	NULL	0
1474	4	2	1	170803	084945.30	108.53838976	34.22372726	44.40	0.0600	-0.0550	-1.0960	6.43	NULL	NULL	0
1475	4	2	1	170803	084945.40	108.53839750	34.22372933	44.40	0.0260	-0.0930	-1.0870	6.43	NULL	NULL	0
1476	4	2	1	170803	084945.50	108.53840529	34.22373142	44.40	0.0200	-0.0280	-0.9790	6.68	NULL	NULL	0
1477	4	2	1	170803	084945.60	108.53841310	34.22373349	44.40	0.0820	0.0470	-0.9160	6.68	NULL	NULL	0
1478	4	2	1	170803	084945.70	108.53842094	34.22373562	44.40	0.1180	-0.0380	-0.9050	6.68	NULL	NULL	0
1479	4	2	1	170803	084945.80	108.53842898	34.22373775	44.40	0.1020	0.0900	-1.0260	6.37	NULL	NULL	0
1480	4	2	1	170803	084945.90	108.53843689	34.22373988	44.40	-0.0370	0.0310	-1.1060	6.37	NULL	NULL	0
1481	4	2	1	170803	084946.00	108.53844463	34.22374196	44.40	0.0700	0.0150	-1.0900	6.37	NULL	NULL	0
1482	4	2	1	170803	084946.10	108.53845260	34.22374412	46.25	0.0590	-0.0400	-1.1210	7.14	NULL	NULL	0
1483	4	2	1	170803	084946.20	108.53846076	34.22374621	46.25	0.0510	-0.0800	-0.9030	7.14	NULL	NULL	0
1484	4	2	1	170803	084946.30	108.53846879	34.22374838	46.25	0.1140	-0.0290	-0.9890	7.14	NULL	NULL	0
1485	4	2	1	170803	084946.40	108.53847692	34.22375051	46.25	0.0910	-0.0880	-1.0160	8.04	NULL	NULL	0
1486	4	2	1	170803	084946.50	108.53848503	34.22375269	46.25	0.0730	0.0090	-0.9620	8.04	NULL	NULL	0
1487	4	2	1	170803	084946.60	108.53849316	34.22375488	46.25	0.0330	-0.0510	-0.9780	8.04	NULL	NULL	0
1488	4	2	1	170803	084946.70	108.53850129	34.22375708	46.25	-0.0250	-0.0120	-0.9420	5.64	NULL	NULL	0
1489	4	2	1	170803	084946.80	108.53850941	34.22375926	46.25	0.0170	-0.0080	-0.9950	5.64	NULL	NULL	0
1490	4	2	1	170803	084946.90	108.53851759	34.22376147	46.25	0.0390	-0.0510	-1.0120	5.64	NULL	NULL	0
1491	4	2	1	170803	084947.00	108.53852580	34.22376370	46.25	0.0340	-0.0070	-0.9990	5.87	NULL	NULL	0
1492	4	2	1	170803	084947.10	108.53853399	34.22376595	46.25	0.0990	-0.0120	-0.9810	5.87	NULL	NULL	0
1493	4	2	1	170803	084947.20	108.53854226	34.22376818	46.25	-0.0270	-0.0380	-1.0020	5.87	NULL	NULL	0
1494	4	2	1	170803	084947.30	108.53855044	34.22377047	46.25	-0.0360	0.0000	-1.0310	4.54	NULL	NULL	0
1495	4	2	1	170803	084947.40	108.53855872	34.22377265	46.25	0.0230	-0.0740	-1.0260	4.54	NULL	NULL	0
1496	4	2	1	170803	084947.50	108.53856692	34.22377491	46.25	0.0790	-0.0910	-0.9810	4.54	NULL	NULL	0
1497	4	2	1	170803	084947.60	108.53857518	34.22377719	46.25	-0.0210	-0.0640	-0.9880	4.34	NULL	NULL	0
1498	4	2	1	170803	084947.70	108.53858337	34.22377953	46.25	-0.0640	-0.0760	-1.0180	4.34	NULL	NULL	0
1499	4	2	1	170803	084947.80	108.53859157	34.22378191	46.25	-0.0560	-0.0120	-0.9450	4.34	NULL	NULL	0
1500	4	2	1	170803	084947.90	108.53859969	34.22378422	46.25	0.0380	0.0530	-0.9790	4.34	NULL	NULL	0
1501	4	2	1	170803	084948.00	108.53860785	34.22378658	46.25	-0.0940	0.0050	-1.0250	3.18	NULL	NULL	0
1502	4	2	1	170803	084948.10	108.53861594	34.22378886	46.25	0.0330	0.0640	-1.0380	3.18	NULL	NULL	0
1503	4	2	1	170803	084948.20	108.53862261	34.22379304	46.25	0.0470	0.0160	-1.0470	2.67	NULL	NULL	0
1504	4	2	1	170803	084948.30	108.53863067	34.22379527	46.25	-0.2200	0.0020	-0.9410	2.67	NULL	NULL	0
1505	4	2	1	170803	084948.40	108.53863991	34.22379590	46.25	-0.2090	-0.0130	-1.0030	2.67	NULL	NULL	0
1506	4	2	1	170803	084948.50	108.53864791	34.22379811	46.25	-0.0760	-0.0340	-0.9620	2.67	NULL	NULL	0
1507	4	2	1	170803	084948.60	108.53865598	34.22380017	44.40	0.0160	0.0310	-1.0310	2.60	NULL	NULL	0
1508	4	2	1	170803	084948.70	108.53866389	34.22380235	44.40	0.0150	-0.0130	-1.0170	2.60	NULL	NULL	0
1509	4	2	1	170803	084948.80	108.53867017	34.22380672	44.40	-0.0360	0.0460	-1.0390	2.60	NULL	NULL	0
1510	4	2	1	170803	084948.90	108.53867801	34.22380892	44.40	-0.0120	-0.0080	-0.9430	2.29	NULL	NULL	0
1511	4	2	1	170803	084949.00	108.53868584	34.22381104	44.40	0.0210	-0.0400	-0.9020	2.29	NULL	NULL	0
1512	4	2	1	170803	084949.10	108.53869353	34.22381322	44.40	-0.0300	-0.0370	-1.0190	2.29	NULL	NULL	0
1513	4	2	1	170803	084949.20	108.53870127	34.22381536	44.40	-0.0380	-0.0190	-1.0410	2.16	NULL	NULL	0
1514	4	2	1	170803	084949.30	108.53870896	34.22381751	44.40	-0.0670	0.0220	-1.1000	2.16	NULL	NULL	0
1515	4	2	1	170803	084949.40	108.53871666	34.22381963	44.40	-0.0530	0.0680	-1.0430	2.16	NULL	NULL	0
1516	4	2	1	170803	084949.50	108.53872430	34.22382180	44.40	0.0030	-0.0590	-0.9550	2.08	NULL	NULL	0
1517	4	2	1	170803	084949.60	108.53873192	34.22382394	42.55	-0.0770	0.0300	-0.9810	2.08	NULL	NULL	0
1518	4	2	1	170803	084949.70	108.53873947	34.22382612	42.55	0.0240	-0.0250	-0.9940	2.08	NULL	NULL	0
1519	4	2	1	170803	084949.80	108.53874706	34.22382828	42.55	0.0420	-0.0210	-0.9810	1.91	NULL	NULL	0
1520	4	2	1	170803	084949.90	108.53875457	34.22383052	42.55	0.0450	-0.0780	-0.9560	1.91	NULL	NULL	0
1521	4	2	1	170803	084950.00	108.53876216	34.22383269	42.55	0.0910	-0.0670	-1.0350	1.91	NULL	NULL	0
1522	4	2	1	170803	084950.10	108.53876974	34.22383494	42.55	-0.0470	-0.0700	-0.9630	2.07	NULL	NULL	0
1523	4	2	1	170803	084950.20	108.53877730	34.22383720	42.55	0.0080	-0.0880	-1.0030	2.07	NULL	NULL	0
1524	4	2	1	170803	084950.30	108.53878487	34.22383948	42.55	0.0350	-0.0210	-1.0190	2.07	NULL	NULL	0
1525	4	2	1	170803	084950.40	108.53879251	34.22384174	44.40	0.1290	0.0000	-0.9910	2.56	NULL	NULL	0
1526	4	2	1	170803	084950.50	108.53880016	34.22384404	44.40	0.1180	0.0310	-0.9330	2.56	NULL	NULL	0
1527	4	2	1	170803	084950.60	108.53880787	34.22384629	44.40	0.0640	-0.0350	-1.0330	2.56	NULL	NULL	0
1528	4	2	1	170803	084950.70	108.53881566	34.22384852	44.40	0.0450	0.0520	-1.0250	6.18	NULL	NULL	0
1529	4	2	1	170803	084950.80	108.53882304	34.22385074	44.40	0.0640	-0.0210	-0.8980	6.18	NULL	NULL	0
1530	4	2	1	170803	084950.90	108.53883082	34.22385304	44.40	0.0720	0.0300	-0.9830	6.18	NULL	NULL	0
1531	4	2	1	170803	084951.00	108.53883866	34.22385526	44.40	0.0300	0.0020	-0.9940	6.49	NULL	NULL	0
1532	4	2	1	170803	084951.10	108.53884657	34.22385757	44.40	0.1150	-0.0160	-1.0030	6.49	NULL	NULL	0
1533	4	2	1	170803	084951.20	108.53885430	34.22385976	46.25	0.0260	0.0620	-1.0250	6.49	NULL	NULL	0
1534	4	2	1	170803	084951.30	108.53886228	34.22386208	46.25	0.0580	0.0570	-1.0170	6.76	NULL	NULL	0
1535	4	2	1	170803	084951.40	108.53887033	34.22386438	46.25	0.0790	-0.0350	-1.0120	6.76	NULL	NULL	0
1536	4	2	1	170803	084951.50	108.53887839	34.22386671	46.25	0.0320	0.0120	-0.9360	6.76	NULL	NULL	0
1537	4	2	1	170803	084951.60	108.53888647	34.22386903	46.25	0.0750	-0.0430	-1.0010	6.80	NULL	NULL	0
1538	4	2	1	170803	084951.70	108.53889461	34.22387137	46.25	0.0660	0.0210	-0.9920	6.80	NULL	NULL	0
1539	4	2	1	170803	084951.80	108.53890276	34.22387371	46.25	0.0540	0.0530	-0.9990	6.80	NULL	NULL	0
1540	4	2	1	170803	084951.90	108.53891092	34.22387607	46.25	0.0530	0.0400	-1.0040	6.80	NULL	NULL	0
1541	4	2	1	170803	084952.00	108.53891914	34.22387839	46.25	0.0650	-0.0350	-0.9870	6.71	NULL	NULL	0
1542	4	2	1	170803	084952.10	108.53892731	34.22388074	46.25	-0.0120	0.0110	-0.9790	6.71	NULL	NULL	0
1543	4	2	1	170803	084952.20	108.53893547	34.22388311	46.25	-0.0070	0.0720	-1.0550	4.83	NULL	NULL	0
1544	4	2	1	170803	084952.30	108.53894371	34.22388549	46.25	0.0270	-0.0040	-1.0290	4.83	NULL	NULL	0
1545	4	2	1	170803	084952.40	108.53895305	34.22388657	46.25	0.0090	-0.0800	-1.0640	4.83	NULL	NULL	0
1546	4	2	1	170803	084952.50	108.53896125	34.22388897	46.25	-0.0070	0.0420	-1.0200	4.83	NULL	NULL	0
1547	4	2	1	170803	084952.60	108.53897002	34.22389073	46.25	0.0040	-0.0350	-0.9560	4.64	NULL	NULL	0
1548	4	2	1	170803	084952.70	108.53897826	34.22389309	46.25	0.0130	-0.0290	-0.9180	4.64	NULL	NULL	0
1549	4	2	1	170803	084952.80	108.53898647	34.22389542	46.25	-0.0020	0.0150	-0.9980	4.64	NULL	NULL	0
1550	4	2	1	170803	084952.90	108.53899466	34.22389777	46.25	-0.0840	0.0710	-0.9990	3.63	NULL	NULL	0
1551	4	2	1	170803	084953.00	108.53900279	34.22390008	46.25	-0.0270	-0.0460	-0.9870	3.63	NULL	NULL	0
1552	4	2	1	170803	084953.10	108.53901092	34.22390241	46.25	0.0280	0.0370	-1.0740	3.63	NULL	NULL	0
1553	4	2	1	170803	084953.20	108.53901904	34.22390472	46.25	0.0010	0.0010	-1.0150	2.82	NULL	NULL	0
1554	4	2	1	170803	084953.30	108.53902716	34.22390705	46.25	-0.0570	-0.0650	-1.0600	2.82	NULL	NULL	0
1555	4	2	1	170803	084953.40	108.53903530	34.22390937	46.25	-0.0930	-0.0470	-1.0100	2.82	NULL	NULL	0
1556	4	2	1	170803	084953.50	108.53904335	34.22391171	46.25	-0.1430	-0.0380	-0.9620	2.35	NULL	NULL	0
1557	4	2	1	170803	084953.60	108.53905136	34.22391401	46.25	-0.0660	-0.0500	-1.0120	2.35	NULL	NULL	0
1558	4	2	1	170803	084953.70	108.53905933	34.22391631	46.25	-0.1000	0.0480	-1.0130	2.35	NULL	NULL	0
1559	4	2	1	170803	084953.80	108.53906728	34.22391861	46.25	-0.0620	0.0470	-1.0020	2.30	NULL	NULL	0
1560	4	2	1	170803	084953.90	108.53907520	34.22392091	46.25	-0.0170	0.0210	-1.0260	2.30	NULL	NULL	0
1561	4	2	1	170803	084954.00	108.53908310	34.22392320	44.40	0.0270	-0.0240	-0.9570	2.30	NULL	NULL	0
1562	4	2	1	170803	084954.10	108.53909103	34.22392550	46.25	-0.0550	-0.0340	-1.0270	1.92	NULL	NULL	0
1563	4	2	1	170803	084954.20	108.53909893	34.22392778	44.40	-0.1050	-0.0270	-1.0280	1.92	NULL	NULL	0
1564	4	2	1	170803	084954.30	108.53910679	34.22393006	44.40	-0.0830	-0.0340	-0.9150	1.92	NULL	NULL	0
1565	4	2	1	170803	084954.40	108.53911459	34.22393233	44.40	-0.1100	0.0040	-1.0060	2.06	NULL	NULL	0
1566	4	2	1	170803	084954.50	108.53912237	34.22393466	44.40	-0.0250	-0.0400	-1.0260	2.06	NULL	NULL	0
1567	4	2	1	170803	084954.60	108.53913021	34.22393689	44.40	0.0560	-0.1000	-1.0340	2.06	NULL	NULL	0
1568	4	2	1	170803	084954.70	108.53913803	34.22393920	44.40	0.2410	0.0120	-0.9360	2.09	NULL	NULL	0
1569	4	2	1	170803	084954.80	108.53914589	34.22394145	44.40	0.1650	-0.0420	-1.0250	2.09	NULL	NULL	0
1570	4	2	1	170803	084954.90	108.53915373	34.22394381	44.40	-0.0130	0.0120	-0.9870	2.09	NULL	NULL	0
1571	4	2	1	170803	084955.00	108.53916160	34.22394612	44.40	0.1440	-0.0080	-0.9900	2.16	NULL	NULL	0
1572	4	2	1	170803	084955.10	108.53916947	34.22394849	44.40	-0.0060	-0.0880	-1.0020	2.16	NULL	NULL	0
1573	4	2	1	170803	084955.20	108.53917741	34.22395093	46.25	0.0480	-0.0590	-1.0710	2.16	NULL	NULL	0
1574	4	2	1	170803	084955.30	108.53918536	34.22395332	46.25	0.0750	-0.1230	-0.9680	4.29	NULL	NULL	0
1575	4	2	1	170803	084955.40	108.53919334	34.22395575	46.25	0.0780	-0.0710	-0.9070	4.29	NULL	NULL	0
1576	4	2	1	170803	084955.50	108.53920137	34.22395817	46.25	0.1420	-0.0890	-0.9980	4.29	NULL	NULL	0
1577	4	2	1	170803	084955.60	108.53920937	34.22396067	46.25	0.1330	0.0090	-1.0660	6.80	NULL	NULL	0
1578	4	2	1	170803	084955.70	108.53921738	34.22396316	46.25	0.0390	0.0120	-1.0960	6.80	NULL	NULL	0
1579	4	2	1	170803	084955.80	108.53922549	34.22396568	46.25	0.0780	-0.0200	-1.0150	6.80	NULL	NULL	0
1580	4	2	1	170803	084955.90	108.53923359	34.22396819	46.25	0.0620	0.0140	-0.9280	6.80	NULL	NULL	0
1581	4	2	1	170803	084956.00	108.53924165	34.22397068	46.25	0.0690	-0.0780	-0.9440	6.27	NULL	NULL	0
1582	4	2	1	170803	084956.10	108.53924977	34.22397310	46.25	0.0920	-0.0100	-1.0750	6.27	NULL	NULL	0
1583	4	2	1	170803	084956.20	108.53925791	34.22397560	46.25	0.0680	-0.0060	-1.0990	5.42	NULL	NULL	0
1584	4	2	1	170803	084956.30	108.53926610	34.22397812	48.10	0.0190	-0.0310	-0.9860	5.42	NULL	NULL	0
1585	4	2	1	170803	084956.40	108.53927429	34.22398062	48.10	-0.0350	-0.0170	-0.9790	5.42	NULL	NULL	0
1586	4	2	1	170803	084956.50	108.53928247	34.22398307	46.25	-0.0010	-0.0170	-0.9070	5.42	NULL	NULL	0
1587	4	2	1	170803	084956.60	108.53929059	34.22398554	46.25	-0.0610	0.0250	-1.0670	4.49	NULL	NULL	0
1588	4	2	1	170803	084956.70	108.53929876	34.22398799	46.25	0.0310	-0.0970	-0.9770	4.49	NULL	NULL	0
1589	4	2	1	170803	084956.80	108.53930692	34.22399047	46.25	-0.0620	-0.0460	-1.0660	4.49	NULL	NULL	0
1590	4	2	1	170803	084956.90	108.53931509	34.22399293	46.25	0.0760	-0.0040	-1.0320	4.00	NULL	NULL	0
1591	4	2	1	170803	084957.00	108.53932324	34.22399541	46.25	-0.0450	0.0120	-1.0100	4.00	NULL	NULL	0
1592	4	2	1	170803	084957.10	108.53933137	34.22399785	46.25	-0.1040	0.0150	-1.0830	4.00	NULL	NULL	0
1593	4	2	1	170803	084957.20	108.53933959	34.22400033	46.25	0.0040	0.0170	-0.9290	2.69	NULL	NULL	0
1594	4	2	1	170803	084957.30	108.53934770	34.22400278	46.25	0.0370	-0.0540	-0.9970	2.69	NULL	NULL	0
1595	4	2	1	170803	084957.40	108.53935603	34.22400520	46.25	0.0190	-0.0490	-1.0210	2.69	NULL	NULL	0
1596	4	2	1	170803	084957.50	108.53936408	34.22400766	46.25	0.0190	0.0020	-1.0000	2.46	NULL	NULL	0
1597	4	2	1	170803	084957.60	108.53937222	34.22401011	46.25	0.0180	0.0100	-1.0050	2.46	NULL	NULL	0
1598	4	2	1	170803	084957.70	108.53938023	34.22401256	46.25	-0.0530	-0.0300	-1.0560	2.46	NULL	NULL	0
1599	4	2	1	170803	084957.80	108.53938832	34.22401496	46.25	-0.0600	-0.0440	-0.9550	2.33	NULL	NULL	0
1600	4	2	1	170803	084957.90	108.53939626	34.22401740	46.25	-0.0990	0.0030	-1.0040	2.33	NULL	NULL	0
1601	4	2	1	170803	084958.00	108.53940420	34.22401981	46.25	-0.0420	-0.1090	-1.0010	2.33	NULL	NULL	0
1602	4	2	1	170803	084958.10	108.53941208	34.22402228	46.25	-0.1250	0.0180	-1.0420	2.08	NULL	NULL	0
1603	4	2	1	170803	084958.20	108.53941991	34.22402474	44.40	-0.0100	-0.0460	-0.9970	2.08	NULL	NULL	0
1604	4	2	1	170803	084958.30	108.53942773	34.22402718	44.40	-0.0360	-0.0240	-0.9760	2.08	NULL	NULL	0
1605	4	2	1	170803	084958.40	108.53943552	34.22402964	44.40	-0.0130	-0.0720	-1.0750	2.12	NULL	NULL	0
1606	4	2	1	170803	084958.50	108.53944330	34.22403209	44.40	-0.0250	-0.0140	-1.0660	2.12	NULL	NULL	0
1607	4	2	1	170803	084958.60	108.53945103	34.22403454	44.40	0.0040	-0.0680	-0.9730	2.12	NULL	NULL	0
1608	4	2	1	170803	084958.70	108.53945873	34.22403696	44.40	-0.1380	-0.0390	-0.9180	2.12	NULL	NULL	0
1609	4	2	1	170803	084958.80	108.53946637	34.22403941	44.40	-0.0400	-0.0190	-0.9460	2.12	NULL	NULL	0
1610	4	2	1	170803	084958.90	108.53947400	34.22404185	44.40	-0.0650	0.0690	-0.9790	2.12	NULL	NULL	0
1611	4	2	1	170803	084959.00	108.53948157	34.22404426	44.40	-0.0470	-0.0360	-0.9890	0.00	NULL	NULL	0
1612	4	2	1	170803	084959.10	108.53948916	34.22404667	44.40	0.0530	-0.0090	-0.9680	0.00	NULL	NULL	0
1613	4	2	1	170803	084959.20	108.53949668	34.22404910	44.40	0.0840	0.0630	-1.0340	0.00	NULL	NULL	0
1614	4	2	1	170803	084959.30	108.53950420	34.22405153	44.40	-0.0050	-0.0100	-1.0200	0.00	NULL	NULL	0
1615	4	2	1	170803	084959.40	108.53951172	34.22405399	44.40	0.0660	-0.1110	-0.9910	0.00	NULL	NULL	0
1616	4	2	1	170803	084959.50	108.53951926	34.22405644	44.40	0.0200	-0.0240	-1.0400	0.00	NULL	NULL	0
1617	4	2	1	170803	084959.60	108.53952676	34.22405886	44.40	-0.0390	0.0190	-1.0020	0.00	NULL	NULL	0
1618	4	2	1	170803	084959.70	108.53953429	34.22406131	44.40	0.0250	0.0610	-0.9650	0.00	NULL	NULL	0
1619	4	2	1	170803	084959.80	108.53954200	34.22406378	44.40	0.0060	-0.0430	-0.9390	0.00	NULL	NULL	0
1620	4	2	1	170803	084959.90	108.53954955	34.22406618	44.40	0.1690	0.0490	-0.9510	0.00	NULL	NULL	0
1621	4	2	1	170803	085000.00	108.53955704	34.22406867	44.40	0.0100	-0.0140	-1.0250	1.70	NULL	NULL	0
1622	4	2	1	170803	085000.10	108.53956462	34.22407111	44.40	0.1360	-0.0280	-1.0150	1.70	NULL	NULL	0
1623	4	2	1	170803	085000.20	108.53957207	34.22407397	44.40	0.0340	-0.0120	-1.0190	2.53	NULL	NULL	0
1624	4	2	1	170803	085000.30	108.53957974	34.22407642	44.40	0.1420	-0.0080	-0.9980	2.53	NULL	NULL	0
1625	4	2	1	170803	085000.40	108.53958671	34.22407935	44.40	0.0390	-0.0490	-0.9970	2.53	NULL	NULL	0
1626	4	2	1	170803	085000.50	108.53959436	34.22408186	44.40	0.0520	-0.0770	-0.9470	2.53	NULL	NULL	0
1627	4	2	1	170803	085000.60	108.53960219	34.22408422	44.40	-0.0120	-0.0650	-0.9090	4.12	NULL	NULL	0
1628	4	2	1	170803	085000.70	108.53960990	34.22408672	44.40	0.0680	-0.0570	-0.9980	4.12	NULL	NULL	0
1629	4	2	1	170803	085000.80	108.53961828	34.22408863	44.40	0.0270	-0.0280	-1.0550	4.12	NULL	NULL	0
1630	4	2	1	170803	085000.90	108.53962604	34.22409119	44.40	0.0330	-0.0010	-1.0240	4.89	NULL	NULL	0
1631	4	2	1	170803	085001.00	108.53963378	34.22409368	44.40	0.0390	0.0150	-0.9930	4.89	NULL	NULL	0
1632	4	2	1	170803	085001.10	108.53964152	34.22409621	44.40	-0.0560	0.0140	-0.9860	4.89	NULL	NULL	0
1633	4	2	1	170803	085001.20	108.53964871	34.22409952	44.40	-0.0400	-0.0110	-0.9710	3.67	NULL	NULL	0
1634	4	2	1	170803	085001.30	108.53965647	34.22410207	44.40	-0.0420	0.0070	-1.0160	3.67	NULL	NULL	0
1635	4	2	1	170803	085001.40	108.53966474	34.22410379	44.40	-0.0260	-0.0310	-0.9570	3.67	NULL	NULL	0
1636	4	2	1	170803	085001.50	108.53967245	34.22410631	44.40	-0.0190	-0.0090	-0.9720	2.57	NULL	NULL	0
1637	4	2	1	170803	085001.60	108.53967960	34.22410977	44.40	-0.0760	-0.0590	-1.0550	2.57	NULL	NULL	0
1638	4	2	1	170803	085001.70	108.53968734	34.22411227	44.40	-0.0810	-0.0450	-1.0310	2.57	NULL	NULL	0
1639	4	2	1	170803	085001.80	108.53969421	34.22411611	44.40	-0.0270	0.0340	-1.0020	2.09	NULL	NULL	0
1640	4	2	1	170803	085001.90	108.53970196	34.22411864	44.40	-0.0940	0.0070	-1.0020	2.09	NULL	NULL	0
1641	4	2	1	170803	085002.00	108.53970954	34.22412112	44.40	0.0830	-0.0330	-1.0090	2.09	NULL	NULL	0
1642	4	2	1	170803	085002.10	108.53971729	34.22412370	44.40	0.0090	-0.0760	-0.9830	1.88	NULL	NULL	0
1643	4	2	1	170803	085002.20	108.53972498	34.22412599	44.40	0.0560	0.0110	-1.0020	1.88	NULL	NULL	0
1644	4	2	1	170803	085002.30	108.53973272	34.22412855	44.40	-0.0000	-0.0720	-1.0010	1.88	NULL	NULL	0
1645	4	2	1	170803	085002.40	108.53974045	34.22413125	46.25	0.0090	-0.0180	-1.0480	3.28	NULL	NULL	0
1646	4	2	1	170803	085002.50	108.53974828	34.22413387	46.25	0.0190	0.0570	-1.0300	3.28	NULL	NULL	0
1647	4	2	1	170803	085002.60	108.53975601	34.22413653	46.25	-0.0220	0.0420	-1.0190	3.28	NULL	NULL	0
1648	4	2	1	170803	085002.70	108.53976387	34.22413908	46.25	-0.0130	-0.0150	-0.9330	3.85	NULL	NULL	0
1649	4	2	1	170803	085002.80	108.53977167	34.22414156	46.25	0.0290	0.0420	-0.9640	3.85	NULL	NULL	0
1650	4	2	1	170803	085002.90	108.53977948	34.22414414	46.25	-0.0080	-0.0050	-1.0010	3.85	NULL	NULL	0
1651	4	2	1	170803	085003.00	108.53978750	34.22414623	46.25	0.0610	-0.0530	-0.9710	3.52	NULL	NULL	0
1652	4	2	1	170803	085003.10	108.53979530	34.22414880	46.25	0.0200	0.0400	-1.0570	3.52	NULL	NULL	0
1653	4	2	1	170803	085003.20	108.53980330	34.22415104	46.25	0.0070	0.0320	-1.0210	3.52	NULL	NULL	0
1654	4	2	1	170803	085003.30	108.53981115	34.22415365	46.25	-0.0400	0.0330	-0.9560	2.25	NULL	NULL	0
1655	4	2	1	170803	085003.40	108.53981895	34.22415619	46.25	-0.0340	0.0170	-0.9280	2.25	NULL	NULL	0
1656	4	2	1	170803	085003.50	108.53982679	34.22415873	46.25	0.0040	0.0530	-0.9590	2.25	NULL	NULL	0
1657	4	2	1	170803	085003.60	108.53983480	34.22416100	44.40	0.0740	0.0250	-0.9870	1.90	NULL	NULL	0
1658	4	2	1	170803	085003.70	108.53984264	34.22416351	46.25	0.0670	-0.0440	-0.9960	1.90	NULL	NULL	0
1659	4	2	1	170803	085003.80	108.53985026	34.22416634	46.25	0.0260	0.0080	-1.0800	1.90	NULL	NULL	0
1660	4	2	1	170803	085003.90	108.53985814	34.22416889	46.25	0.0820	0.0390	-1.0670	1.90	NULL	NULL	0
1661	4	2	1	170803	085004.00	108.53986668	34.22417083	46.25	0.0890	0.0120	-1.0410	1.83	NULL	NULL	0
1662	4	2	1	170803	085004.10	108.53987462	34.22417343	46.25	0.0220	0.0210	-0.8860	1.83	NULL	NULL	0
1663	4	2	1	170803	085004.20	108.53988269	34.22417584	46.25	0.0880	0.0030	-0.9030	3.97	NULL	NULL	0
1664	4	2	1	170803	085004.30	108.53989068	34.22417838	46.25	0.1200	0.0090	-0.9460	3.97	NULL	NULL	0
1665	4	2	1	170803	085004.40	108.53989872	34.22418098	46.25	0.1010	-0.0510	-1.0390	3.97	NULL	NULL	0
1666	4	2	1	170803	085004.50	108.53990675	34.22418359	46.25	0.0550	-0.0760	-1.0700	3.97	NULL	NULL	0
1667	4	2	1	170803	085004.60	108.53991398	34.22418723	46.25	0.1210	-0.0850	-1.0350	5.05	NULL	NULL	0
1668	4	2	1	170803	085004.70	108.53992216	34.22418985	48.10	0.0780	-0.0290	-0.9380	5.05	NULL	NULL	0
1669	4	2	1	170803	085004.80	108.53993033	34.22419244	48.10	-0.0460	0.0210	-1.0170	5.05	NULL	NULL	0