401	1	1	1	170803	084004.30	108.53986227	34.22529572	33.30	0.0010	-0.0460	-0.9790	1.94	NULL	37	0
402	1	1	1	170803	084004.40	108.53985661	34.22529352	33.30	0.0070	-0.0420	-1.0200	1.94	NULL	37	0
403	1	1	1	170803	084004.50	108.53985092	34.22529134	33.30	-0.0100	0.0390	-0.9800	1.93	NULL	37	0
404	1	1	1	170803	084004.60	108.53984528	34.22528917	33.30	0.0130	-0.0340	-0.9960	1.93	NULL	37	0
405	1	1	1	170803	084004.70	108.53983962	34.22528700	33.30	0.0350	-0.0970	-0.9760	1.93	NULL	37	0
406	1	1	1	170803	084004.80	108.53983402	34.22528482	33.30	-0.0140	-0.0390	-1.0050	1.91	NULL	37	0
407	1	1	1	170803	084004.90	108.53982840	34.22528266	33.30	-0.0690	0.0400	-0.9430	1.91	NULL	37	0
408	1	1	1	170803	084005.00	108.53982283	34.22528050	33.30	-0.0020	-0.0400	-1.0290	1.91	NULL	36	0
409	1	1	1	170803	084005.10	108.53981726	34.22527835	33.30	-0.0280	-0.1130	-1.0500	2.00	NULL	36	0
410	1	1	1	170803	084005.20	108.53981172	34.22527622	33.30	-0.0280	-0.0540	-1.0160	2.00	NULL	36	0
411	1	1	1	170803	084005.30	108.53980615	34.22527408	33.30	-0.0200	0.0010	-1.0430	2.00	NULL	36	0
412	1	1	1	170803	084005.40	108.53980053	34.22527191	33.30	-0.0310	-0.0510	-0.9460	1.95	NULL	36	0
413	1	1	1	170803	084005.50	108.53979500	34.22526981	33.30	-0.0280	-0.0140	-0.9490	1.95	NULL	36	0
414	1	1	1	170803	084005.60	108.53978940	34.22526770	33.30	0.0210	-0.0830	-1.0350	1.95	NULL	36	0
415	1	1	1	170803	084005.70	108.53978391	34.22526557	33.30	0.0280	-0.0990	-1.0260	1.95	NULL	36	0
416	1	1	1	170803	084005.80	108.53977846	34.22526351	31.45	0.0270	-0.0040	-1.0690	1.95	NULL	36	0
417	1	1	1	170803	084005.90	108.53977295	34.22526142	31.45	0.0130	-0.0560	-0.9940	1.95	NULL	36	0
418	1	1	1	170803	084006.00	108.53976748	34.22525935	31.45	-0.0330	0.0070	-1.0250	1.97	NULL	36	0
419	1	1	1	170803	084006.10	108.53976198	34.22525727	31.45	0.0550	-0.0010	-1.0220	1.97	NULL	36	0
420	1	1	1	170803	084006.20	108.53975651	34.22525523	31.45	-0.0300	-0.0100	-1.0570	1.97	NULL	35	0
421	1	1	1	170803	084006.30	108.53975100	34.22525317	31.45	-0.0410	-0.0570	-1.0630	1.91	NULL	36	0
422	1	1	1	170803	084006.40	108.53974553	34.22525111	31.45	0.0060	0.0210	-1.0220	1.91	NULL	35	0
423	1	1	1	170803	084006.50	108.53974005	34.22524906	31.45	-0.0070	-0.0620	-0.9770	1.91	NULL	36	0
424	1	1	1	170803	084006.60	108.53973458	34.22524702	31.45	-0.0030	-0.0330	-1.0270	1.91	NULL	35	0
425	1	1	1	170803	084006.70	108.53972910	34.22524497	31.45	0.0210	-0.0550	-1.0000	1.99	NULL	36	0
426	1	1	1	170803	084006.80	108.53972351	34.22524291	31.45	-0.0100	-0.0520	-0.9650	1.99	NULL	35	0
427	1	1	1	170803	084006.90	108.53971802	34.22524086	31.45	-0.0150	-0.0460	-1.0240	1.99	NULL	35	0
428	1	1	1	170803	084007.00	108.53971247	34.22523879	31.45	-0.0040	-0.0420	-1.0360	2.00	NULL	35	0
429	1	1	1	170803	084007.10	108.53970697	34.22523678	31.45	-0.0050	0.0480	-1.0190	2.00	NULL	36	0
430	1	1	1	170803	084007.20	108.53970151	34.22523480	31.45	0.0560	-0.0030	-1.0520	2.00	NULL	35	0
431	1	1	1	170803	084007.30	108.53969603	34.22523278	31.45	-0.0220	-0.0550	-0.9870	2.05	NULL	35	0
432	1	1	1	170803	084007.40	108.53969054	34.22523084	31.45	0.0380	-0.1150	-1.0530	2.05	NULL	36	0
433	1	1	1	170803	084007.50	108.53968502	34.22522884	31.45	-0.0080	-0.0740	-1.0390	2.05	NULL	35	0
434	1	1	1	170803	084007.60	108.53967951	34.22522687	31.45	0.0100	-0.0380	-1.0110	2.21	NULL	36	0
435	1	1	1	170803	084007.70	108.53967397	34.22522485	31.45	-0.0110	-0.0490	-0.9810	2.21	NULL	36	0
436	1	1	1	170803	084007.80	108.53966838	34.22522291	33.30	0.0520	-0.0560	-1.0390	2.21	NULL	36	0
437	1	1	1	170803	084007.90	108.53966281	34.22522088	33.30	0.0480	-0.0640	-1.0220	2.94	NULL	36	0
438	1	1	1	170803	084008.00	108.53965727	34.22521883	33.30	0.0550	-0.0450	-1.0300	2.94	NULL	36	0
439	1	1	1	170803	084008.10	108.53965165	34.22521681	33.30	0.0430	-0.0370	-0.9430	2.94	NULL	36	0
440	1	1	1	170803	084008.20	108.53964605	34.22521474	33.30	0.0390	-0.0370	-0.9900	3.57	NULL	37	0
441	1	1	1	170803	084008.30	108.53964039	34.22521269	33.30	0.0280	-0.0450	-0.9910	3.57	NULL	37	0
442	1	1	1	170803	084008.40	108.53963475	34.22521062	33.30	0.0520	-0.0650	-1.0090	3.57	NULL	37	0
443	1	1	1	170803	084008.50	108.53962903	34.22520856	33.30	0.0100	-0.0340	-1.0310	3.86	NULL	37	0
444	1	1	1	170803	084008.60	108.53962333	34.22520646	33.30	0.0350	-0.0390	-0.9610	3.86	NULL	37	0
445	1	1	1	170803	084008.70	108.53961757	34.22520438	33.30	0.0670	-0.0360	-0.9840	3.86	NULL	37	0
446	1	1	1	170803	084008.80	108.53961178	34.22520225	33.30	0.0630	-0.0660	-0.9800	3.93	NULL	38	0
447	1	1	1	170803	084008.90	108.53960599	34.22520016	33.30	0.0530	-0.0970	-1.0170	3.93	NULL	38	0
448	1	1	1	170803	084009.00	108.53960018	34.22519804	33.30	0.0300	-0.1000	-1.0560	3.93	NULL	38	0
449	1	1	1	170803	084009.10	108.53959435	34.22519590	35.15	0.0620	-0.1220	-1.0160	4.03	NULL	38	0
450	1	1	1	170803	084009.20	108.53958851	34.22519374	35.15	0.0360	0.0050	-1.0440	4.03	NULL	38	0
451	1	1	1	170803	084009.30	108.53958260	34.22519160	35.15	0.0270	-0.0380	-1.0250	4.03	NULL	38	0
452	1	1	1	170803	084009.40	108.53957668	34.22518942	35.15	0.0390	-0.0140	-0.9770	4.06	NULL	39	0
453	1	1	1	170803	084009.50	108.53957072	34.22518727	35.15	0.0530	-0.0120	-0.9630	4.06	NULL	38	0
454	1	1	1	170803	084009.60	108.53956460	34.22518505	35.15	0.0600	-0.1350	-1.0000	4.06	NULL	39	0
455	1	1	1	170803	084009.70	108.53955863	34.22518286	35.15	0.0240	-0.0300	-1.0820	4.06	NULL	39	0
456	1	1	1	170803	084009.80	108.53955266	34.22518068	35.15	0.0170	-0.0520	-1.0390	4.06	NULL	39	0
457	1	1	1	170803	084009.90	108.53954660	34.22517851	35.15	0.0070	-0.0370	-0.9980	4.06	NULL	39	0
458	1	1	1	170803	084010.00	108.53954060	34.22517631	35.15	0.0170	-0.0010	-1.0170	4.09	NULL	39	0
459	1	1	1	170803	084010.10	108.53953451	34.22517412	35.15	-0.0120	-0.0720	-0.9910	4.09	NULL	39	0
460	1	1	1	170803	084010.20	108.53952845	34.22517196	35.15	0.0300	-0.0920	-1.0400	4.09	NULL	39	0
461	1	1	1	170803	084010.30	108.53952234	34.22516978	35.15	-0.0090	-0.0500	-1.0510	4.09	NULL	39	0
462	1	1	1	170803	084010.40	108.53951642	34.22516769	35.15	0.0130	-0.0550	-1.0090	2.88	NULL	39	0
463	1	1	1	170803	084010.50	108.53951031	34.22516552	35.15	0.0310	-0.0240	-0.9830	2.88	NULL	39	0
464	1	1	1	170803	084010.60	108.53950424	34.22516347	35.15	0.0110	-0.0350	-1.0100	2.88	NULL	39	0
465	1	1	1	170803	084010.70	108.53949808	34.22516131	35.15	0.0320	-0.0130	-0.9720	2.66	NULL	39	0
466	1	1	1	170803	084010.80	108.53949196	34.22515937	35.15	0.0450	-0.0190	-1.0290	2.66	NULL	39	0
467	1	1	1	170803	084010.90	108.53948582	34.22515719	35.15	-0.0040	-0.0840	-1.0000	2.66	NULL	40	0
468	1	1	1	170803	084011.00	108.53947964	34.22515520	35.15	0.0280	-0.0620	-0.9840	2.62	NULL	39	0
469	1	1	1	170803	084011.10	108.53947353	34.22515307	35.15	0.0240	-0.0030	-0.9190	2.62	NULL	40	0
470	1	1	1	170803	084011.20	108.53946746	34.22515099	35.15	-0.0130	-0.0250	-0.9940	2.62	NULL	39	0
471	1	1	1	170803	084011.30	108.53946132	34.22514883	35.15	-0.0010	-0.0900	-0.9530	2.39	NULL	40	0
472	1	1	1	170803	084011.40	108.53945521	34.22514685	35.15	0.0110	-0.0090	-0.9660	2.39	NULL	39	0
473	1	1	1	170803	084011.50	108.53944903	34.22514468	35.15	-0.0070	0.0060	-1.0250	2.39	NULL	40	0
474	1	1	1	170803	084011.60	108.53944295	34.22514260	35.15	-0.0090	0.0290	-1.0040	2.21	NULL	39	0
475	1	1	1	170803	084011.70	108.53943676	34.22514052	35.15	0.0040	-0.0290	-0.9610	2.21	NULL	40	0
476	1	1	1	170803	084011.80	108.53943069	34.22513836	35.15	0.0150	-0.0510	-1.0240	2.21	NULL	39	0
477	1	1	1	170803	084011.90	108.53942450	34.22513625	35.15	0.0060	0.0210	-1.0690	1.91	NULL	40	0
478	1	1	1	170803	084012.00	108.53941831	34.22513418	35.15	-0.0460	-0.0550	-0.9720	1.91	NULL	39	0
479	1	1	1	170803	084012.10	108.53941213	34.22513211	35.15	0.0010	-0.0430	-1.0160	1.91	NULL	39	0
480	1	1	1	170803	084012.20	108.53940624	34.22513024	35.15	-0.0090	-0.0110	-1.0730	1.65	NULL	39	0
481	1	1	1	170803	084012.30	108.53940005	34.22512820	35.15	-0.0110	0.1120	-0.9860	1.65	NULL	39	0
482	1	1	1	170803	084012.40	108.53939389	34.22512619	35.15	0.0140	-0.0670	-0.9530	1.65	NULL	39	0
483	1	1	1	170803	084012.50	108.53938771	34.22512416	35.15	0.0090	-0.0050	-1.0700	1.52	NULL	39	0
484	1	1	1	170803	084012.60	108.53938148	34.22512220	35.15	0.0070	-0.0650	-1.0240	1.52	NULL	39	0
485	1	1	1	170803	084012.70	108.53937531	34.22512016	35.15	0.0370	-0.0750	-0.9460	1.52	NULL	39	0
486	1	1	1	170803	084012.80	108.53936919	34.22511802	35.15	0.0240	-0.0710	-0.9820	1.55	NULL	39	0
487	1	1	1	170803	084012.90	108.53936302	34.22511602	35.15	-0.0310	-0.0260	-0.9780	1.55	NULL	39	0
488	1	1	1	170803	084013.00	108.53935676	34.22511399	35.15	0.0050	-0.0670	-1.0020	1.55	NULL	39	0
489	1	1	1	170803	084013.10	108.53935060	34.22511198	35.15	-0.0260	-0.0310	-1.0240	1.60	NULL	39	0
490	1	1	1	170803	084013.20	108.53934441	34.22510995	35.15	-0.0120	-0.0460	-1.0120	1.60	NULL	39	0
491	1	1	1	170803	084013.30	108.53933825	34.22510794	35.15	0.0270	-0.0290	-0.9640	1.60	NULL	39	0
492	1	1	1	170803	084013.40	108.53933214	34.22510588	35.15	0.0180	-0.0880	-1.0080	1.80	NULL	39	0
493	1	1	1	170803	084013.50	108.53932600	34.22510387	35.15	-0.0190	0.0070	-0.9270	1.80	NULL	39	0
494	1	1	1	170803	084013.60	108.53931987	34.22510185	35.15	0.0250	-0.0280	-0.9830	1.80	NULL	39	0
495	1	1	1	170803	084013.70	108.53931370	34.22509986	35.15	-0.0000	-0.0790	-0.9980	1.80	NULL	39	0
496	1	1	1	170803	084013.80	108.53930756	34.22509786	35.15	0.0420	-0.0300	-1.0220	1.89	NULL	39	0
497	1	1	1	170803	084013.90	108.53930138	34.22509587	35.15	-0.0150	0.0040	-0.9660	1.89	NULL	39	0
498	1	1	1	170803	084014.00	108.53929519	34.22509374	35.15	0.0330	-0.0190	-1.0670	2.00	NULL	39	0
499	1	1	1	170803	084014.10	108.53928898	34.22509177	35.15	0.0290	-0.0100	-0.9880	2.00	NULL	39	0
500	1	1	1	170803	084014.20	108.53928273	34.22508969	35.15	-0.0340	-0.0190	-0.9630	2.00	NULL	40	0
501	1	1	1	170803	084014.30	108.53927652	34.22508772	35.15	0.0380	0.0360	-0.9020	2.00	NULL	39	0
502	1	1	1	170803	084014.40	108.53927035	34.22508575	35.15	0.0470	0.0270	-0.9480	2.08	NULL	40	0
503	1	1	1	170803	084014.50	108.53926411	34.22508379	35.15	0.0190	-0.1370	-1.1120	2.08	NULL	39	0
504	1	1	1	170803	084014.60	108.53925791	34.22508185	35.15	0.0700	-0.0490	-0.9580	2.08	NULL	40	0
505	1	1	1	170803	084014.70	108.53925165	34.22507987	35.15	0.0310	-0.0900	-1.0250	2.47	NULL	39	0
506	1	1	1	170803	084014.80	108.53924536	34.22507791	35.15	0.0670	-0.0350	-1.0080	2.47	NULL	40	0
507	1	1	1	170803	084014.90	108.53923906	34.22507595	37.00	0.0530	-0.0620	-0.9130	2.47	NULL	40	0
508	1	1	1	170803	084015.00	108.53923273	34.22507399	37.00	0.0310	0.0100	-0.9390	2.78	NULL	40	0
509	1	1	1	170803	084015.10	108.53922643	34.22507203	37.00	0.0330	-0.1520	-1.0210	2.78	NULL	40	0
510	1	1	1	170803	084015.20	108.53922006	34.22507006	37.00	0.0260	-0.0280	-1.0110	2.78	NULL	40	0
511	1	1	1	170803	084015.30	108.53921371	34.22506812	37.00	-0.0080	0.0210	-1.0230	2.81	NULL	40	0
512	1	1	1	170803	084015.40	108.53920738	34.22506609	37.00	-0.0160	-0.0020	-1.0480	2.81	NULL	40	0
513	1	1	1	170803	084015.50	108.53920103	34.22506415	37.00	0.0070	-0.0850	-0.9380	2.81	NULL	40	0
514	1	1	1	170803	084015.60	108.53919466	34.22506218	37.00	-0.0340	-0.0420	-1.0140	2.24	NULL	40	0
515	1	1	1	170803	084015.70	108.53918832	34.22506025	37.00	-0.0120	-0.0780	-1.0140	2.24	NULL	40	0
516	1	1	1	170803	084015.80	108.53918198	34.22505829	37.00	0.0020	-0.0170	-1.0300	2.24	NULL	40	0
517	1	1	1	170803	084015.90	108.53917562	34.22505637	37.00	-0.0350	-0.1020	-1.0180	1.91	NULL	40	0
518	1	1	1	170803	084016.00	108.53916927	34.22505442	37.00	0.0080	0.0220	-0.9690	1.91	NULL	40	0
519	1	1	1	170803	084016.10	108.53916293	34.22505252	37.00	-0.0070	-0.0510	-0.9740	1.91	NULL	40	0
520	1	1	1	170803	084016.20	108.53915657	34.22505059	37.00	0.0150	-0.0040	-1.0260	1.86	NULL	40	0
521	1	1	1	170803	084016.30	108.53915021	34.22504868	37.00	-0.0220	-0.0230	-1.0040	1.86	NULL	40	0
522	1	1	1	170803	084016.40	108.53914383	34.22504674	37.00	0.0030	-0.0380	-0.8940	1.86	NULL	40	0
523	1	1	1	170803	084016.50	108.53913748	34.22504485	37.00	-0.0180	0.0030	-1.0230	1.83	NULL	40	0
524	1	1	1	170803	084016.60	108.53913111	34.22504296	37.00	-0.0130	-0.0290	-1.0560	1.83	NULL	40	0
525	1	1	1	170803	084016.70	108.53912475	34.22504109	37.00	0.0100	-0.0200	-0.9900	1.83	NULL	40	0
526	1	1	1	170803	084016.80	108.53911835	34.22503923	37.00	0.0060	-0.0410	-1.0200	1.78	NULL	40	0
527	1	1	1	170803	084016.90	108.53911197	34.22503738	37.00	-0.0010	-0.0030	-1.0450	1.78	NULL	40	0
528	1	1	1	170803	084017.00	108.53910557	34.22503552	37.00	-0.0010	-0.0680	-0.9300	1.78	NULL	40	0
529	1	1	1	170803	084017.10	108.53909921	34.22503367	37.00	-0.0290	-0.0190	-0.9920	1.73	NULL	40	0
530	1	1	1	170803	084017.20	108.53909283	34.22503182	37.00	0.0490	-0.0450	-1.0020	1.73	NULL	40	0
531	1	1	1	170803	084017.30	108.53908645	34.22502998	37.00	0.0190	-0.0730	-1.0100	1.73	NULL	40	0
532	1	1	1	170803	084017.40	108.53908008	34.22502814	37.00	0.0090	-0.0700	-0.9950	1.72	NULL	40	0
533	1	1	1	170803	084017.50	108.53907373	34.22502630	37.00	-0.0220	-0.0280	-0.9500	1.72	NULL	40	0
534	1	1	1	170803	084017.60	108.53906733	34.22502446	37.00	0.0180	-0.0820	-1.1000	1.72	NULL	40	0
535	1	1	1	170803	084017.70	108.53906096	34.22502265	37.00	-0.0110	0.0410	-1.0040	1.71	NULL	40	0
536	1	1	1	170803	084017.80	108.53905453	34.22502084	37.00	0.0020	-0.0210	-1.0720	1.71	NULL	40	0
537	1	1	1	170803	084017.90	108.53904816	34.22501904	37.00	0.0180	-0.0360	-0.9600	1.71	NULL	40	0
538	1	1	1	170803	084018.00	108.53904173	34.22501726	37.00	0.0360	-0.0620	-0.9990	1.92	NULL	40	0
539	1	1	1	170803	084018.10	108.53903532	34.22501546	37.00	0.0110	0.0160	-0.9940	1.92	NULL	40	0
540	1	1	1	170803	084018.20	108.53902894	34.22501368	37.00	0.0160	-0.0870	-0.9630	1.92	NULL	40	0
541	1	1	1	170803	084018.30	108.53902255	34.22501187	37.00	-0.0480	-0.0690	-1.0460	2.03	NULL	40	0
542	1	1	1	170803	084018.40	108.53901615	34.22501010	37.00	-0.0000	0.0370	-0.9310	2.03	NULL	40	0
543	1	1	1	170803	084018.50	108.53900977	34.22500830	37.00	0.0080	-0.0510	-1.0010	2.03	NULL	40	0
544	1	1	1	170803	084018.60	108.53900338	34.22500652	37.00	0.0420	0.0620	-1.0450	2.03	NULL	40	0
545	1	1	1	170803	084018.70	108.53899699	34.22500472	37.00	-0.0140	-0.1010	-1.0260	2.06	NULL	40	0
546	1	1	1	170803	084018.80	108.53899061	34.22500296	37.00	-0.0120	-0.0810	-1.0920	2.06	NULL	40	0
547	1	1	1	170803	084018.90	108.53898421	34.22500117	37.00	0.0120	-0.0780	-1.0350	2.06	NULL	40	0
548	1	1	1	170803	084019.00	108.53897781	34.22499941	37.00	-0.0200	-0.0170	-1.0300	2.12	NULL	40	0
549	1	1	1	170803	084019.10	108.53897144	34.22499762	37.00	-0.0080	-0.0500	-1.0020	2.12	NULL	40	0
550	1	1	1	170803	084019.20	108.53896506	34.22499584	37.00	-0.0190	-0.0640	-1.0200	2.11	NULL	39	0
551	1	1	1	170803	084019.30	108.53895866	34.22499407	37.00	-0.0220	-0.0640	-1.0240	2.11	NULL	40	0
552	1	1	1	170803	084019.40	108.53895226	34.22499231	37.00	-0.0180	-0.0500	-0.9170	2.11	NULL	39	0
553	1	1	1	170803	084019.50	108.53894589	34.22499052	37.00	0.0160	-0.0410	-0.9690	2.11	NULL	40	0
554	1	1	1	170803	084019.60	108.53893951	34.22498877	37.00	-0.0400	0.0060	-1.0410	2.14	NULL	40	0
555	1	1	1	170803	084019.70	108.53893313	34.22498701	37.00	0.0180	0.0200	-1.0030	2.14	NULL	40	0
556	1	1	1	170803	084019.80	108.53892676	34.22498524	37.00	0.0220	-0.0930	-1.0320	2.14	NULL	40	0
557	1	1	1	170803	084019.90	108.53892037	34.22498346	37.00	-0.0250	-0.0350	-0.9950	2.15	NULL	40	0
558	1	1	1	170803	084020.00	108.53891397	34.22498170	37.00	0.0300	-0.0300	-0.9910	2.15	NULL	40	0
559	1	1	1	170803	084020.10	108.53890760	34.22497996	37.00	0.0110	-0.0110	-0.9860	2.15	NULL	40	0
560	1	1	1	170803	084020.20	108.53890121	34.22497822	37.00	-0.0110	-0.0490	-1.0230	2.14	NULL	40	0
561	1	1	1	170803	084020.30	108.53889483	34.22497647	37.00	0.0350	-0.0280	-0.9820	2.14	NULL	40	0
562	1	1	1	170803	084020.40	108.53888843	34.22497473	37.00	-0.0330	-0.0420	-1.0710	2.14	NULL	40	0
563	1	1	1	170803	084020.50	108.53888206	34.22497298	37.00	-0.0240	-0.0200	-0.9620	2.16	NULL	40	0
564	1	1	1	170803	084020.60	108.53887557	34.22497119	35.15	0.0240	-0.0460	-1.0220	2.16	NULL	40	0
565	1	1	1	170803	084020.70	108.53886920	34.22496944	37.00	0.0160	0.0080	-1.0210	2.16	NULL	40	0
566	1	1	1	170803	084020.80	108.53886275	34.22496767	35.15	-0.0040	-0.0060	-0.9740	2.16	NULL	40	0
567	1	1	1	170803	084020.90	108.53885639	34.22496593	35.15	0.0160	-0.0440	-0.9950	2.16	NULL	40	0
568	1	1	1	170803	084021.00	108.53884996	34.22496415	35.15	0.0100	-0.0080	-1.0540	2.16	NULL	40	0
569	1	1	1	170803	084021.10	108.53884359	34.22496239	35.15	0.0070	-0.0390	-1.0160	2.14	NULL	39	0
570	1	1	1	170803	084021.20	108.53883718	34.22496059	35.15	-0.0010	0.0020	-0.9700	2.14	NULL	40	0
571	1	1	1	170803	084021.30	108.53883084	34.22495883	35.15	-0.0260	-0.0090	-1.0320	2.14	NULL	39	0
572	1	1	1	170803	084021.40	108.53882446	34.22495703	35.15	-0.0230	-0.0510	-1.0290	2.16	NULL	40	0
573	1	1	1	170803	084021.50	108.53881812	34.22495525	35.15	0.0200	-0.0160	-0.9990	2.16	NULL	39	0
574	1	1	1	170803	084021.60	108.53881175	34.22495343	35.15	0.0100	-0.0170	-1.0280	2.16	NULL	40	0
575	1	1	1	170803	084021.70	108.53880540	34.22495163	35.15	-0.0160	-0.0810	-0.9840	2.16	NULL	39	0
576	1	1	1	170803	084021.80	108.53879901	34.22494979	35.15	0.0130	-0.0850	-0.9610	2.16	NULL	40	0
577	1	1	1	170803	084021.90	108.53879268	34.22494797	35.15	-0.0170	0.0270	-0.9120	2.16	NULL	39	0
578	1	1	1	170803	084022.00	108.53878630	34.22494613	37.00	0.0090	-0.0050	-0.9900	2.15	NULL	39	0
579	1	1	1	170803	084022.10	108.53877997	34.22494433	35.15	-0.0390	-0.0530	-1.0090	2.15	NULL	40	0
580	1	1	1	170803	084022.20	108.53877362	34.22494248	35.15	0.0140	-0.0730	-0.9760	2.15	NULL	40	0
581	1	1	1	170803	084022.30	108.53876730	34.22494067	35.15	0.0220	-0.0230	-1.0160	2.15	NULL	40	0
582	1	1	1	170803	084022.40	108.53876096	34.22493884	35.15	0.0240	0.0390	-1.0260	2.16	NULL	40	0
583	1	1	1	170803	084022.50	108.53875462	34.22493702	35.15	-0.0210	-0.0060	-0.9770	2.16	NULL	40	0
584	1	1	1	170803	084022.60	108.53874827	34.22493519	35.15	0.0260	-0.0370	-0.9820	2.16	NULL	39	0
585	1	1	1	170803	084022.70	108.53874193	34.22493337	35.15	0.0030	-0.0200	-0.9820	2.15	NULL	40	0
586	1	1	1	170803	084022.80	108.53873556	34.22493152	37.00	0.0180	-0.0560	-0.8970	2.15	NULL	39	0
587	1	1	1	170803	084022.90	108.53872924	34.22492970	35.15	-0.0030	-0.0560	-1.0460	2.15	NULL	40	0
588	1	1	1	170803	084023.00	108.53872288	34.22492784	35.15	-0.0240	-0.0170	-1.0420	2.14	NULL	39	0
589	1	1	1	170803	084023.10	108.53871656	34.22492600	35.15	-0.0380	0.0060	-0.9760	2.14	NULL	40	0
590	1	1	1	170803	084023.20	108.53871023	34.22492415	35.15	0.0190	-0.0450	-1.0030	2.14	NULL	39	0
591	1	1	1	170803	084023.30	108.53870392	34.22492231	35.15	-0.0110	-0.0540	-1.0290	2.16	NULL	40	0
592	1	1	1	170803	084023.40	108.53869760	34.22492046	35.15	-0.0200	0.0140	-1.0050	2.16	NULL	39	0
593	1	1	1	170803	084023.50	108.53869130	34.22491862	35.15	-0.0010	-0.0080	-1.0020	2.16	NULL	40	0
594	1	1	1	170803	084023.60	108.53868500	34.22491678	35.15	-0.0560	-0.0080	-1.0780	2.12	NULL	39	0
595	1	1	1	170803	084023.70	108.53867870	34.22491496	35.15	-0.0500	0.0570	-1.0710	2.12	NULL	40	0
596	1	1	1	170803	084023.80	108.53867240	34.22491312	35.15	-0.0070	0.0020	-1.0340	2.12	NULL	39	0
597	1	1	1	170803	084023.90	108.53866608	34.22491127	35.15	-0.0190	-0.0320	-1.0850	2.13	NULL	40	0
598	1	1	1	170803	084024.00	108.53865982	34.22490945	35.15	0.0440	-0.0550	-0.9010	2.13	NULL	40	0
599	1	1	1	170803	084024.10	108.53865350	34.22490760	35.15	0.0020	-0.0550	-1.0820	2.13	NULL	40	0
600	1	1	1	170803	084024.20	108.53864723	34.22490574	35.15	-0.0080	-0.1320	-1.0400	2.11	NULL	40	0
601	1	1	1	170803	084024.30	108.53864093	34.22490390	35.15	0.0000	0.0140	-0.8830	2.11	NULL	39	0
602	1	1	1	170803	084024.40	108.53863468	34.22490204	35.15	0.0090	-0.0090	-0.9320	2.11	NULL	40	0
603	1	1	1	170803	084024.50	108.53862837	34.22490020	35.15	0.0120	-0.0640	-0.9930	2.10	NULL	39	0
604	1	1	1	170803	084024.60	108.53862209	34.22489837	35.15	-0.0210	0.0390	-1.0400	2.10	NULL	40	0
605	1	1	1	170803	084024.70	108.53861579	34.22489654	35.15	0.0140	0.0130	-0.9710	2.10	NULL	39	0
606	1	1	1	170803	084024.80	108.53860953	34.22489471	35.15	0.0330	-0.0750	-1.0330	2.10	NULL	40	0
607	1	1	1	170803	084024.90	108.53860325	34.22489287	35.15	-0.0300	0.0260	-1.0660	2.10	NULL	39	0
608	1	1	1	170803	084025.00	108.53859697	34.22489104	35.15	0.0000	-0.0410	-0.9760	2.10	NULL	39	0
609	1	1	1	170803	084025.10	108.53859068	34.22488918	35.15	0.0130	-0.0180	-1.0320	2.10	NULL	39	0
610	1	1	1	170803	084025.20	108.53858440	34.22488732	35.15	-0.0270	0.0070	-0.9830	2.10	NULL	40	0
611	1	1	1	170803	084025.30	108.53857814	34.22488547	35.15	-0.0300	-0.0100	-0.9830	2.10	NULL	39	0
612	1	1	1	170803	084025.40	108.53857172	34.22488361	35.15	-0.0200	0.0690	-1.0250	2.09	NULL	39	0
613	1	1	1	170803	084025.50	108.53856545	34.22488177	35.15	0.0200	0.0030	-1.0100	2.09	NULL	39	0
614	1	1	1	170803	084025.60	108.53855909	34.22487990	35.15	0.0270	-0.0610	-0.9380	2.09	NULL	39	0
615	1	1	1	170803	084025.70	108.53855282	34.22487806	35.15	-0.0530	0.0560	-1.0010	2.09	NULL	39	0
616	1	1	1	170803	084025.80	108.53854648	34.22487618	35.15	0.0130	0.0030	-0.9320	2.05	NULL	39	0
617	1	1	1	170803	084025.90	108.53854024	34.22487435	35.15	-0.0140	-0.0510	-0.9480	2.05	NULL	39	0
618	1	1	1	170803	084026.00	108.53853401	34.22487247	35.15	-0.0100	-0.0730	-1.0740	2.04	NULL	39	0
619	1	1	1	170803	084026.10	108.53852775	34.22487062	35.15	-0.0600	0.0110	-1.0670	2.04	NULL	39	0
620	1	1	1	170803	084026.20	108.53852144	34.22486878	35.15	-0.0350	0.0190	-1.0430	2.04	NULL	39	0
621	1	1	1	170803	084026.30	108.53851520	34.22486693	35.15	-0.0180	0.0340	-1.0160	2.04	NULL	39	0
622	1	1	1	170803	084026.40	108.53850893	34.22486507	35.15	0.0380	-0.0820	-1.0160	2.02	NULL	39	0
623	1	1	1	170803	084026.50	108.53850268	34.22486325	35.15	0.0430	0.0110	-1.0030	2.02	NULL	39	0
624	1	1	1	170803	084026.60	108.53849648	34.22486136	35.15	0.0760	0.1390	-0.9660	2.02	NULL	39	0
625	1	1	1	170803	084026.70	108.53849022	34.22485954	35.15	-0.0160	0.0850	-1.0380	2.01	NULL	39	0
626	1	1	1	170803	084026.80	108.53848401	34.22485770	35.15	0.0050	-0.0170	-1.0170	2.01	NULL	39	0
627	1	1	1	170803	084026.90	108.53847780	34.22485588	35.15	0.0360	-0.0040	-0.7940	2.01	NULL	39	0
628	1	1	1	170803	084027.00	108.53847162	34.22485405	35.15	-0.0560	0.0150	-1.0290	1.99	NULL	39	0
629	1	1	1	170803	084027.10	108.53846541	34.22485225	35.15	-0.0000	0.0150	-1.0690	1.99	NULL	39	0
630	1	1	1	170803	084027.20	108.53845917	34.22485047	35.15	0.0140	-0.0270	-1.0880	1.99	NULL	39	0
631	1	1	1	170803	084027.30	108.53845297	34.22484863	35.15	0.0140	-0.0360	-1.0070	2.00	NULL	39	0
632	1	1	1	170803	084027.40	108.53844674	34.22484682	35.15	-0.0020	0.0920	-0.9730	2.00	NULL	38	0
633	1	1	1	170803	084027.50	108.53844055	34.22484501	35.15	0.0060	-0.0350	-0.9530	2.00	NULL	39	0
634	1	1	1	170803	084027.60	108.53843430	34.22484320	35.15	0.0290	0.0220	-0.9440	1.97	NULL	39	0
635	1	1	1	170803	084027.70	108.53842811	34.22484140	35.15	-0.0560	0.0600	-0.9970	1.97	NULL	39	0
636	1	1	1	170803	084027.80	108.53842202	34.22483953	35.15	0.0220	0.0110	-0.9630	1.97	NULL	38	0
637	1	1	1	170803	084027.90	108.53841586	34.22483775	35.15	-0.0170	0.0570	-1.0060	1.94	NULL	39	0
638	1	1	1	170803	084028.00	108.53840968	34.22483598	35.15	-0.0370	0.0210	-1.0670	1.94	NULL	39	0
639	1	1	1	170803	084028.10	108.53840350	34.22483420	35.15	0.0080	0.0190	-1.0540	1.94	NULL	39	0
640	1	1	1	170803	084028.20	108.53839727	34.22483244	35.15	-0.0060	0.0650	-0.9900	1.95	NULL	38	0
641	1	1	1	170803	084028.30	108.53839115	34.22483066	35.15	0.0330	-0.0120	-0.9850	1.95	NULL	39	0
642	1	1	1	170803	084028.40	108.53838509	34.22482884	35.15	0.0070	-0.0500	-1.0910	1.95	NULL	38	0
643	1	1	1	170803	084028.50	108.53837894	34.22482707	35.15	-0.0050	-0.0510	-1.0580	1.94	NULL	39	0
644	1	1	1	170803	084028.60	108.53837288	34.22482527	35.15	-0.0400	0.0080	-0.9820	1.94	NULL	38	0
645	1	1	1	170803	084028.70	108.53836674	34.22482352	35.15	-0.1370	0.0060	-0.9260	1.94	NULL	38	0
646	1	1	1	170803	084028.80	108.53836064	34.22482177	35.15	-0.0340	0.0660	-1.0790	1.91	NULL	38	0
647	1	1	1	170803	084028.90	108.53835452	34.22482004	35.15	-0.0330	0.0060	-0.9420	1.91	NULL	38	0
648	1	1	1	170803	084029.00	108.53834837	34.22481827	35.15	0.1000	-0.0300	-0.7100	1.91	NULL	38	0
649	1	1	1	170803	084029.10	108.53834226	34.22481654	35.15	0.0490	0.0210	-1.0540	1.91	NULL	38	0
650	1	1	1	170803	084029.20	108.53833613	34.22481477	35.15	-0.0060	0.0070	-0.9580	1.91	NULL	38	0
651	1	1	1	170803	084029.30	108.53833003	34.22481304	35.15	-0.0120	0.0810	-1.0380	1.91	NULL	38	0
652	1	1	1	170803	084029.40	108.53832392	34.22481130	35.15	0.0040	-0.0180	-0.9630	1.90	NULL	38	0
653	1	1	1	170803	084029.50	108.53831783	34.22480959	35.15	-0.0180	-0.0600	-0.9660	1.90	NULL	38	0
654	1	1	1	170803	084029.60	108.53831177	34.22480791	35.15	0.0040	0.0420	-0.9510	1.90	NULL	38	0
655	1	1	1	170803	084029.70	108.53830569	34.22480620	35.15	0.0020	0.0650	-1.0810	1.90	NULL	38	0
656	1	1	1	170803	084029.80	108.53829958	34.22480444	35.15	0.0150	-0.0140	-0.9680	1.91	NULL	38	0
657	1	1	1	170803	084029.90	108.53829351	34.22480273	35.15	0.0000	0.0250	-1.0390	1.91	NULL	38	0
658	1	1	1	170803	084030.00	108.53828744	34.22480104	35.15	0.0630	-0.0920	-0.9930	1.93	NULL	38	0
659	1	1	1	170803	084030.10	108.53828138	34.22479933	35.15	-0.0530	0.0200	-0.9750	1.93	NULL	38	0
660	1	1	1	170803	084030.20	108.53827533	34.22479768	35.15	-0.0110	-0.0040	-0.9930	1.93	NULL	38	0
661	1	1	1	170803	084030.30	108.53826927	34.22479601	35.15	-0.0130	-0.0270	-0.9020	1.93	NULL	38	0
662	1	1	1	170803	084030.40	108.53826321	34.22479436	33.30	-0.0480	0.0030	-1.0040	1.93	NULL	37	0
663	1	1	1	170803	084030.50	108.53825715	34.22479268	33.30	0.0080	0.0170	-0.9610	1.93	NULL	38	0
664	1	1	1	170803	084030.60	108.53825105	34.22479103	33.30	-0.0060	-0.0240	-0.9370	1.93	NULL	37	0
665	1	1	1	170803	084030.70	108.53824502	34.22478935	33.30	0.0100	0.0030	-0.9780	1.93	NULL	38	0
666	1	1	1	170803	084030.80	108.53823896	34.22478768	33.30	0.0480	0.0070	-1.0370	1.93	NULL	37	0
667	1	1	1	170803	084030.90	108.53823293	34.22478602	33.30	-0.0000	0.0140	-0.9600	1.93	NULL	38	0
668	1	1	1	170803	084031.00	108.53822693	34.22478441	33.30	-0.0050	0.0280	-1.0200	1.92	NULL	37	0
669	1	1	1	170803	084031.10	108.53822091	34.22478276	33.30	-0.0300	0.0420	-1.0220	1.92	NULL	38	0
670	1	1	1	170803	084031.20	108.53821489	34.22478116	33.30	-0.0080	-0.0080	-0.8480	1.92	NULL	37	0
671	1	1	1	170803	084031.30	108.53820888	34.22477952	33.30	0.0180	-0.0150	-1.0130	1.92	NULL	37	0
672	1	1	1	170803	084031.40	108.53820285	34.22477792	33.30	-0.0150	0.0260	-0.9940	1.92	NULL	37	0
673	1	1	1	170803	084031.50	108.53819684	34.22477627	33.30	-0.0020	-0.0410	-1.0730	1.92	NULL	37	0
674	1	1	1	170803	084031.60	108.53819079	34.22477460	33.30	0.0160	-0.0560	-0.9280	1.91	NULL	37	0
675	1	1	1	170803	084031.70	108.53818479	34.22477296	33.30	0.0530	-0.0440	-1.0090	1.91	NULL	37	0
676	1	1	1	170803	084031.80	108.53817880	34.22477136	33.30	0.0040	0.0380	-1.0420	1.91	NULL	37	0
677	1	1	1	170803	084031.90	108.53817279	34.22476977	33.30	0.0100	-0.0180	-0.9840	1.91	NULL	37	0
678	1	1	1	170803	084032.00	108.53816677	34.22476816	33.30	-0.0400	0.0210	-0.9950	1.91	NULL	37	0
679	1	1	1	170803	084032.10	108.53816079	34.22476657	33.30	0.0230	0.0020	-0.9160	1.91	NULL	37	0
680	1	1	1	170803	084032.20	108.53815480	34.22476503	33.30	-0.0180	-0.0470	-1.0290	1.92	NULL	37	0
681	1	1	1	170803	084032.30	108.53814881	34.22476345	33.30	0.0050	-0.0230	-1.1000	1.92	NULL	37	0
682	1	1	1	170803	084032.40	108.53814284	34.22476193	33.30	-0.0060	0.0300	-0.9530	1.92	NULL	37	0
683	1	1	1	170803	084032.50	108.53813685	34.22476035	33.30	0.0190	0.0030	-1.0490	1.91	NULL	37	0
684	1	1	1	170803	084032.60	108.53813087	34.22475881	33.30	-0.0110	0.0130	-1.0120	1.91	NULL	37	0
685	1	1	1	170803	084032.70	108.53812491	34.22475726	33.30	-0.0020	0.0320	-1.0320	1.91	NULL	37	0
686	1	1	1	170803	084032.80	108.53811892	34.22475572	33.30	-0.0280	-0.0230	-1.1040	1.91	NULL	37	0
687	1	1	1	170803	084032.90	108.53811296	34.22475418	33.30	-0.0070	0.0310	-1.0250	1.91	NULL	37	0
688	1	1	1	170803	084033.00	108.53810702	34.22475267	33.30	-0.0250	-0.0020	-0.9630	1.91	NULL	37	0
689	1	1	1	170803	084033.10	108.53810103	34.22475113	33.30	0.0180	-0.0150	-0.9910	1.92	NULL	37	0
690	1	1	1	170803	084033.20	108.53809507	34.22474962	33.30	-0.0170	-0.0440	-0.9780	1.92	NULL	37	0
691	1	1	1	170803	084033.30	108.53808913	34.22474809	33.30	-0.0120	0.0160	-0.9560	1.92	NULL	37	0
692	1	1	1	170803	084033.40	108.53808318	34.22474658	33.30	0.0130	-0.0250	-1.0010	1.92	NULL	37	0
693	1	1	1	170803	084033.50	108.53807722	34.22474504	33.30	0.0090	0.0010	-0.9910	1.92	NULL	37	0
694	1	1	1	170803	084033.60	108.53807129	34.22474353	33.30	0.0150	-0.0320	-1.0370	1.92	NULL	36	0
695	1	1	1	170803	084033.70	108.53806536	34.22474199	33.30	0.0020	0.0140	-0.9660	1.92	NULL	37	0
696	1	1	1	170803	084033.80	108.53805944	34.22474046	33.30	-0.0180	-0.0290	-1.0170	1.91	NULL	36	0
697	1	1	1	170803	084033.90	108.53805350	34.22473893	33.30	0.0110	0.0210	-1.0060	1.91	NULL	37	0
698	1	1	1	170803	084034.00	108.53804758	34.22473739	33.30	-0.0230	0.0300	-0.9930	1.91	NULL	36	0
699	1	1	1	170803	084034.10	108.53804166	34.22473584	33.30	-0.0210	-0.0550	-1.0380	1.91	NULL	37	0
700	1	1	1	170803	084034.20	108.53803574	34.22473429	33.30	0.0150	-0.0200	-0.9920	1.91	NULL	36	0
701	1	1	1	170803	084034.30	108.53802982	34.22473274	33.30	0.0010	-0.0190	-0.9630	1.91	NULL	37	0
702	1	1	1	170803	084034.40	108.53802388	34.22473118	33.30	0.0240	-0.0240	-1.0150	1.90	NULL	36	0
703	1	1	1	170803	084034.50	108.53801798	34.22472962	33.30	-0.0210	-0.0310	-1.0310	1.90	NULL	37	0
704	1	1	1	170803	084034.60	108.53801210	34.22472806	33.30	-0.0080	0.0490	-1.0080	1.90	NULL	36	0
705	1	1	1	170803	084034.70	108.53800622	34.22472651	33.30	-0.0070	-0.0540	-1.0340	1.92	NULL	36	0
706	1	1	1	170803	084034.80	108.53800034	34.22472495	33.30	0.0130	-0.0250	-1.0480	1.92	NULL	36	0
707	1	1	1	170803	084034.90	108.53799444	34.22472339	33.30	-0.0120	-0.0300	-0.9720	1.92	NULL	36	0
708	1	1	1	170803	084035.00	108.53798854	34.22472183	33.30	-0.0140	-0.0620	-0.9740	1.91	NULL	36	0
709	1	1	1	170803	084035.10	108.53798267	34.22472028	33.30	-0.0110	0.0330	-0.9970	1.91	NULL	36	0
710	1	1	1	170803	084035.20	108.53797679	34.22471873	33.30	-0.0240	-0.0190	-1.0140	1.91	NULL	36	0
711	1	1	1	170803	084035.30	108.53797094	34.22471718	33.30	-0.0090	-0.0660	-1.0060	1.93	NULL	36	0
712	1	1	1	170803	084035.40	108.53796509	34.22471563	33.30	0.0010	0.0540	-1.0250	1.93	NULL	36	0
713	1	1	1	170803	084035.50	108.53795922	34.22471409	33.30	0.0090	-0.0440	-1.0710	1.93	NULL	36	0
714	1	1	1	170803	084035.60	108.53795336	34.22471254	33.30	0.0570	0.0160	-0.9230	1.91	NULL	36	0
715	1	1	1	170803	084035.70	108.53794750	34.22471100	33.30	-0.0270	0.0120	-0.9650	1.91	NULL	36	0
716	1	1	1	170803	084035.80	108.53794165	34.22470946	33.30	0.0130	0.0210	-0.9750	1.91	NULL	36	0
717	1	1	1	170803	084035.90	108.53793581	34.22470792	33.30	-0.0230	-0.0670	-0.9830	1.89	NULL	36	0
718	1	1	1	170803	084036.00	108.53792997	34.22470638	33.30	-0.0050	0.0350	-0.9770	1.89	NULL	36	0
719	1	1	1	170803	084036.10	108.53792412	34.22470487	33.30	0.0360	-0.0040	-1.0030	1.89	NULL	36	0
720	1	1	1	170803	084036.20	108.53791828	34.22470335	33.30	-0.0110	0.0360	-0.9980	1.91	NULL	36	0
721	1	1	1	170803	084036.30	108.53791245	34.22470182	33.30	-0.0190	-0.0180	-1.0020	1.91	NULL	36	0
722	1	1	1	170803	084036.40	108.53790662	34.22470031	33.30	0.0370	-0.0280	-0.9890	1.91	NULL	36	0
723	1	1	1	170803	084036.50	108.53790077	34.22469881	33.30	-0.0310	0.0420	-1.0720	2.01	NULL	36	0
724	1	1	1	170803	084036.60	108.53789495	34.22469728	33.30	0.0270	-0.0280	-0.9900	2.01	NULL	36	0
725	1	1	1	170803	084036.70	108.53788912	34.22469576	33.30	-0.0080	0.0140	-0.9650	2.01	NULL	36	0
726	1	1	1	170803	084036.80	108.53788329	34.22469423	33.30	-0.0060	-0.0340	-0.9950	2.08	NULL	36	0
727	1	1	1	170803	084036.90	108.53787746	34.22469271	33.30	0.0300	-0.0060	-1.0170	2.08	NULL	36	0
728	1	1	1	170803	084037.00	108.53787162	34.22469118	33.30	-0.0200	-0.0030	-0.9010	2.08	NULL	36	0
729	1	1	1	170803	084037.10	108.53786579	34.22468967	33.30	0.0180	0.0410	-1.0010	2.18	NULL	36	0
730	1	1	1	170803	084037.20	108.53785996	34.22468816	33.30	0.0400	-0.0230	-1.0370	2.18	NULL	36	0
731	1	1	1	170803	084037.30	108.53785412	34.22468664	33.30	0.0240	-0.0080	-1.0150	2.18	NULL	36	0
732	1	1	1	170803	084037.40	108.53784828	34.22468510	33.30	0.0250	0.0020	-1.0440	2.52	NULL	36	0
733	1	1	1	170803	084037.50	108.53784242	34.22468358	33.30	0.0310	0.0010	-0.9690	2.52	NULL	36	0
734	1	1	1	170803	084037.60	108.53783654	34.22468204	33.30	-0.0180	0.0070	-0.9960	2.52	NULL	36	0
735	1	1	1	170803	084037.70	108.53783069	34.22468052	33.30	0.0410	0.0360	-0.9790	2.52	NULL	36	0
736	1	1	1	170803	084037.80	108.53782479	34.22467898	33.30	0.0310	-0.0310	-0.9850	2.68	NULL	36	0
737	1	1	1	170803	084037.90	108.53781890	34.22467745	33.30	0.0360	0.0300	-1.0390	2.68	NULL	37	0
738	1	1	1	170803	084038.00	108.53781301	34.22467590	33.30	0.0730	-0.0300	-0.9620	2.81	NULL	37	0
739	1	1	1	170803	084038.10	108.53780710	34.22467436	33.30	0.0440	-0.0710	-0.9830	2.81	NULL	37	0
740	1	1	1	170803	084038.20	108.53780115	34.22467281	33.30	0.0250	-0.0170	-1.0590	2.81	NULL	37	0
741	1	1	1	170803	084038.30	108.53779521	34.22467127	33.30	0.0510	0.0650	-0.9230	2.81	NULL	37	0
742	1	1	1	170803	084038.40	108.53778923	34.22466972	33.30	0.0370	-0.0830	-1.0280	3.13	NULL	37	0
743	1	1	1	170803	084038.50	108.53778326	34.22466815	33.30	0.0490	0.0710	-1.0230	3.13	NULL	37	0
744	1	1	1	170803	084038.60	108.53777724	34.22466659	33.30	0.0640	-0.0570	-1.0090	3.13	NULL	37	0
745	1	1	1	170803	084038.70	108.53777122	34.22466502	33.30	0.0390	-0.0450	-0.9200	3.49	NULL	38	0
746	1	1	1	170803	084038.80	108.53776515	34.22466344	33.30	0.0700	-0.0510	-1.0460	3.49	NULL	38	0
747	1	1	1	170803	084038.90	108.53775907	34.22466185	33.30	0.0170	-0.0710	-1.0080	3.49	NULL	38	0
748	1	1	1	170803	084039.00	108.53775293	34.22466025	35.15	0.0700	-0.0470	-1.0620	4.38	NULL	38	0
749	1	1	1	170803	084039.10	108.53774678	34.22465864	35.15	0.0770	0.0060	-0.9800	4.38	NULL	38	0
750	1	1	1	170803	084039.20	108.53774057	34.22465700	35.15	0.0490	0.0620	-0.9180	4.38	NULL	38	0
751	1	1	1	170803	084039.30	108.53773439	34.22465535	35.15	0.0020	-0.0350	-0.9080	4.66	NULL	39	0
752	1	1	1	170803	084039.40	108.53772814	34.22465370	35.15	0.0870	-0.0180	-0.9780	4.66	NULL	39	0
753	1	1	1	170803	084039.50	108.53772189	34.22465205	35.15	0.0130	-0.0220	-1.0260	4.66	NULL	39	0
754	1	1	1	170803	084039.60	108.53771559	34.22465038	35.15	0.0370	-0.0380	-1.0180	4.72	NULL	39	0
755	1	1	1	170803	084039.70	108.53770929	34.22464872	35.15	0.0540	0.0530	-1.0420	4.72	NULL	39	0
756	1	1	1	170803	084039.80	108.53770292	34.22464704	35.15	0.0570	0.0270	-0.9830	4.72	NULL	40	0
757	1	1	1	170803	084039.90	108.53769657	34.22464536	35.15	0.0270	-0.0180	-0.9490	4.56	NULL	40	0
758	1	1	1	170803	084040.00	108.53769017	34.22464365	37.00	0.0340	0.0330	-1.0260	4.56	NULL	40	0
759	1	1	1	170803	084040.10	108.53768378	34.22464196	37.00	0.0690	0.0030	-0.9680	4.56	NULL	40	0
760	1	1	1	170803	084040.20	108.53767734	34.22464026	37.00	-0.0020	0.0520	-1.0290	4.59	NULL	40	0
761	1	1	1	170803	084040.30	108.53767092	34.22463855	37.00	-0.0000	0.0370	-1.0020	4.59	NULL	39	0
762	1	1	1	170803	084040.40	108.53766452	34.22463678	37.00	0.0430	-0.0050	-1.0420	4.59	NULL	40	0
763	1	1	1	170803	084040.50	108.53765811	34.22463508	37.00	0.0030	0.0140	-0.9800	3.65	NULL	39	0
764	1	1	1	170803	084040.60	108.53765167	34.22463338	37.00	0.0190	0.0410	-0.9680	3.65	NULL	40	0
765	1	1	1	170803	084040.70	108.53764527	34.22463171	37.00	-0.0120	-0.0180	-0.9380	3.65	NULL	39	0
766	1	1	1	170803	084040.80	108.53763887	34.22463003	37.00	0.0210	-0.0060	-1.0220	3.02	NULL	40	0
767	1	1	1	170803	084040.90	108.53763247	34.22462837	35.15	-0.0430	0.0610	-1.0090	3.02	NULL	39	0
768	1	1	1	170803	084041.00	108.53762609	34.22462668	35.15	-0.0040	-0.0410	-1.0140	3.02	NULL	39	0
769	1	1	1	170803	084041.10	108.53761972	34.22462502	35.15	-0.0030	0.0440	-0.9890	2.65	NULL	39	0
770	1	1	1	170803	084041.20	108.53761338	34.22462331	35.15	-0.0410	-0.0440	-0.9820	2.65	NULL	39	0
771	1	1	1	170803	084041.30	108.53760703	34.22462166	35.15	0.0170	-0.0190	-0.9980	2.65	NULL	39	0
772	1	1	1	170803	084041.40	108.53760069	34.22462002	35.15	-0.0200	0.0100	-1.0040	2.44	NULL	39	0
773	1	1	1	170803	084041.50	108.53759436	34.22461839	35.15	-0.0620	-0.0290	-0.9980	2.44	NULL	39	0
774	1	1	1	170803	084041.60	108.53758809	34.22461673	35.15	-0.0250	0.0670	-1.0020	2.44	NULL	39	0
775	1	1	1	170803	084041.70	108.53758179	34.22461514	35.15	-0.0200	0.0010	-1.0800	2.44	NULL	39	0
776	1	1	1	170803	084041.80	108.53757551	34.22461356	35.15	-0.0100	-0.0280	-1.0350	2.31	NULL	38	0
777	1	1	1	170803	084041.90	108.53756925	34.22461198	35.15	-0.0230	0.0120	-0.9340	2.31	NULL	38	0
778	1	1	1	170803	084042.00	108.53756302	34.22461042	35.15	-0.0460	-0.0120	-0.9790	2.31	NULL	38	0
779	1	1	1	170803	084042.10	108.53755680	34.22460887	35.15	-0.0350	-0.0200	-0.9550	2.31	NULL	38	0
780	1	1	1	170803	084042.20	108.53755060	34.22460733	35.15	-0.0290	-0.0270	-1.0520	2.31	NULL	38	0
781	1	1	1	170803	084042.30	108.53754442	34.22460577	35.15	-0.0690	0.0440	-0.9880	2.20	NULL	38	0
782	1	1	1	170803	084042.40	108.53753825	34.22460424	35.15	-0.0190	0.0300	-1.0510	2.20	NULL	38	0
783	1	1	1	170803	084042.50	108.53753209	34.22460269	35.15	0.0010	-0.0130	-1.0120	2.20	NULL	38	0
784	1	1	1	170803	084042.60	108.53752595	34.22460115	35.15	0.0720	0.0400	-1.0210	2.20	NULL	38	0
785	1	1	1	170803	084042.70	108.53751981	34.22459960	35.15	0.0290	-0.0130	-1.0390	2.09	NULL	38	0
786	1	1	1	170803	084042.80	108.53751366	34.22459806	35.15	-0.0650	0.0080	-1.0270	2.09	NULL	38	0
787	1	1	1	170803	084042.90	108.53750752	34.22459654	35.15	0.0070	-0.0180	-0.9970	2.09	NULL	38	0
788	1	1	1	170803	084043.00	108.53750135	34.22459501	35.15	-0.0480	-0.0950	-1.0880	1.99	NULL	38	0
789	1	1	1	170803	084043.10	108.53749522	34.22459347	35.15	-0.0230	-0.0500	-0.9950	1.99	NULL	38	0
790	1	1	1	170803	084043.20	108.53748907	34.22459194	35.15	0.0140	-0.0490	-0.9970	1.99	NULL	38	0
791	1	1	1	170803	084043.30	108.53748295	34.22459040	35.15	-0.0200	0.0470	-1.0280	2.00	NULL	38	0
792	1	1	1	170803	084043.40	108.53747681	34.22458887	35.15	-0.0310	-0.0190	-0.9780	2.00	NULL	38	0
793	1	1	1	170803	084043.50	108.53747071	34.22458732	35.15	-0.0550	0.1410	-0.9850	2.00	NULL	38	0
794	1	1	1	170803	084043.60	108.53746460	34.22458578	33.30	0.0160	0.0300	-0.9730	2.04	NULL	37	0
795	1	1	1	170803	084043.70	108.53745849	34.22458426	33.30	0.0280	-0.0660	-0.9180	2.04	NULL	38	0
796	1	1	1	170803	084043.80	108.53745238	34.22458274	33.30	0.0270	-0.0120	-1.0220	2.04	NULL	37	0
797	1	1	1	170803	084043.90	108.53744628	34.22458121	33.30	0.0500	-0.0130	-0.9780	2.10	NULL	38	0
798	1	1	1	170803	084044.00	108.53744017	34.22457968	33.30	-0.0020	0.0020	-1.0330	2.10	NULL	37	0
799	1	1	1	170803	084044.10	108.53743408	34.22457815	33.30	0.0360	-0.0710	-0.8390	2.10	NULL	38	0
800	1	1	1	170803	084044.20	108.53742799	34.22457661	33.30	0.0400	-0.0590	-1.0510	2.09	NULL	37	0
801	1	1	1	170803	084044.30	108.53742188	34.22457508	33.30	-0.0160	-0.0400	-0.9700	2.09	NULL	38	0
802	1	1	1	170803	084044.40	108.53741577	34.22457356	33.30	0.0290	-0.0260	-0.9620	2.09	NULL	37	0
803	1	1	1	170803	084044.50	108.53740967	34.22457204	33.30	0.0120	0.0370	-1.0450	2.07	NULL	38	0
804	1	1	1	170803	084044.60	108.53740360	34.22457045	33.30	0.0240	-0.0580	-1.0130	2.07	NULL	37	0
805	1	1	1	170803	084044.70	108.53739750	34.22456890	33.30	0.0100	-0.0130	-1.0120	2.07	NULL	38	0
806	1	1	1	170803	084044.80	108.53739140	34.22456735	33.30	-0.0160	0.0440	-1.0410	1.87	NULL	38	0
807	1	1	1	170803	084044.90	108.53738530	34.22456583	33.30	-0.0120	-0.0190	-0.9740	1.87	NULL	38	0
808	1	1	1	170803	084045.00	108.53737919	34.22456429	33.30	-0.0170	-0.0280	-1.0660	1.87	NULL	37	0
809	1	1	1	170803	084045.10	108.53737309	34.22456275	33.30	-0.0280	-0.0150	-1.0200	1.80	NULL	38	0
810	1	1	1	170803	084045.20	108.53736697	34.22456122	33.30	0.0080	0.0340	-1.0120	1.80	NULL	37	0
811	1	1	1	170803	084045.30	108.53736089	34.22455970	33.30	0.0100	-0.0030	-0.9450	1.80	NULL	38	0
812	1	1	1	170803	084045.40	108.53735479	34.22455818	33.30	0.0000	0.0190	-0.9990	1.78	NULL	37	0
813	1	1	1	170803	084045.50	108.53734868	34.22455664	33.30	-0.0070	-0.0150	-0.9830	1.78	NULL	38	0
814	1	1	1	170803	084045.60	108.53734264	34.22455505	33.30	0.0340	0.0180	-0.9460	1.78	NULL	37	0
815	1	1	1	170803	084045.70	108.53733654	34.22455352	33.30	0.0320	0.0460	-0.9320	1.78	NULL	38	0
816	1	1	1	170803	084045.80	108.53733041	34.22455199	33.30	0.0350	0.0090	-0.9690	1.78	NULL	37	0
817	1	1	1	170803	084045.90	108.53732434	34.22455046	33.30	0.0280	-0.0080	-0.9810	1.78	NULL	38	0
818	1	1	1	170803	084046.00	108.53731823	34.22454895	33.30	-0.0470	-0.0190	-1.1190	1.77	NULL	37	0
819	1	1	1	170803	084046.10	108.53731215	34.22454742	33.30	0.0180	-0.0170	-1.0100	1.77	NULL	38	0
820	1	1	1	170803	084046.20	108.53730606	34.22454591	33.30	0.0230	-0.0130	-1.0140	1.77	NULL	37	0
821	1	1	1	170803	084046.30	108.53729998	34.22454438	33.30	-0.0290	0.0720	-0.9900	1.72	NULL	38	0
822	1	1	1	170803	084046.40	108.53729390	34.22454286	33.30	0.0560	-0.0090	-0.9860	1.72	NULL	37	0
823	1	1	1	170803	084046.50	108.53728784	34.22454133	33.30	0.0170	-0.0160	-0.9260	1.72	NULL	37	0
824	1	1	1	170803	084046.60	108.53728174	34.22453981	33.30	-0.0080	0.0010	-1.0520	1.72	NULL	37	0
825	1	1	1	170803	084046.70	108.53727565	34.22453828	33.30	0.0240	-0.0450	-0.9740	1.65	NULL	37	0
826	1	1	1	170803	084046.80	108.53726954	34.22453675	33.30	-0.0060	0.0010	-0.8980	1.65	NULL	37	0
827	1	1	1	170803	084046.90	108.53726348	34.22453522	33.30	-0.0060	0.0470	-0.9660	1.65	NULL	38	0
828	1	1	1	170803	084047.00	108.53725740	34.22453369	33.30	0.0210	-0.0400	-1.0390	1.58	NULL	37	0
829	1	1	1	170803	084047.10	108.53725136	34.22453214	33.30	-0.0470	0.1030	-1.0390	1.58	NULL	37	0
830	1	1	1	170803	084047.20	108.53724531	34.22453061	33.30	-0.0470	0.0890	-1.0710	1.58	NULL	37	0
831	1	1	1	170803	084047.30	108.53723928	34.22452908	33.30	0.0170	-0.0390	-1.0010	1.67	NULL	37	0
832	1	1	1	170803	084047.40	108.53723323	34.22452754	33.30	0.0580	0.0280	-0.9790	1.67	NULL	37	0
833	1	1	1	170803	084047.50	108.53722718	34.22452601	33.30	-0.0260	-0.0110	-1.0750	1.67	NULL	37	0
834	1	1	1	170803	084047.60	108.53722112	34.22452447	33.30	-0.0020	0.0300	-0.9680	1.63	NULL	37	0
835	1	1	1	170803	084047.70	108.53721510	34.22452295	33.30	0.0030	-0.0030	-1.0530	1.63	NULL	37	0
836	1	1	1	170803	084047.80	108.53720902	34.22452142	33.30	0.0530	0.0370	-1.0480	1.63	NULL	37	0
837	1	1	1	170803	084047.90	108.53720287	34.22451986	35.15	-0.0650	-0.0410	-0.9070	1.56	NULL	37	0
838	1	1	1	170803	084048.00	108.53719670	34.22451827	35.15	-0.1680	0.0940	-0.9060	1.56	NULL	37	0
839	1	1	1	170803	084048.10	108.53719079	34.22451676	33.30	-1.2390	-0.5110	-1.2120	1.56	NULL	37	0
840	1	1	1	170803	084048.20	108.53718484	34.22451522	33.30	0.2960	-0.0050	-1.0710	1.51	NULL	37	0
841	1	1	1	170803	084048.30	108.53717889	34.22451369	33.30	0.0580	-0.0330	-1.3730	1.51	NULL	37	0
842	1	1	1	170803	084048.40	108.53717302	34.22451217	33.30	0.0090	0.0020	-1.0600	1.51	NULL	37	0
843	1	1	1	170803	084048.50	108.53716702	34.22451064	33.30	0.0100	-0.0190	-0.9890	1.54	NULL	37	0
844	1	1	1	170803	084048.60	108.53716098	34.22450908	33.30	-0.0540	-0.0150	-0.9060	1.54	NULL	37	0
845	1	1	1	170803	084048.70	108.53715502	34.22450756	33.30	0.0170	-0.0150	-0.9090	1.54	NULL	37	0
846	1	1	1	170803	084048.80	108.53714899	34.22450599	33.30	-0.0060	0.0220	-1.0380	1.48	NULL	37	0
847	1	1	1	170803	084048.90	108.53714302	34.22450447	33.30	-0.0030	0.0050	-1.0000	1.48	NULL	37	0
848	1	1	1	170803	084049.00	108.53713694	34.22450288	33.30	-0.0010	0.0740	-1.0150	1.48	NULL	37	0
849	1	1	1	170803	084049.10	108.53713097	34.22450136	33.30	0.0120	-0.0030	-1.0310	1.56	NULL	37	0
850	1	1	1	170803	084049.20	108.53712501	34.22449984	33.30	-0.0020	0.0380	-0.9320	1.56	NULL	37	0
851	1	1	1	170803	084049.30	108.53711904	34.22449832	33.30	0.0200	0.0020	-0.9840	1.56	NULL	37	0
852	1	1	1	170803	084049.40	108.53711308	34.22449677	33.30	0.0290	-0.0290	-0.9720	1.67	NULL	37	0
853	1	1	1	170803	084049.50	108.53710711	34.22449526	33.30	-0.0200	-0.0110	-0.9460	1.67	NULL	37	0
854	1	1	1	170803	084049.60	108.53710114	34.22449375	33.30	-0.0410	0.0110	-1.0160	1.67	NULL	37	0
855	1	1	1	170803	084049.70	108.53709516	34.22449223	33.30	0.0250	0.0090	-1.0690	1.67	NULL	37	0
856	1	1	1	170803	084049.80	108.53708916	34.22449072	33.30	-0.0120	0.0010	-0.9870	1.72	NULL	37	0
857	1	1	1	170803	084049.90	108.53708320	34.22448922	33.30	0.0130	0.0170	-0.9600	1.72	NULL	37	0
858	1	1	1	170803	084050.00	108.53707725	34.22448770	33.30	0.0150	-0.0180	-1.0310	1.73	NULL	37	0
859	1	1	1	170803	084050.10	108.53707128	34.22448618	33.30	0.0420	-0.0120	-1.0750	1.73	NULL	37	0
860	1	1	1	170803	084050.20	108.53706531	34.22448466	33.30	0.0040	0.0390	-1.0550	1.73	NULL	37	0
861	1	1	1	170803	084050.30	108.53705933	34.22448316	33.30	0.0060	-0.0100	-1.0740	1.75	NULL	37	0
862	1	1	1	170803	084050.40	108.53705340	34.22448165	33.30	-0.0260	0.0040	-0.9230	1.75	NULL	37	0
863	1	1	1	170803	084050.50	108.53704745	34.22448013	33.30	0.0140	0.0340	-0.9750	1.75	NULL	37	0
864	1	1	1	170803	084050.60	108.53704153	34.22447862	33.30	0.0140	-0.0360	-0.9310	1.75	NULL	37	0
865	1	1	1	170803	084050.70	108.53703557	34.22447709	33.30	0.0180	0.0160	-1.0400	1.75	NULL	37	0
866	1	1	1	170803	084050.80	108.53702965	34.22447558	33.30	0.0360	-0.0200	-1.0140	1.75	NULL	37	0
867	1	1	1	170803	084050.90	108.53702369	34.22447406	33.30	0.0290	-0.0190	-0.9860	1.75	NULL	37	0
868	1	1	1	170803	084051.00	108.53701775	34.22447255	33.30	0.0380	-0.0300	-1.0510	1.79	NULL	37	0
869	1	1	1	170803	084051.10	108.53701177	34.22447104	33.30	0.0240	-0.0050	-0.9770	1.79	NULL	37	0
870	1	1	1	170803	084051.20	108.53700581	34.22446952	33.30	0.0020	0.0040	-1.0440	1.79	NULL	37	0
871	1	1	1	170803	084051.30	108.53699982	34.22446800	33.30	-0.0370	-0.0090	-0.9210	1.84	NULL	37	0
872	1	1	1	170803	084051.40	108.53699386	34.22446647	33.30	-0.0080	0.0110	-0.9420	1.84	NULL	37	0
873	1	1	1	170803	084051.50	108.53698789	34.22446498	33.30	0.0530	0.0090	-0.9610	1.84	NULL	37	0
874	1	1	1	170803	084051.60	108.53698193	34.22446345	33.30	0.0120	-0.0200	-1.0690	2.01	NULL	37	0
875	1	1	1	170803	084051.70	108.53697589	34.22446191	33.30	0.0800	-0.0090	-1.0000	2.01	NULL	37	0
876	1	1	1	170803	084051.80	108.53696985	34.22446035	33.30	0.0140	0.0360	-0.8740	2.01	NULL	38	0
877	1	1	1	170803	084051.90	108.53696380	34.22445882	33.30	0.0710	0.0140	-0.9500	2.41	NULL	37	0
878	1	1	1	170803	084052.00	108.53695772	34.22445721	33.30	0.0700	0.0520	-1.0430	2.41	NULL	38	0
879	1	1	1	170803	084052.10	108.53695158	34.22445565	35.15	0.0700	0.0520	-1.0430	2.41	NULL	38	0
880	1	1	1	170803	084052.20	108.53694554	34.22445419	35.15	0.0580	-0.0290	-0.9860	3.24	NULL	38	0
881	1	1	1	170803	084052.30	108.53693941	34.22445263	35.15	0.0700	0.0120	-0.9330	3.24	NULL	38	0
882	1	1	1	170803	084052.40	108.53693338	34.22445111	35.15	0.0720	-0.0050	-1.0750	3.24	NULL	39	0
883	1	1	1	170803	084052.50	108.53692718	34.22444955	35.15	0.0960	-0.0140	-1.0030	3.55	NULL	38	0
884	1	1	1	170803	084052.60	108.53692100	34.22444804	35.15	0.0320	0.0310	-1.0030	3.55	NULL	39	0
885	1	1	1	170803	084052.70	108.53691473	34.22444647	35.15	0.0340	-0.0230	-0.8910	3.55	NULL	39	0
886	1	1	1	170803	084052.80	108.53690854	34.22444502	35.15	-0.0030	0.0620	-1.0150	3.66	NULL	39	0
887	1	1	1	170803	084052.90	108.53690227	34.22444340	35.15	0.0490	0.0130	-1.0430	3.66	NULL	39	0
888	1	1	1	170803	084053.00	108.53689608	34.22444181	35.15	0.0530	-0.0050	-0.9960	3.66	NULL	39	0
889	1	1	1	170803	084053.10	108.53688974	34.22444019	35.15	0.0610	0.0550	-1.0540	3.76	NULL	39	0
890	1	1	1	170803	084053.20	108.53688338	34.22443871	35.15	0.0330	0.0070	-0.9350	3.76	NULL	40	0
891	1	1	1	170803	084053.30	108.53687701	34.22443710	35.15	0.0730	0.0360	-1.0150	3.76	NULL	39	0
892	1	1	1	170803	084053.40	108.53687054	34.22443558	37.00	0.0180	-0.0210	-1.0890	3.83	NULL	40	0
893	1	1	1	170803	084053.50	108.53686412	34.22443394	37.00	0.0200	0.0450	-1.0030	3.83	NULL	40	0
894	1	1	1	170803	084053.60	108.53685766	34.22443241	37.00	0.0270	-0.0260	-0.8990	3.83	NULL	40	0
895	1	1	1	170803	084053.70	108.53685124	34.22443077	37.00	0.0760	0.0210	-1.1060	4.03	NULL	40	0
896	1	1	1	170803	084053.80	108.53684481	34.22442913	37.00	0.0170	-0.0110	-1.0340	4.03	NULL	40	0
897	1	1	1	170803	084053.90	108.53683831	34.22442748	37.00	0.0270	0.0230	-1.0200	4.03	NULL	40	0
898	1	1	1	170803	084054.00	108.53683182	34.22442582	37.00	0.0310	-0.0140	-0.9640	4.05	NULL	40	0
899	1	1	1	170803	084054.10	108.53682532	34.22442416	37.00	-0.0030	0.0230	-0.9580	4.05	NULL	40	0
900	1	1	1	170803	084054.20	108.53681870	34.22442247	37.00	-0.0230	-0.0150	-1.0440	4.05	NULL	40	0
901	1	1	1	170803	084054.30	108.53681219	34.22442080	37.00	0.0520	-0.0280	-1.0030	4.05	NULL	40	0
902	1	1	1	170803	084054.40	108.53680564	34.22441912	37.00	-0.0270	-0.0220	-1.0330	4.07	NULL	40	0
903	1	1	1	170803	084054.50	108.53679915	34.22441746	37.00	-0.0010	0.0390	-0.9430	4.07	NULL	40	0
904	1	1	1	170803	084054.60	108.53679262	34.22441577	37.00	-0.0020	-0.0060	-1.0170	4.07	NULL	40	0
905	1	1	1	170803	084054.70	108.53678612	34.22441410	37.00	0.0280	-0.0140	-1.0130	3.20	NULL	40	0
906	1	1	1	170803	084054.80	108.53677961	34.22441234	37.00	-0.0540	-0.0160	-0.9550	3.20	NULL	40	0
907	1	1	1	170803	084054.90	108.53677314	34.22441070	37.00	-0.0290	-0.0130	-0.9390	3.20	NULL	40	0
908	1	1	1	170803	084055.00	108.53676663	34.22440898	37.00	0.0150	0.0010	-1.0370	2.73	NULL	40	0
909	1	1	1	170803	084055.10	108.53676019	34.22440733	37.00	-0.0490	0.0040	-1.0500	2.73	NULL	40	0
910	1	1	1	170803	084055.20	108.53675373	34.22440562	37.00	-0.0720	0.0170	-1.0400	2.73	NULL	40	0
911	1	1	1	170803	084055.30	108.53674727	34.22440398	37.00	0.0690	0.0060	-1.0090	2.37	NULL	40	0
912	1	1	1	170803	084055.40	108.53674079	34.22440227	37.00	0.0000	-0.0170	-0.8830	2.37	NULL	40	0
913	1	1	1	170803	084055.50	108.53673439	34.22440065	35.15	0.0420	0.0440	-0.9700	2.37	NULL	40	0
914	1	1	1	170803	084055.60	108.53672795	34.22439896	35.15	0.0430	0.0000	-1.0050	2.32	NULL	40	0
915	1	1	1	170803	084055.70	108.53672155	34.22439735	35.15	-0.0010	0.0260	-1.0140	2.32	NULL	39	0
916	1	1	1	170803	084055.80	108.53671516	34.22439564	35.15	-0.0730	0.0160	-1.0090	2.32	NULL	40	0
917	1	1	1	170803	084055.90	108.53670875	34.22439404	35.15	0.0150	0.0260	-1.0110	2.29	NULL	39	0
918	1	1	1	170803	084056.00	108.53670234	34.22439238	35.15	0.0110	0.0190	-1.0260	2.29	NULL	40	0
919	1	1	1	170803	084056.10	108.53669594	34.22439078	35.15	-0.0010	0.0080	-1.0360	2.29	NULL	39	0
920	1	1	1	170803	084056.20	108.53668951	34.22438915	35.15	-0.0020	-0.0030	-0.9710	2.22	NULL	40	0
921	1	1	1	170803	084056.30	108.53668315	34.22438754	35.15	-0.0000	0.0160	-1.0710	2.22	NULL	39	0
922	1	1	1	170803	084056.40	108.53667677	34.22438588	35.15	-0.0100	-0.0070	-1.0330	2.22	NULL	40	0
923	1	1	1	170803	084056.50	108.53667038	34.22438429	35.15	-0.0390	0.0370	-1.0800	2.19	NULL	39	0
924	1	1	1	170803	084056.60	108.53666402	34.22438262	35.15	-0.0270	0.0070	-1.0590	2.19	NULL	39	0
925	1	1	1	170803	084056.70	108.53665764	34.22438104	35.15	-0.0320	0.0130	-0.8610	2.19	NULL	39	0
926	1	1	1	170803	084056.80	108.53665124	34.22437941	35.15	-0.0270	0.0230	-0.9560	2.17	NULL	39	0
927	1	1	1	170803	084056.90	108.53664489	34.22437784	35.15	0.0500	-0.0010	-1.0200	2.17	NULL	39	0
928	1	1	1	170803	084057.00	108.53663851	34.22437624	35.15	0.0280	0.0070	-1.0310	2.17	NULL	39	0
929	1	1	1	170803	084057.10	108.53663214	34.22437465	35.15	0.0420	-0.0020	-0.9340	2.16	NULL	39	0
930	1	1	1	170803	084057.20	108.53662577	34.22437305	35.15	0.0530	0.0130	-0.9110	2.16	NULL	39	0
931	1	1	1	170803	084057.30	108.53661946	34.22437148	35.15	-0.0650	0.0430	-0.9150	2.16	NULL	39	0
932	1	1	1	170803	084057.40	108.53661314	34.22436989	35.15	0.0350	0.0220	-1.0350	2.11	NULL	39	0
933	1	1	1	170803	084057.50	108.53660683	34.22436831	35.15	0.0200	-0.0190	-1.0650	2.11	NULL	39	0
934	1	1	1	170803	084057.60	108.53660054	34.22436673	35.15	-0.0240	0.0050	-0.9930	2.11	NULL	39	0
935	1	1	1	170803	084057.70	108.53659427	34.22436515	35.15	-0.0140	-0.0210	-0.9430	2.08	NULL	39	0
936	1	1	1	170803	084057.80	108.53658800	34.22436356	35.15	-0.0220	0.0240	-1.0050	2.08	NULL	39	0
937	1	1	1	170803	084057.90	108.53658173	34.22436198	35.15	0.0210	-0.0320	-0.9780	2.08	NULL	39	0
938	1	1	1	170803	084058.00	108.53657550	34.22436038	35.15	0.0230	0.0570	-0.9900	2.09	NULL	39	0
939	1	1	1	170803	084058.10	108.53656925	34.22435882	35.15	-0.0570	0.0220	-0.9390	2.09	NULL	39	0
940	1	1	1	170803	084058.20	108.53656303	34.22435722	35.15	0.0280	0.0150	-1.0330	2.09	NULL	38	0
941	1	1	1	170803	084058.30	108.53655679	34.22435565	35.15	0.0070	0.0080	-1.0790	2.05	NULL	39	0
942	1	1	1	170803	084058.40	108.53655055	34.22435408	35.15	-0.0490	0.0060	-1.0390	2.05	NULL	38	0
943	1	1	1	170803	084058.50	108.53654431	34.22435253	35.15	-0.0210	0.0350	-1.0310	2.05	NULL	39	0
944	1	1	1	170803	084058.60	108.53653805	34.22435098	35.15	-0.0020	0.0110	-0.9720	2.05	NULL	38	0
945	1	1	1	170803	084058.70	108.53653181	34.22434942	35.15	0.0080	0.0400	-1.0300	2.06	NULL	39	0
946	1	1	1	170803	084058.80	108.53652555	34.22434788	35.15	0.0100	0.0410	-0.9840	2.06	NULL	38	0
947	1	1	1	170803	084058.90	108.53651933	34.22434632	35.15	-0.0320	-0.0220	-1.0160	2.06	NULL	38	0
948	1	1	1	170803	084059.00	108.53651310	34.22434476	35.15	0.0460	0.0260	-0.9690	2.05	NULL	38	0
949	1	1	1	170803	084059.10	108.53650688	34.22434320	35.15	0.0310	-0.0220	-1.0570	2.05	NULL	38	0
950	1	1	1	170803	084059.20	108.53650068	34.22434165	35.15	-0.0090	-0.0170	-1.0730	2.05	NULL	38	0
951	1	1	1	170803	084059.30	108.53649448	34.22434009	35.15	-0.0130	0.0740	-0.9910	2.06	NULL	38	0
952	1	1	1	170803	084059.40	108.53648828	34.22433852	35.15	-0.0630	0.0040	-0.9590	2.06	NULL	38	0
953	1	1	1	170803	084059.50	108.53648211	34.22433697	35.15	-0.0350	-0.0290	-1.0070	2.06	NULL	38	0
954	1	1	1	170803	084059.60	108.53647593	34.22433540	35.15	-0.0490	-0.0080	-1.0060	2.13	NULL	38	0
955	1	1	1	170803	084059.70	108.53646974	34.22433383	35.15	0.0350	0.0030	-1.0440	2.13	NULL	38	0
956	1	1	1	170803	084059.80	108.53646356	34.22433227	35.15	0.0010	-0.0110	-0.9010	2.13	NULL	38	0
957	1	1	1	170803	084059.90	108.53645739	34.22433073	35.15	0.0160	0.0000	-0.9510	2.20	NULL	38	0
958	1	1	1	170803	084100.00	108.53645121	34.22432917	35.15	0.0080	-0.0250	-1.0100	2.20	NULL	38	0
959	1	1	1	170803	084100.10	108.53644503	34.22432761	35.15	0.0250	-0.0130	-1.0720	2.20	NULL	38	0
960	1	1	1	170803	084100.20	108.53643885	34.22432606	35.15	0.0380	0.0080	-1.0070	2.27	NULL	38	0
961	1	1	1	170803	084100.30	108.53643268	34.22432450	35.15	0.0030	0.0010	-0.9930	2.27	NULL	38	0
962	1	1	1	170803	084100.40	108.53642651	34.22432294	35.15	0.0030	-0.0230	-1.0380	2.27	NULL	38	0
963	1	1	1	170803	084100.50	108.53642034	34.22432140	35.15	0.0540	-0.0040	-1.0450	2.28	NULL	38	0
964	1	1	1	170803	084100.60	108.53641416	34.22431986	35.15	-0.0320	-0.0290	-1.0190	2.28	NULL	38	0
965	1	1	1	170803	084100.70	108.53640799	34.22431829	35.15	-0.0140	0.0000	-1.0540	2.28	NULL	38	0
966	1	1	1	170803	084100.80	108.53640182	34.22431675	35.15	-0.0100	-0.0040	-0.9810	2.29	NULL	38	0
967	1	1	1	170803	084100.90	108.53639565	34.22431520	35.15	0.0510	0.0100	-0.9750	2.29	NULL	38	0
968	1	1	1	170803	084101.00	108.53638948	34.22431364	35.15	-0.0230	0.0190	-1.0410	2.29	NULL	38	0
969	1	1	1	170803	084101.10	108.53638333	34.22431209	35.15	0.0280	-0.0320	-1.0380	2.19	NULL	38	0
970	1	1	1	170803	084101.20	108.53637717	34.22431052	35.15	0.0410	0.0020	-1.0070	2.19	NULL	38	0
971	1	1	1	170803	084101.30	108.53637101	34.22430897	35.15	-0.0060	0.0280	-0.9960	2.19	NULL	38	0
972	1	1	1	170803	084101.40	108.53636486	34.22430742	35.15	0.0330	0.0080	-1.0020	2.22	NULL	38	0
973	1	1	1	170803	084101.50	108.53635870	34.22430586	35.15	0.0160	-0.0180	-1.0920	2.22	NULL	38	0
974	1	1	1	170803	084101.60	108.53635253	34.22430430	35.15	-0.0230	-0.0130	-1.0910	2.22	NULL	38	0
975	1	1	1	170803	084101.70	108.53634637	34.22430275	35.15	-0.0030	-0.0090	-0.9920	2.21	NULL	38	0
976	1	1	1	170803	084101.80	108.53634021	34.22430119	35.15	0.0040	0.0010	-0.8730	2.21	NULL	38	0
977	1	1	1	170803	084101.90	108.53633406	34.22429965	35.15	0.0450	0.0300	-1.0420	2.21	NULL	38	0
978	1	1	1	170803	084102.00	108.53632790	34.22429810	35.15	-0.0390	0.0170	-1.0500	2.23	NULL	38	0
979	1	1	1	170803	084102.10	108.53632173	34.22429654	35.15	0.0360	0.0010	-0.9780	2.23	NULL	38	0
980	1	1	1	170803	084102.20	108.53631558	34.22429498	35.15	-0.0050	-0.0100	-0.9390	2.23	NULL	38	0
981	1	1	1	170803	084102.30	108.53630944	34.22429345	35.15	0.0360	-0.0110	-1.0150	2.20	NULL	38	0
982	1	1	1	170803	084102.40	108.53630329	34.22429189	35.15	-0.0030	-0.0100	-1.0480	2.20	NULL	38	0
983	1	1	1	170803	084102.50	108.53629713	34.22429035	35.15	0.0110	0.0230	-1.0400	2.20	NULL	38	0
984	1	1	1	170803	084102.60	108.53629099	34.22428880	35.15	-0.0080	-0.0150	-0.9480	2.20	NULL	38	0
985	1	1	1	170803	084102.70	108.53628484	34.22428726	35.15	0.0130	0.0090	-1.0360	2.26	NULL	38	0
986	1	1	1	170803	084102.80	108.53627869	34.22428571	35.15	0.0420	-0.0340	-0.9930	2.26	NULL	38	0
987	1	1	1	170803	084102.90	108.53627253	34.22428417	35.15	0.0380	0.0220	-1.0380	2.26	NULL	38	0
988	1	1	1	170803	084103.00	108.53626639	34.22428262	35.15	0.0180	0.0110	-0.9980	2.28	NULL	38	0
989	1	1	1	170803	084103.10	108.53626026	34.22428107	35.15	-0.0460	0.0240	-0.9970	2.28	NULL	38	0
990	1	1	1	170803	084103.20	108.53625413	34.22427953	35.15	0.0540	0.0040	-1.0620	2.28	NULL	38	0
991	1	1	1	170803	084103.30	108.53624797	34.22427799	35.15	0.0050	0.0490	-1.0340	2.29	NULL	38	0
992	1	1	1	170803	084103.40	108.53624184	34.22427645	35.15	0.0530	0.0000	-1.0060	2.29	NULL	38	0
993	1	1	1	170803	084103.50	108.53623567	34.22427490	35.15	0.0670	0.0260	-1.0030	2.29	NULL	38	0
994	1	1	1	170803	084103.60	108.53622951	34.22427336	35.15	0.0020	0.0050	-0.9430	2.34	NULL	38	0
995	1	1	1	170803	084103.70	108.53622337	34.22427182	35.15	-0.0100	0.0070	-1.0140	2.34	NULL	38	0
996	1	1	1	170803	084103.80	108.53621724	34.22427027	35.15	0.0400	-0.0170	-1.0220	2.34	NULL	38	0
997	1	1	1	170803	084103.90	108.53621108	34.22426873	35.15	0.0060	0.0080	-1.0300	2.36	NULL	38	0
998	1	1	1	170803	084104.00	108.53620494	34.22426717	35.15	-0.0400	-0.0020	-0.9230	2.36	NULL	38	0
999	1	1	1	170803	084104.10	108.53619879	34.22426563	35.15	-0.0090	0.0640	-0.9610	2.36	NULL	38	0
1000	1	1	1	170803	084104.20	108.53619260	34.22426405	35.15	0.0750	0.0010	-1.0290	2.36	NULL	38	0
1001	1	1	1	170803	084104.30	108.53618645	34.22426249	35.15	-0.0570	0.0650	-1.0630	2.36	NULL	38	0
1002	1	1	1	170803	084104.40	108.53618022	34.22426089	35.15	-0.0150	0.0550	-0.9850	2.36	NULL	38	0
1003	1	1	1	170803	084104.50	108.53617407	34.22425936	35.15	0.0360	-0.0430	-0.8830	2.36	NULL	38	0
1004	1	1	1	170803	084104.60	108.53616786	34.22425775	35.15	-0.0550	-0.0370	-0.9140	2.36	NULL	38	0
1005	1	1	1	170803	084104.70	108.53616170	34.22425620	35.15	0.0240	-0.0650	-0.9210	2.36	NULL	38	0
1006	1	1	1	170803	084104.80	108.53615555	34.22425462	35.15	0.0320	0.0180	-0.9530	2.34	NULL	38	0
1007	1	1	1	170803	084104.90	108.53614941	34.22425309	35.15	-0.0100	-0.0420	-1.0760	2.34	NULL	38	0
1008	1	1	1	170803	084105.00	108.53614328	34.22425152	35.15	0.0540	-0.0350	-1.0600	2.34	NULL	38	0
1009	1	1	1	170803	084105.10	108.53613713	34.22424997	35.15	-0.0140	0.0320	-1.0950	2.30	NULL	38	0
1010	1	1	1	170803	084105.20	108.53613098	34.22424840	35.15	0.0250	0.0190	-1.0900	2.30	NULL	38	0
1011	1	1	1	170803	084105.30	108.53612479	34.22424685	35.15	0.0230	-0.0040	-0.9700	2.30	NULL	38	0
1012	1	1	1	170803	084105.40	108.53611858	34.22424527	35.15	-0.0630	0.0120	-0.8800	2.28	NULL	38	0
1013	1	1	1	170803	084105.50	108.53611243	34.22424373	35.15	0.0550	0.0190	-0.9580	2.28	NULL	38	0
1014	1	1	1	170803	084105.60	108.53610620	34.22424213	35.15	-0.0520	0.0180	-1.0640	2.28	NULL	38	0
1015	1	1	1	170803	084105.70	108.53610004	34.22424056	35.15	-0.0270	0.0430	-1.0400	2.25	NULL	38	0
1016	1	1	1	170803	084105.80	108.53609390	34.22423899	35.15	-0.0410	-0.0130	-1.0000	2.25	NULL	38	0
1017	1	1	1	170803	084105.90	108.53608777	34.22423744	35.15	-0.1000	-0.0000	-0.9140	2.25	NULL	38	0
1018	1	1	1	170803	084106.00	108.53608163	34.22423586	35.15	0.0750	-0.0010	-1.0720	2.26	NULL	38	0
1019	1	1	1	170803	084106.10	108.53607548	34.22423429	35.15	0.0280	-0.0490	-1.1120	2.26	NULL	38	0
1020	1	1	1	170803	084106.20	108.53606934	34.22423270	35.15	0.0090	0.0210	-0.9730	2.26	NULL	38	0
1021	1	1	1	170803	084106.30	108.53606319	34.22423113	35.15	0.0250	-0.0080	-0.9870	2.28	NULL	38	0
1022	1	1	1	170803	084106.40	108.53605703	34.22422954	35.15	0.0090	0.0170	-1.0130	2.28	NULL	38	0
1023	1	1	1	170803	084106.50	108.53605086	34.22422795	35.15	0.0110	0.0310	-0.9860	2.28	NULL	38	0
1024	1	1	1	170803	084106.60	108.53604469	34.22422634	35.15	0.0280	-0.0300	-0.9920	2.28	NULL	38	0
1025	1	1	1	170803	084106.70	108.53603852	34.22422474	35.15	-0.0010	-0.0250	-0.9430	2.62	NULL	38	0
1026	1	1	1	170803	084106.80	108.53603238	34.22422313	35.15	0.0090	-0.0380	-1.0470	2.62	NULL	38	0
1027	1	1	1	170803	084106.90	108.53602621	34.22422152	35.15	0.0220	-0.0280	-0.9660	2.62	NULL	38	0
1028	1	1	1	170803	084107.00	108.53601997	34.22421986	35.15	-0.0080	0.0010	-1.0520	2.71	NULL	39	0
1029	1	1	1	170803	084107.10	108.53601379	34.22421824	35.15	0.0610	0.0100	-0.9900	2.71	NULL	38	0
1030	1	1	1	170803	084107.20	108.53600754	34.22421658	35.15	-0.0110	-0.0210	-1.0190	2.71	NULL	39	0
1031	1	1	1	170803	084107.30	108.53600135	34.22421496	35.15	-0.0460	0.0010	-0.9110	2.79	NULL	38	0
1032	1	1	1	170803	084107.40	108.53599517	34.22421334	35.15	0.0600	0.0020	-0.9710	2.79	NULL	39	0
1033	1	1	1	170803	084107.50	108.53598896	34.22421170	35.15	0.1170	0.0580	-1.0300	2.79	NULL	38	0
1034	1	1	1	170803	084107.60	108.53598268	34.22421004	35.15	0.0230	0.0040	-0.9990	2.95	NULL	39	0
1035	1	1	1	170803	084107.70	108.53597644	34.22420841	35.15	-0.0160	0.0320	-0.9490	2.95	NULL	39	0
1036	1	1	1	170803	084107.80	108.53597021	34.22420676	35.15	-0.0470	0.0180	-1.0250	2.95	NULL	39	0
1037	1	1	1	170803	084107.90	108.53596399	34.22420513	35.15	0.0650	-0.0490	-1.1090	3.00	NULL	39	0
1038	1	1	1	170803	084108.00	108.53595777	34.22420349	35.15	0.0390	-0.0090	-1.0560	3.00	NULL	39	0
1039	1	1	1	170803	084108.10	108.53595151	34.22420184	35.15	0.0270	-0.0310	-1.0550	3.00	NULL	39	0
1040	1	1	1	170803	084108.20	108.53594520	34.22420016	35.15	-0.0020	0.0420	-0.9950	3.11	NULL	39	0
1041	1	1	1	170803	084108.30	108.53593892	34.22419851	35.15	0.0410	0.0250	-0.9810	3.11	NULL	39	0
1042	1	1	1	170803	084108.40	108.53593268	34.22419687	35.15	0.0260	-0.0280	-1.0220	3.11	NULL	39	0
1043	1	1	1	170803	084108.50	108.53592637	34.22419520	35.15	0.0420	0.0270	-1.0390	3.25	NULL	39	0
1044	1	1	1	170803	084108.60	108.53592009	34.22419355	35.15	0.0260	-0.0120	-0.9850	3.25	NULL	39	0
1045	1	1	1	170803	084108.70	108.53591377	34.22419188	35.15	0.0280	0.0950	-1.0140	3.25	NULL	39	0
1046	1	1	1	170803	084108.80	108.53590747	34.22419022	35.15	0.0550	-0.0120	-1.0150	3.42	NULL	39	0
1047	1	1	1	170803	084108.90	108.53590111	34.22418853	35.15	-0.0360	0.1810	-1.0610	3.42	NULL	39	0
1048	1	1	1	170803	084109.00	108.53589477	34.22418686	35.15	-0.0170	-0.0190	-1.0200	3.42	NULL	39	0
1049	1	1	1	170803	084109.10	108.53588842	34.22418518	35.15	-0.0130	0.0160	-0.8860	3.19	NULL	39	0
1050	1	1	1	170803	084109.20	108.53588209	34.22418351	35.15	-0.1210	-0.0300	-1.1070	3.19	NULL	39	0
1051	1	1	1	170803	084109.30	108.53587576	34.22418184	35.15	0.0460	0.0590	-0.9980	3.19	NULL	39	0
1052	1	1	1	170803	084109.40	108.53586945	34.22418020	35.15	0.0380	0.0330	-1.0290	2.74	NULL	39	0
1053	1	1	1	170803	084109.50	108.53586308	34.22417854	35.15	0.0080	-0.0060	-1.0310	2.74	NULL	39	0
1054	1	1	1	170803	084109.60	108.53585673	34.22417690	35.15	-0.0410	0.0970	-0.9910	2.74	NULL	39	0
1055	1	1	1	170803	084109.70	108.53585040	34.22417525	35.15	-0.0010	-0.0390	-0.9740	2.74	NULL	39	0
1056	1	1	1	170803	084109.80	108.53584401	34.22417360	35.15	0.0230	0.0070	-1.0660	2.74	NULL	39	0
1057	1	1	1	170803	084109.90	108.53583768	34.22417194	35.15	0.0250	-0.0040	-0.9990	2.74	NULL	39	0
1058	1	1	1	170803	084110.00	108.53583137	34.22417030	35.15	0.0200	0.0240	-1.0500	2.40	NULL	39	0
1059	1	1	1	170803	084110.10	108.53582504	34.22416864	35.15	0.0040	-0.0090	-0.9640	2.40	NULL	39	0
1060	1	1	1	170803	084110.20	108.53581871	34.22416698	35.15	-0.0240	-0.0200	-0.9520	2.40	NULL	39	0
1061	1	1	1	170803	084110.30	108.53581240	34.22416535	35.15	-0.0110	0.0650	-0.9600	2.29	NULL	39	0
1062	1	1	1	170803	084110.40	108.53580607	34.22416371	35.15	-0.0250	-0.0190	-1.0260	2.29	NULL	39	0