1186	1	1	1	170803	084915.70	108.53608766	34.22313526	42.55	0.0400	-0.0210	-0.9880	1.48	NULL	47	0
1187	1	1	1	170803	084915.80	108.53609529	34.22313710	42.55	-0.0100	-0.0070	-1.0010	1.48	NULL	47	0
1188	1	1	1	170803	084915.90	108.53610295	34.22313896	42.55	0.0260	0.0330	-1.0110	1.59	NULL	47	0
1189	1	1	1	170803	084916.00	108.53611073	34.22314082	42.55	0.0040	-0.0510	-1.0330	1.59	NULL	47	0
1190	1	1	1	170803	084916.10	108.53611840	34.22314266	42.55	0.0280	0.0100	-0.8340	1.59	NULL	48	0
1191	1	1	1	170803	084916.20	108.53612613	34.22314447	42.55	0.0490	-0.0460	-0.9020	1.65	NULL	47	0
1192	1	1	1	170803	084916.30	108.53613380	34.22314634	42.55	0.0670	-0.1230	-1.0600	1.65	NULL	48	0
1193	1	1	1	170803	084916.40	108.53614143	34.22314821	42.55	-0.0180	0.0320	-1.0870	1.65	NULL	48	0
1194	1	1	1	170803	084916.50	108.53614913	34.22315011	42.55	0.0430	0.0620	-0.8990	1.67	NULL	48	0
1195	1	1	1	170803	084916.60	108.53615681	34.22315206	42.55	-0.0100	0.0250	-1.0250	1.67	NULL	48	0
1196	1	1	1	170803	084916.70	108.53616455	34.22315392	44.40	-0.0130	-0.1290	-1.0460	1.67	NULL	47	0
1197	1	1	1	170803	084916.80	108.53617221	34.22315581	44.40	0.0420	-0.0600	-1.0070	1.68	NULL	48	0
1198	1	1	1	170803	084916.90	108.53617995	34.22315771	44.40	0.0170	-0.0290	-0.9580	1.68	NULL	48	0
1199	1	1	1	170803	084917.00	108.53618767	34.22315955	44.40	0.0250	-0.0640	-0.9230	1.68	NULL	48	0
1200	1	1	1	170803	084917.10	108.53619543	34.22316144	44.40	0.0110	-0.0320	-0.9570	1.68	NULL	48	0
1201	1	1	1	170803	084917.20	108.53620317	34.22316336	44.40	0.0490	0.0070	-1.0380	1.68	NULL	48	0
1202	1	1	1	170803	084917.30	108.53621097	34.22316526	44.40	-0.0150	-0.0820	-1.0190	1.68	NULL	48	0
1203	1	1	1	170803	084917.40	108.53621877	34.22316717	44.40	0.0140	0.0120	-0.9500	1.70	NULL	49	0
1204	1	1	1	170803	084917.50	108.53622657	34.22316910	44.40	0.0690	0.0080	-0.9710	1.70	NULL	48	0
1205	1	1	1	170803	084917.60	108.53623465	34.22317087	44.40	0.0100	0.0030	-0.9460	1.70	NULL	48	0
1206	1	1	1	170803	084917.70	108.53624247	34.22317278	44.40	0.0440	-0.0540	-0.9730	1.70	NULL	49	0
1207	1	1	1	170803	084917.80	108.53625046	34.22317454	44.40	0.0010	-0.0350	-1.0150	1.70	NULL	48	0
1208	1	1	1	170803	084917.90	108.53625831	34.22317647	44.40	0.0280	-0.0550	-1.0060	1.70	NULL	49	0
1209	1	1	1	170803	084918.00	108.53626635	34.22317827	44.40	-0.0070	-0.0650	-1.0980	1.65	NULL	49	0
1210	1	1	1	170803	084918.10	108.53627423	34.22318020	44.40	0.0390	-0.0070	-1.0470	1.65	NULL	48	0
1211	1	1	1	170803	084918.20	108.53628208	34.22318213	44.40	0.0540	0.0210	-0.9810	1.65	NULL	49	0
1212	1	1	1	170803	084918.30	108.53628997	34.22318408	44.40	-0.0380	-0.0850	-1.0520	1.65	NULL	49	0
1213	1	1	1	170803	084918.40	108.53629780	34.22318604	44.40	0.1070	-0.0390	-0.9640	1.71	NULL	49	0
1214	1	1	1	170803	084918.50	108.53630569	34.22318804	44.40	-0.0080	0.0030	-1.0160	1.71	NULL	49	0
1215	1	1	1	170803	084918.60	108.53631364	34.22318992	44.40	-0.0350	-0.0520	-0.9920	1.71	NULL	49	0
1216	1	1	1	170803	084918.70	108.53632156	34.22319194	44.40	0.0350	0.0470	-0.9750	1.77	NULL	49	0
1217	1	1	1	170803	084918.80	108.53632955	34.22319400	44.40	0.0420	-0.0450	-1.0300	1.77	NULL	50	0
1218	1	1	1	170803	084918.90	108.53633750	34.22319604	44.40	0.0130	0.0220	-1.0820	1.77	NULL	49	0
1219	1	1	1	170803	084919.00	108.53634545	34.22319821	44.40	0.0800	0.0090	-0.9930	1.77	NULL	49	0
1220	1	1	1	170803	084919.10	108.53635341	34.22320028	44.40	0.0070	-0.0100	-1.0010	1.77	NULL	50	0
1221	1	1	1	170803	084919.20	108.53636143	34.22320228	44.40	0.0450	-0.0340	-0.9020	1.77	NULL	50	0
1222	1	1	1	170803	084919.30	108.53636936	34.22320435	44.40	0.0630	-0.0240	-1.0790	1.79	NULL	50	0
1223	1	1	1	170803	084919.40	108.53637738	34.22320646	44.40	0.0580	-0.0340	-1.0120	1.79	NULL	50	0
1224	1	1	1	170803	084919.50	108.53638541	34.22320856	46.25	0.0180	-0.0190	-1.0000	1.79	NULL	50	0
1225	1	1	1	170803	084919.60	108.53639332	34.22321077	46.25	0.0130	-0.0070	-0.8770	1.79	NULL	50	0
1226	1	1	1	170803	084919.70	108.53640128	34.22321287	44.40	0.0050	-0.1050	-0.9720	1.79	NULL	50	0
1227	1	1	1	170803	084919.80	108.53640917	34.22321504	46.25	0.0640	-0.0070	-1.0910	1.79	NULL	50	0
1228	1	1	1	170803	084919.90	108.53641726	34.22321714	46.25	0.0420	-0.0520	-1.0070	1.83	NULL	50	0
1229	1	1	1	170803	084920.00	108.53642520	34.22321936	46.25	-0.0360	-0.0270	-1.0250	1.83	NULL	50	0
1230	1	1	1	170803	084920.10	108.53643325	34.22322149	46.25	-0.0360	-0.0270	-1.0250	1.83	NULL	50	0
1231	1	1	1	170803	084920.20	108.53644115	34.22322374	46.25	0.0650	0.0040	-1.0090	1.82	NULL	50	0
1232	1	1	1	170803	084920.30	108.53644920	34.22322587	46.25	-0.0420	0.0730	-1.0680	1.82	NULL	50	0
1233	1	1	1	170803	084920.40	108.53645718	34.22322805	46.25	0.0140	-0.0810	-0.9340	1.82	NULL	50	0
1234	1	1	1	170803	084920.50	108.53646521	34.22323019	46.25	0.0020	0.0320	-1.0390	1.90	NULL	50	0
1235	1	1	1	170803	084920.60	108.53647313	34.22323229	46.25	-0.0180	-0.0250	-1.0770	1.90	NULL	50	0
1236	1	1	1	170803	084920.70	108.53648117	34.22323443	46.25	0.0390	-0.0090	-0.9840	1.90	NULL	50	0
1237	1	1	1	170803	084920.80	108.53648901	34.22323661	46.25	0.0200	0.0910	-0.9350	1.92	NULL	50	0
1238	1	1	1	170803	084920.90	108.53649703	34.22323872	46.25	0.0040	-0.0240	-0.9910	1.92	NULL	50	0
1239	1	1	1	170803	084921.00	108.53650486	34.22324088	46.25	0.0530	0.0380	-0.9530	1.92	NULL	50	0
1240	1	1	1	170803	084921.10	108.53651287	34.22324301	46.25	0.0430	-0.0200	-1.0100	1.98	NULL	50	0
1241	1	1	1	170803	084921.20	108.53652077	34.22324524	46.25	-0.0570	0.0200	-0.9560	1.98	NULL	50	0
1242	1	1	1	170803	084921.30	108.53652874	34.22324737	44.40	0.0170	-0.0120	-0.9640	1.98	NULL	49	0
1243	1	1	1	170803	084921.40	108.53653663	34.22324958	44.40	-0.0560	0.0720	-1.0930	2.10	NULL	50	0
1244	1	1	1	170803	084921.50	108.53654463	34.22325167	44.40	0.0160	-0.0280	-0.8980	2.10	NULL	50	0
1245	1	1	1	170803	084921.60	108.53655253	34.22325385	44.40	-0.0580	0.0320	-0.9810	2.10	NULL	49	0
1246	1	1	1	170803	084921.70	108.53656050	34.22325592	44.40	0.0050	0.0970	-1.0160	2.10	NULL	50	0
1247	1	1	1	170803	084921.80	108.53656833	34.22325807	44.40	0.0090	-0.0070	-0.9660	2.19	NULL	50	0
1248	1	1	1	170803	084921.90	108.53657628	34.22326013	44.40	0.0340	-0.0500	-0.9890	2.19	NULL	49	0
1249	1	1	1	170803	084922.00	108.53658411	34.22326226	44.40	-0.0190	-0.0190	-0.9720	2.55	NULL	49	0
1250	1	1	1	170803	084922.10	108.53659203	34.22326434	44.40	0.0210	0.0090	-1.0140	2.55	NULL	49	0
1251	1	1	1	170803	084922.20	108.53659985	34.22326645	44.40	0.0020	0.0200	-1.0240	2.55	NULL	49	0
1252	1	1	1	170803	084922.30	108.53660784	34.22326853	44.40	-0.0170	-0.0220	-0.9720	2.63	NULL	49	0
1253	1	1	1	170803	084922.40	108.53661576	34.22327062	44.40	0.0120	0.0240	-0.8630	2.63	NULL	49	0
1254	1	1	1	170803	084922.50	108.53662366	34.22327266	44.40	-0.0380	-0.0020	-0.9190	2.63	NULL	49	0
1255	1	1	1	170803	084922.60	108.53663158	34.22327471	44.40	-0.0040	0.0200	-1.0610	2.63	NULL	49	0
1256	1	1	1	170803	084922.70	108.53663947	34.22327679	44.40	0.0500	-0.0670	-1.1130	2.68	NULL	49	0
1257	1	1	1	170803	084922.80	108.53664732	34.22327884	44.40	0.0110	-0.0050	-0.9910	2.68	NULL	49	0
1258	1	1	1	170803	084922.90	108.53665521	34.22328090	44.40	0.0330	-0.0090	-0.9710	2.68	NULL	49	0
1259	1	1	1	170803	084923.00	108.53666310	34.22328296	44.40	-0.0260	0.0470	-1.0120	2.74	NULL	49	0
1260	1	1	1	170803	084923.10	108.53667101	34.22328500	44.40	-0.0270	-0.0030	-0.9510	2.74	NULL	49	0
1261	1	1	1	170803	084923.20	108.53667895	34.22328699	44.40	0.0180	0.0320	-0.9630	2.74	NULL	49	0
1262	1	1	1	170803	084923.30	108.53668682	34.22328906	44.40	0.0120	-0.1040	-1.0430	2.77	NULL	49	0
1263	1	1	1	170803	084923.40	108.53669471	34.22329107	44.40	-0.0490	0.0290	-0.9300	2.77	NULL	49	0
1264	1	1	1	170803	084923.50	108.53670254	34.22329312	44.40	0.0730	-0.1170	-0.9450	2.77	NULL	49	0
1265	1	1	1	170803	084923.60	108.53671045	34.22329512	44.40	-0.0330	0.0060	-1.0430	2.79	NULL	48	0
1266	1	1	1	170803	084923.70	108.53671831	34.22329717	44.40	0.0170	-0.0830	-0.8920	2.79	NULL	49	0
1267	1	1	1	170803	084923.80	108.53672622	34.22329915	44.40	-0.0440	-0.0510	-0.9380	2.79	NULL	49	0
1268	1	1	1	170803	084923.90	108.53673406	34.22330119	44.40	0.0100	0.0830	-0.9890	2.84	NULL	49	0
1269	1	1	1	170803	084924.00	108.53674193	34.22330317	44.40	-0.0410	0.0290	-1.0820	2.84	NULL	48	0
1270	1	1	1	170803	084924.10	108.53674974	34.22330521	44.40	-0.0410	0.0290	-1.0820	2.84	NULL	48	0
1271	1	1	1	170803	084924.20	108.53675760	34.22330721	44.40	-0.0010	-0.0170	-0.9660	2.85	NULL	48	0
1272	1	1	1	170803	084924.30	108.53676540	34.22330925	44.40	0.0550	0.0540	-0.8610	2.85	NULL	49	0
1273	1	1	1	170803	084924.40	108.53677324	34.22331127	44.40	0.0320	-0.1500	-0.9880	2.85	NULL	48	0
1274	1	1	1	170803	084924.50	108.53678105	34.22331330	44.40	0.0430	0.0480	-1.0240	2.87	NULL	49	0
1275	1	1	1	170803	084924.60	108.53678888	34.22331530	44.40	0.0290	0.0060	-0.8670	2.87	NULL	48	0
1276	1	1	1	170803	084924.70	108.53679668	34.22331733	44.40	-0.0180	0.0180	-0.9390	2.87	NULL	48	0
1277	1	1	1	170803	084924.80	108.53680447	34.22331934	44.40	0.0010	0.0830	-0.9330	2.88	NULL	48	0
1278	1	1	1	170803	084924.90	108.53681224	34.22332135	44.40	-0.0580	-0.0140	-1.0000	2.88	NULL	48	0
1279	1	1	1	170803	084925.00	108.53682004	34.22332334	44.40	-0.0100	0.0430	-1.0640	2.88	NULL	48	0
1280	1	1	1	170803	084925.10	108.53682782	34.22332534	44.40	0.0240	0.0030	-1.0060	2.90	NULL	48	0
1281	1	1	1	170803	084925.20	108.53683562	34.22332731	44.40	0.0200	-0.0780	-0.9290	2.90	NULL	48	0
1282	1	1	1	170803	084925.30	108.53684335	34.22332933	44.40	0.0310	-0.0110	-0.9460	2.90	NULL	48	0
1283	1	1	1	170803	084925.40	108.53685114	34.22333130	44.40	-0.0370	-0.0570	-1.0040	3.02	NULL	48	0
1284	1	1	1	170803	084925.50	108.53685890	34.22333328	44.40	0.0170	-0.0430	-0.9100	3.02	NULL	48	0
1285	1	1	1	170803	084925.60	108.53686667	34.22333525	44.40	-0.0060	0.0040	-0.9980	3.02	NULL	48	0
1286	1	1	1	170803	084925.70	108.53687439	34.22333725	44.40	-0.0180	0.1110	-1.0450	3.23	NULL	48	0
1287	1	1	1	170803	084925.80	108.53688208	34.22333926	44.40	-0.0360	-0.0510	-1.0130	3.23	NULL	48	0
1288	1	1	1	170803	084925.90	108.53688980	34.22334124	44.40	0.0730	0.0500	-1.0420	3.23	NULL	48	0
1289	1	1	1	170803	084926.00	108.53689745	34.22334325	44.40	-0.0040	-0.0400	-0.9740	3.32	NULL	48	0
1290	1	1	1	170803	084926.10	108.53690515	34.22334523	44.40	0.0250	-0.0820	-0.9400	3.32	NULL	48	0
1291	1	1	1	170803	084926.20	108.53691286	34.22334720	44.40	-0.0640	0.0500	-0.9970	3.32	NULL	48	0
1292	1	1	1	170803	084926.30	108.53692057	34.22334916	44.40	-0.0070	-0.0260	-1.0230	3.32	NULL	48	0
1293	1	1	1	170803	084926.40	108.53692822	34.22335116	44.40	0.0200	-0.0510	-1.0290	3.35	NULL	47	0
1294	1	1	1	170803	084926.50	108.53693591	34.22335314	42.55	0.0060	-0.0140	-1.0320	3.35	NULL	48	0
1295	1	1	1	170803	084926.60	108.53694356	34.22335515	42.55	-0.0190	0.0540	-0.9560	3.35	NULL	48	0
1296	1	1	1	170803	084926.70	108.53695124	34.22335710	42.55	0.0280	0.0490	-0.9650	3.40	NULL	48	0
1297	1	1	1	170803	084926.80	108.53695893	34.22335904	42.55	0.0470	0.0490	-1.0570	3.40	NULL	48	0
1298	1	1	1	170803	084926.90	108.53696664	34.22336100	42.55	-0.0140	-0.0550	-1.0260	3.40	NULL	48	0
1299	1	1	1	170803	084927.00	108.53697424	34.22336292	42.55	0.0250	0.0450	-0.9950	3.48	NULL	48	0
1300	1	1	1	170803	084927.10	108.53698197	34.22336488	44.40	0.0630	-0.0840	-1.1260	3.48	NULL	48	0
1301	1	1	1	170803	084927.20	108.53698949	34.22336666	44.40	0.0760	-0.0480	-1.1200	3.48	NULL	48	0
1302	1	1	1	170803	084927.30	108.53699727	34.22336864	44.40	0.0450	0.0440	-0.9670	3.55	NULL	49	0
1303	1	1	1	170803	084927.40	108.53700500	34.22337040	44.40	0.1520	0.0050	-0.8250	3.55	NULL	48	0
1304	1	1	1	170803	084927.50	108.53701272	34.22337235	44.40	-0.0440	-0.0640	-0.9810	3.55	NULL	48	0
1305	1	1	1	170803	084927.60	108.53702057	34.22337427	44.40	-0.0170	0.0170	-1.1030	3.61	NULL	49	0
1306	1	1	1	170803	084927.70	108.53702839	34.22337625	44.40	0.1030	-0.0260	-1.0660	3.61	NULL	48	0
1307	1	1	1	170803	084927.80	108.53703633	34.22337826	44.40	0.0030	-0.0730	-1.0230	3.61	NULL	49	0
1308	1	1	1	170803	084927.90	108.53704414	34.22338026	44.40	0.0470	-0.0380	-0.9950	3.75	NULL	49	0
1309	1	1	1	170803	084928.00	108.53705196	34.22338239	44.40	0.0350	-0.0300	-1.0570	3.75	NULL	49	0
1310	1	1	1	170803	084928.10	108.53705980	34.22338443	44.40	0.0190	-0.0500	-1.0170	3.75	NULL	49	0
1311	1	1	1	170803	084928.20	108.53706768	34.22338656	44.40	0.0040	-0.0590	-0.9940	3.88	NULL	49	0
1312	1	1	1	170803	084928.30	108.53707557	34.22338859	44.40	0.0890	0.0070	-0.9800	3.88	NULL	49	0
1313	1	1	1	170803	084928.40	108.53708344	34.22339063	44.40	0.0720	-0.0540	-0.9650	3.88	NULL	49	0
1314	1	1	1	170803	084928.50	108.53709133	34.22339271	44.40	0.0460	-0.0040	-1.0360	3.95	NULL	49	0
1315	1	1	1	170803	084928.60	108.53709923	34.22339478	44.40	0.0650	-0.1080	-1.0570	3.95	NULL	49	0
1316	1	1	1	170803	084928.70	108.53710720	34.22339687	44.40	-0.0090	0.0070	-0.9060	3.95	NULL	50	0
1317	1	1	1	170803	084928.80	108.53711515	34.22339908	44.40	0.0270	-0.0050	-0.9460	4.05	NULL	50	0
1318	1	1	1	170803	084928.90	108.53712311	34.22340115	44.40	0.0250	-0.0130	-0.9160	4.05	NULL	50	0
1319	1	1	1	170803	084929.00	108.53713106	34.22340334	46.25	-0.0110	-0.1060	-1.0980	4.05	NULL	50	0
1320	1	1	1	170803	084929.10	108.53713909	34.22340546	46.25	0.0810	0.0340	-1.0140	4.79	NULL	50	0
1321	1	1	1	170803	084929.20	108.53714709	34.22340768	46.25	0.0480	-0.0660	-1.0370	4.79	NULL	50	0
1322	1	1	1	170803	084929.30	108.53715516	34.22340979	46.25	0.0300	-0.0710	-1.0280	4.79	NULL	50	0
1323	1	1	1	170803	084929.40	108.53716323	34.22341189	46.25	0.0320	-0.0880	-0.9740	5.24	NULL	50	0
1324	1	1	1	170803	084929.50	108.53717134	34.22341401	46.25	0.0550	0.0070	-1.0790	5.24	NULL	50	0
1325	1	1	1	170803	084929.60	108.53717944	34.22341606	46.25	0.1140	-0.1050	-1.0410	5.24	NULL	51	0
1326	1	1	1	170803	084929.70	108.53718759	34.22341818	46.25	0.0260	0.0530	-1.0300	5.24	NULL	51	0
1327	1	1	1	170803	084929.80	108.53719584	34.22342024	46.25	0.0360	-0.0110	-0.9660	5.34	NULL	50	0
1328	1	1	1	170803	084929.90	108.53720397	34.22342237	46.25	0.0550	-0.0010	-0.9390	5.34	NULL	51	0
1329	1	1	1	170803	084930.00	108.53721224	34.22342447	46.25	-0.0070	-0.0270	-1.0590	5.46	NULL	51	0
1330	1	1	1	170803	084930.10	108.53722035	34.22342661	46.25	0.0260	-0.0610	-0.9300	5.46	NULL	50	0
1331	1	1	1	170803	084930.20	108.53722857	34.22342864	46.25	-0.0660	0.0670	-1.0910	5.46	NULL	51	0
1332	1	1	1	170803	084930.30	108.53723674	34.22343074	46.25	-0.0160	-0.0610	-1.0260	5.46	NULL	50	0
1333	1	1	1	170803	084930.40	108.53724485	34.22343287	46.25	0.0250	-0.0000	-1.0480	5.57	NULL	50	0
1334	1	1	1	170803	084930.50	108.53725297	34.22343495	46.25	0.0550	-0.1290	-0.9780	5.57	NULL	51	0
1335	1	1	1	170803	084930.60	108.53726111	34.22343707	46.25	0.0210	-0.0230	-0.9620	5.57	NULL	51	0
1336	1	1	1	170803	084930.70	108.53726926	34.22343916	46.25	-0.0160	-0.1630	-0.9990	5.64	NULL	50	0
1337	1	1	1	170803	084930.80	108.53727738	34.22344126	46.25	-0.0320	-0.0820	-0.9700	5.64	NULL	51	0
1338	1	1	1	170803	084930.90	108.53728552	34.22344337	46.25	0.1020	-0.0580	-1.0670	5.64	NULL	50	0
1339	1	1	1	170803	084931.00	108.53729368	34.22344546	46.25	-0.0370	-0.1250	-1.1150	5.67	NULL	50	0
1340	1	1	1	170803	084931.10	108.53730182	34.22344757	46.25	0.0310	0.0310	-0.8270	5.67	NULL	51	0
1341	1	1	1	170803	084931.20	108.53730980	34.22344964	46.25	0.0440	-0.0620	-0.9630	5.67	NULL	51	0
1342	1	1	1	170803	084931.30	108.53731795	34.22345173	46.25	0.0140	-0.0120	-0.9720	5.60	NULL	50	0
1343	1	1	1	170803	084931.40	108.53732597	34.22345387	46.25	-0.0100	0.0800	-0.9780	5.60	NULL	51	0
1344	1	1	1	170803	084931.50	108.53733413	34.22345598	46.25	0.0290	0.0380	-1.0490	5.60	NULL	50	0
1345	1	1	1	170803	084931.60	108.53734229	34.22345809	46.25	-0.0210	0.0710	-1.1070	5.69	NULL	50	0
1346	1	1	1	170803	084931.70	108.53735045	34.22346018	46.25	0.0060	-0.0100	-1.0020	5.69	NULL	51	0
1347	1	1	1	170803	084931.80	108.53735861	34.22346224	46.25	-0.0010	-0.0480	-1.0340	5.69	NULL	50	0
1348	1	1	1	170803	084931.90	108.53736675	34.22346433	46.25	-0.0410	-0.0130	-1.0400	5.75	NULL	50	0
1349	1	1	1	170803	084932.00	108.53737481	34.22346629	46.25	-0.0150	0.0450	-0.9350	5.75	NULL	50	0
1350	1	1	1	170803	084932.10	108.53738292	34.22346838	46.25	0.0370	0.0380	-1.0390	5.75	NULL	50	0
1351	1	1	1	170803	084932.20	108.53739095	34.22347043	46.25	0.0490	0.0180	-0.9970	4.60	NULL	50	0
1352	1	1	1	170803	084932.30	108.53739903	34.22347252	46.25	-0.0180	-0.0010	-0.9680	4.60	NULL	50	0
1353	1	1	1	170803	084932.40	108.53740709	34.22347469	46.25	-0.0040	0.0000	-1.0100	4.60	NULL	50	0
1354	1	1	1	170803	084932.50	108.53741516	34.22347677	46.25	-0.0060	-0.0030	-0.9720	3.40	NULL	50	0
1355	1	1	1	170803	084932.60	108.53742322	34.22347889	46.25	-0.0120	0.0360	-1.1130	3.40	NULL	50	0
1356	1	1	1	170803	084932.70	108.53743130	34.22348096	46.25	-0.0210	-0.0430	-1.0200	3.40	NULL	50	0
1357	1	1	1	170803	084932.80	108.53743918	34.22348321	46.25	0.0280	-0.0590	-0.9370	2.97	NULL	50	0
1358	1	1	1	170803	084932.90	108.53744723	34.22348527	46.25	0.0320	0.0450	-0.9760	2.97	NULL	50	0
1359	1	1	1	170803	084933.00	108.53745528	34.22348735	46.25	-0.0060	-0.0390	-0.9850	2.97	NULL	50	0
1360	1	1	1	170803	084933.10	108.53746329	34.22348942	46.25	-0.0510	0.0430	-0.8840	2.68	NULL	49	0
1361	1	1	1	170803	084933.20	108.53747130	34.22349146	44.40	-0.0150	-0.1030	-1.0080	2.68	NULL	50	0
1362	1	1	1	170803	084933.30	108.53747930	34.22349354	44.40	0.0610	-0.0020	-1.1060	2.68	NULL	50	0
1363	1	1	1	170803	084933.40	108.53748731	34.22349560	44.40	0.1390	-0.0190	-1.0210	2.53	NULL	49	0
1364	1	1	1	170803	084933.50	108.53749533	34.22349766	44.40	-0.0170	0.0870	-0.9580	2.53	NULL	50	0
1365	1	1	1	170803	084933.60	108.53750346	34.22349974	44.40	0.0170	-0.0150	-0.9640	2.53	NULL	50	0
1366	1	1	1	170803	084933.70	108.53751146	34.22350183	44.40	-0.0000	-0.0920	-0.9040	2.36	NULL	50	0
1367	1	1	1	170803	084933.80	108.53751960	34.22350392	46.25	-0.0170	-0.0130	-1.0620	2.36	NULL	50	0
1368	1	1	1	170803	084933.90	108.53752765	34.22350600	46.25	0.0500	0.0150	-0.9730	2.36	NULL	50	0
1369	1	1	1	170803	084934.00	108.53753578	34.22350811	46.25	-0.0240	-0.0380	-0.9520	2.36	NULL	50	0
1370	1	1	1	170803	084934.10	108.53754381	34.22351022	46.25	0.0620	-0.0590	-0.9780	2.36	NULL	50	0
1371	1	1	1	170803	084934.20	108.53755194	34.22351231	46.25	0.0190	-0.0080	-1.0500	2.36	NULL	50	0
1372	1	1	1	170803	084934.30	108.53756002	34.22351442	46.25	0.0430	-0.0610	-0.9730	2.36	NULL	50	0
1373	1	1	1	170803	084934.40	108.53756812	34.22351649	46.25	-0.0020	-0.0410	-0.9310	2.12	NULL	50	0
1374	1	1	1	170803	084934.50	108.53757620	34.22351862	46.25	0.0470	0.0020	-0.9720	2.12	NULL	50	0
1375	1	1	1	170803	084934.60	108.53758426	34.22352083	46.25	0.0180	0.0510	-1.0000	2.12	NULL	50	0
1376	1	1	1	170803	084934.70	108.53759235	34.22352296	46.25	0.0090	0.0200	-1.0170	1.97	NULL	51	0
1377	1	1	1	170803	084934.80	108.53760041	34.22352518	46.25	0.0840	0.0480	-1.0200	1.97	NULL	50	0
1378	1	1	1	170803	084934.90	108.53760851	34.22352732	46.25	0.0500	-0.0140	-0.9740	1.97	NULL	51	0
1379	1	1	1	170803	084935.00	108.53761670	34.22352941	46.25	0.0040	-0.0070	-0.9540	1.93	NULL	50	0
1380	1	1	1	170803	084935.10	108.53762481	34.22353156	46.25	0.0150	-0.0200	-0.9340	1.93	NULL	50	0
1381	1	1	1	170803	084935.20	108.53763302	34.22353367	46.25	0.0440	-0.0010	-0.9460	1.93	NULL	50	0
1382	1	1	1	170803	084935.30	108.53764114	34.22353581	46.25	-0.0110	-0.0300	-1.1010	1.93	NULL	51	0
1383	1	1	1	170803	084935.40	108.53764937	34.22353794	46.25	0.0020	-0.0370	-0.9890	1.93	NULL	51	0
1384	1	1	1	170803	084935.50	108.53765752	34.22354005	46.25	-0.0300	0.0110	-0.8860	1.93	NULL	51	0
1385	1	1	1	170803	084935.60	108.53766575	34.22354214	46.25	0.0320	-0.0390	-1.0810	1.91	NULL	51	0
1386	1	1	1	170803	084935.70	108.53767394	34.22354426	46.25	0.0820	0.0500	-0.8850	1.91	NULL	51	0
1387	1	1	1	170803	084935.80	108.53768220	34.22354636	46.25	0.0190	-0.0150	-1.0720	1.91	NULL	51	0
1388	1	1	1	170803	084935.90	108.53769041	34.22354849	46.25	-0.0230	0.0830	-0.9280	1.95	NULL	51	0
1389	1	1	1	170803	084936.00	108.53769867	34.22355058	46.25	-0.0370	0.0320	-0.9460	1.95	NULL	51	0
1390	1	1	1	170803	084936.10	108.53770687	34.22355270	46.25	0.0430	-0.0330	-1.0720	1.95	NULL	51	0
1391	1	1	1	170803	084936.20	108.53771512	34.22355479	46.25	-0.0050	0.0360	-1.0810	1.90	NULL	51	0
1392	1	1	1	170803	084936.30	108.53772337	34.22355692	46.25	0.0050	-0.1090	-1.0240	1.90	NULL	51	0
1393	1	1	1	170803	084936.40	108.53773164	34.22355902	46.25	0.0820	0.0040	-0.9950	1.90	NULL	51	0
1394	1	1	1	170803	084936.50	108.53773987	34.22356116	46.25	-0.0160	-0.0500	-1.0020	2.05	NULL	52	0
1395	1	1	1	170803	084936.60	108.53774814	34.22356325	46.25	0.0090	-0.0400	-1.0410	2.05	NULL	51	0
1396	1	1	1	170803	084936.70	108.53775642	34.22356538	46.25	-0.0070	-0.0440	-1.0830	2.05	NULL	51	0
1397	1	1	1	170803	084936.80	108.53776460	34.22356751	46.25	0.0100	-0.0870	-0.9630	2.19	NULL	52	0
1398	1	1	1	170803	084936.90	108.53777287	34.22356965	46.25	0.0610	0.0310	-0.9660	2.19	NULL	51	0
1399	1	1	1	170803	084937.00	108.53778118	34.22357172	46.25	-0.0170	0.0170	-0.9940	2.19	NULL	52	0
1400	1	1	1	170803	084937.10	108.53778948	34.22357383	46.25	0.0100	-0.0280	-0.9240	2.76	NULL	52	0
1401	1	1	1	170803	084937.20	108.53779768	34.22357591	46.25	0.0230	-0.0050	-0.9970	2.76	NULL	52	0
1402	1	1	1	170803	084937.30	108.53780598	34.22357805	46.25	0.0360	-0.0290	-0.9490	2.76	NULL	51	0
1403	1	1	1	170803	084937.40	108.53781430	34.22358019	46.25	0.0100	0.0040	-1.0140	2.94	NULL	52	0
1404	1	1	1	170803	084937.50	108.53782266	34.22358232	48.10	0.0060	-0.0310	-1.0550	2.94	NULL	52	0
1405	1	1	1	170803	084937.60	108.53783095	34.22358443	48.10	0.0270	-0.0230	-1.0330	2.94	NULL	52	0
1406	1	1	1	170803	084937.70	108.53783930	34.22358658	48.10	0.0190	-0.0400	-0.9540	3.15	NULL	52	0
1407	1	1	1	170803	084937.80	108.53784755	34.22358855	48.10	-0.0190	0.0500	-0.9570	3.15	NULL	52	0
1408	1	1	1	170803	084937.90	108.53785590	34.22359070	48.10	0.0360	-0.0220	-1.0210	3.15	NULL	52	0
1409	1	1	1	170803	084938.00	108.53786423	34.22359285	48.10	0.0380	-0.0510	-0.8900	3.32	NULL	52	0
1410	1	1	1	170803	084938.10	108.53787260	34.22359499	48.10	0.0070	0.0250	-0.9780	3.32	NULL	52	0
1411	1	1	1	170803	084938.20	108.53788088	34.22359696	48.10	0.0040	0.0400	-1.0510	3.32	NULL	52	0
1412	1	1	1	170803	084938.30	108.53788925	34.22359909	48.10	-0.0550	-0.0670	-1.0680	3.32	NULL	52	0
1413	1	1	1	170803	084938.40	108.53789755	34.22360120	48.10	-0.0160	-0.0220	-0.9610	3.40	NULL	52	0
1414	1	1	1	170803	084938.50	108.53790592	34.22360334	48.10	0.0480	0.0170	-0.9610	3.40	NULL	52	0
1415	1	1	1	170803	084938.60	108.53791427	34.22360566	48.10	0.0100	-0.0050	-1.0210	3.40	NULL	51	0
1416	1	1	1	170803	084938.70	108.53792262	34.22360780	48.10	0.0150	-0.0200	-1.0260	3.85	NULL	52	0
1417	1	1	1	170803	084938.80	108.53793086	34.22360977	48.10	0.0150	-0.0210	-1.0030	3.85	NULL	52	0
1418	1	1	1	170803	084938.90	108.53793921	34.22361188	48.10	-0.0370	-0.0320	-0.9740	3.85	NULL	51	0
1419	1	1	1	170803	084939.00	108.53794769	34.22361389	46.25	-0.0730	-0.0260	-0.9580	3.96	NULL	51	0
1420	1	1	1	170803	084939.10	108.53795600	34.22361601	46.25	-0.0180	-0.0430	-1.0190	3.96	NULL	51	0
1421	1	1	1	170803	084939.20	108.53796423	34.22361815	46.25	-0.0460	-0.0640	-1.0050	3.96	NULL	51	0
1422	1	1	1	170803	084939.30	108.53797251	34.22362025	46.25	-0.0290	-0.0070	-0.9020	4.02	NULL	51	0
1423	1	1	1	170803	084939.40	108.53798069	34.22362238	46.25	0.0100	-0.0700	-1.0740	4.02	NULL	51	0
1424	1	1	1	170803	084939.50	108.53798895	34.22362449	46.25	-0.0890	0.0280	-1.0450	4.02	NULL	51	0
1425	1	1	1	170803	084939.60	108.53799728	34.22362668	46.25	-0.0250	-0.0930	-0.9500	4.05	NULL	51	0
1426	1	1	1	170803	084939.70	108.53800547	34.22362880	46.25	-0.0460	0.0040	-1.0560	4.05	NULL	51	0
1427	1	1	1	170803	084939.80	108.53801370	34.22363101	46.25	-0.0280	-0.0480	-1.0080	4.05	NULL	50	0
1428	1	1	1	170803	084939.90	108.53802185	34.22363316	46.25	-0.0570	-0.0110	-0.9810	4.15	NULL	51	0
1429	1	1	1	170803	084940.00	108.53802983	34.22363514	46.25	-0.0660	-0.0460	-0.9270	4.15	NULL	50	0
1430	1	1	1	170803	084940.10	108.53803794	34.22363723	46.25	-0.0750	-0.0690	-0.9450	4.15	NULL	50	0
1431	1	1	1	170803	084940.20	108.53804613	34.22363943	46.25	-0.0220	-0.0560	-0.9080	4.17	NULL	50	0
1432	1	1	1	170803	084940.30	108.53805416	34.22364154	46.25	-0.0030	-0.0230	-1.0660	4.17	NULL	50	0
1433	1	1	1	170803	084940.40	108.53806205	34.22364374	46.25	-0.0050	0.0330	-0.9990	4.17	NULL	49	0
1434	1	1	1	170803	084940.50	108.53807008	34.22364583	44.40	-0.0640	-0.0750	-0.9780	4.33	NULL	50	0
1435	1	1	1	170803	084940.60	108.53807802	34.22364798	44.40	-0.0890	0.0080	-0.9720	4.33	NULL	49	0
1436	1	1	1	170803	084940.70	108.53808594	34.22365008	44.40	-0.0410	-0.0230	-1.0040	4.33	NULL	49	0
1437	1	1	1	170803	084940.80	108.53809376	34.22365220	44.40	-0.0920	-0.0220	-1.0030	4.44	NULL	49	0
1438	1	1	1	170803	084940.90	108.53810164	34.22365429	44.40	-0.0370	-0.0380	-0.9930	4.44	NULL	49	0
1439	1	1	1	170803	084941.00	108.53810931	34.22365618	44.40	-0.0510	-0.0670	-1.0470	4.44	NULL	48	0
1440	1	1	1	170803	084941.10	108.53811714	34.22365825	44.40	-0.0610	0.0240	-1.0490	4.50	NULL	49	0
1441	1	1	1	170803	084941.20	108.53812486	34.22366037	44.40	0.0190	-0.0180	-0.8970	4.50	NULL	48	0
1442	1	1	1	170803	084941.30	108.53813261	34.22366242	44.40	-0.0890	0.0510	-1.0550	4.50	NULL	48	0
1443	1	1	1	170803	084941.40	108.53814034	34.22366452	44.40	0.0330	0.0060	-0.9110	4.58	NULL	48	0
1444	1	1	1	170803	084941.50	108.53814803	34.22366658	44.40	-0.0560	0.0740	-1.0670	4.58	NULL	48	0
1445	1	1	1	170803	084941.60	108.53815573	34.22366870	42.55	0.0080	0.0120	-1.0670	4.58	NULL	48	0
1446	1	1	1	170803	084941.70	108.53816343	34.22367076	44.40	-0.0340	-0.0230	-1.0010	4.58	NULL	48	0
1447	1	1	1	170803	084941.80	108.53817114	34.22367291	42.55	-0.0060	0.0180	-1.0190	4.61	NULL	48	0
1448	1	1	1	170803	084941.90	108.53817884	34.22367496	44.40	-0.0570	-0.0150	-0.9870	4.61	NULL	48	0
1449	1	1	1	170803	084942.00	108.53818656	34.22367715	44.40	0.0220	0.0680	-0.9920	4.36	NULL	48	0
1450	1	1	1	170803	084942.10	108.53819421	34.22367918	42.55	-0.0150	-0.0600	-0.9970	4.36	NULL	47	0
1451	1	1	1	170803	084942.20	108.53820189	34.22368130	42.55	-0.0390	-0.0040	-0.9620	4.36	NULL	48	0
1452	1	1	1	170803	084942.30	108.53820951	34.22368333	42.55	-0.0100	-0.1150	-1.0230	4.96	NULL	47	0
1453	1	1	1	170803	084942.40	108.53821712	34.22368542	42.55	-0.0180	-0.0070	-0.9900	4.96	NULL	47	0
1454	1	1	1	170803	084942.50	108.53822473	34.22368747	42.55	0.0220	0.0200	-0.9760	4.96	NULL	47	0
1455	1	1	1	170803	084942.60	108.53823234	34.22368954	42.55	-0.0180	0.0010	-0.9750	4.96	NULL	47	0
1456	1	1	1	170803	084942.70	108.53823995	34.22369156	42.55	-0.0100	-0.0290	-1.0100	3.53	NULL	47	0
1457	1	1	1	170803	084942.80	108.53824748	34.22369367	42.55	-0.0010	-0.0310	-0.9200	3.53	NULL	47	0
1458	1	1	1	170803	084942.90	108.53825501	34.22369572	42.55	0.0120	-0.0520	-1.0270	3.53	NULL	47	0
1459	1	1	1	170803	084943.00	108.53826258	34.22369778	42.55	-0.0050	0.0380	-1.0320	2.64	NULL	47	0
1460	1	1	1	170803	084943.10	108.53827013	34.22369981	42.55	-0.0660	-0.0110	-0.9990	2.64	NULL	47	0
1461	1	1	1	170803	084943.20	108.53827771	34.22370185	42.55	-0.0600	-0.0190	-1.0400	2.64	NULL	47	0
1462	1	1	1	170803	084943.30	108.53828530	34.22370389	42.55	0.0010	0.1100	-0.9760	2.19	NULL	48	0
1463	1	1	1	170803	084943.40	108.53829277	34.22370596	42.55	0.0740	-0.0390	-0.9520	2.19	NULL	47	0
1464	1	1	1	170803	084943.50	108.53830038	34.22370802	42.55	0.0340	-0.0210	-1.0010	2.19	NULL	48	0
1465	1	1	1	170803	084943.60	108.53830800	34.22371010	42.55	-0.0220	-0.0460	-1.0290	1.96	NULL	48	0
1466	1	1	1	170803	084943.70	108.53831562	34.22371216	42.55	0.0170	-0.0420	-1.0000	1.96	NULL	48	0
1467	1	1	1	170803	084943.80	108.53832338	34.22371416	42.55	0.0130	-0.0650	-1.0700	1.96	NULL	48	0
1468	1	1	1	170803	084943.90	108.53833103	34.22371623	44.40	0.0020	-0.0440	-1.0530	1.69	NULL	48	0
1469	1	1	1	170803	084944.00	108.53833881	34.22371825	44.40	0.0600	-0.0470	-1.0160	1.69	NULL	48	0
1470	1	1	1	170803	084944.10	108.53834652	34.22372035	44.40	-0.0370	-0.0250	-1.0980	1.69	NULL	48	0
1471	1	1	1	170803	084944.20	108.53835434	34.22372242	44.40	0.0760	-0.0060	-0.9590	1.69	NULL	48	0
1472	1	1	1	170803	084944.30	108.53836209	34.22372453	44.40	0.0570	0.0030	-0.8530	1.69	NULL	48	0
1473	1	1	1	170803	084944.40	108.53836993	34.22372660	44.40	0.0160	0.0150	-1.0090	1.69	NULL	49	0
1474	1	1	1	170803	084944.50	108.53837770	34.22372871	44.40	0.0150	-0.1130	-1.0840	1.70	NULL	48	0
1475	1	1	1	170803	084944.60	108.53838553	34.22373079	44.40	0.0160	-0.0220	-1.1000	1.70	NULL	49	0
1476	1	1	1	170803	084944.70	108.53839334	34.22373290	44.40	0.0650	-0.1160	-1.0430	1.70	NULL	49	0
1477	1	1	1	170803	084944.80	108.53840122	34.22373499	44.40	0.0180	-0.0100	-1.0240	1.72	NULL	49	0
1478	1	1	1	170803	084944.90	108.53840909	34.22373710	44.40	0.0520	-0.0430	-0.9390	1.72	NULL	49	0
1479	1	1	1	170803	084945.00	108.53841703	34.22373919	44.40	0.0340	0.0120	-0.9180	1.72	NULL	50	0
1480	1	1	1	170803	084945.10	108.53842491	34.22374131	44.40	0.0340	0.0120	-0.9180	1.73	NULL	49	0
1481	1	1	1	170803	084945.20	108.53843288	34.22374341	44.40	0.0010	0.0360	-1.0720	1.73	NULL	50	0
1482	1	1	1	170803	084945.30	108.53844080	34.22374552	44.40	0.0510	-0.0420	-0.9710	1.73	NULL	50	0
1483	1	1	1	170803	084945.40	108.53844876	34.22374763	44.40	0.0920	-0.0350	-0.9970	1.70	NULL	49	0
1484	1	1	1	170803	084945.50	108.53845672	34.22374976	44.40	0.0960	0.0360	-1.0150	1.70	NULL	50	0
1485	1	1	1	170803	084945.60	108.53846473	34.22375188	44.40	0.0330	-0.1030	-0.9370	1.70	NULL	50	0
1486	1	1	1	170803	084945.70	108.53847273	34.22375404	46.25	0.0360	0.0060	-0.9530	1.70	NULL	50	0
1487	1	1	1	170803	084945.80	108.53848079	34.22375618	46.25	0.0360	-0.0340	-1.0280	1.70	NULL	50	0
1488	1	1	1	170803	084945.90	108.53848881	34.22375838	46.25	0.0190	0.0060	-1.0480	1.70	NULL	50	0
1489	1	1	1	170803	084946.00	108.53849687	34.22376057	46.25	-0.0050	-0.0730	-0.9470	1.71	NULL	50	0
1490	1	1	1	170803	084946.10	108.53850488	34.22376275	46.25	-0.0240	-0.0300	-0.9710	1.71	NULL	50	0
1491	1	1	1	170803	084946.20	108.53851291	34.22376494	46.25	-0.0670	-0.0360	-1.0720	1.71	NULL	50	0
1492	1	1	1	170803	084946.30	108.53852093	34.22376712	46.25	-0.0300	0.0100	-1.0620	1.69	NULL	50	0
1493	1	1	1	170803	084946.40	108.53852896	34.22376929	46.25	-0.0320	-0.0060	-1.0500	1.69	NULL	50	0
1494	1	1	1	170803	084946.50	108.53853693	34.22377151	46.25	0.0400	-0.0540	-1.0020	1.69	NULL	50	0
1495	1	1	1	170803	084946.60	108.53854494	34.22377368	46.25	0.0340	0.0060	-0.9740	1.69	NULL	50	0
1496	1	1	1	170803	084946.70	108.53855290	34.22377590	46.25	0.0430	-0.0200	-0.9400	1.68	NULL	50	0
1497	1	1	1	170803	084946.80	108.53856088	34.22377808	46.25	0.0010	-0.0080	-1.0500	1.68	NULL	50	0
1498	1	1	1	170803	084946.90	108.53856884	34.22378029	44.40	-0.0340	-0.0760	-0.9600	1.68	NULL	50	0
1499	1	1	1	170803	084947.00	108.53857682	34.22378247	44.40	0.0260	-0.0040	-1.1340	1.68	NULL	50	0
1500	1	1	1	170803	084947.10	108.53858479	34.22378470	44.40	-0.0170	-0.0660	-1.0460	1.68	NULL	49	0
1501	1	1	1	170803	084947.20	108.53859277	34.22378689	44.40	0.0080	0.0040	-0.9140	1.68	NULL	49	0
1502	1	1	1	170803	084947.30	108.53860068	34.22378910	44.40	-0.0550	-0.0250	-0.9450	1.70	NULL	50	0
1503	1	1	1	170803	084947.40	108.53860864	34.22379130	44.40	-0.0030	-0.0650	-1.0310	1.70	NULL	49	0
1504	1	1	1	170803	084947.50	108.53861656	34.22379352	44.40	-0.0270	-0.0370	-0.9800	1.70	NULL	49	0
1505	1	1	1	170803	084947.60	108.53862443	34.22379576	44.40	0.0200	0.0190	-1.0260	1.69	NULL	50	0
1506	1	1	1	170803	084947.70	108.53863233	34.22379800	44.40	-0.0280	0.0010	-1.0040	1.69	NULL	49	0
1507	1	1	1	170803	084947.80	108.53864023	34.22380021	44.40	0.0370	-0.1000	-1.0040	1.69	NULL	49	0
1508	1	1	1	170803	084947.90	108.53864810	34.22380243	44.40	-0.0630	-0.0560	-1.0560	1.69	NULL	49	0
1509	1	1	1	170803	084948.00	108.53865595	34.22380469	44.40	0.0030	-0.0190	-1.0380	1.69	NULL	49	0
1510	1	1	1	170803	084948.10	108.53866381	34.22380694	44.40	0.0320	0.0640	-1.0590	1.69	NULL	49	0
1511	1	1	1	170803	084948.20	108.53867164	34.22380920	44.40	0.0120	-0.0720	-0.9330	1.68	NULL	49	0
1512	1	1	1	170803	084948.30	108.53867950	34.22381147	44.40	-0.0060	0.0160	-1.0490	1.68	NULL	49	0
1513	1	1	1	170803	084948.40	108.53868734	34.22381374	44.40	-0.0130	-0.0630	-0.9890	1.68	NULL	49	0
1514	1	1	1	170803	084948.50	108.53869517	34.22381599	44.40	0.0060	-0.0960	-1.0120	1.70	NULL	49	0
1515	1	1	1	170803	084948.60	108.53870297	34.22381828	44.40	-0.0010	0.0070	-1.0970	1.70	NULL	49	0
1516	1	1	1	170803	084948.70	108.53871082	34.22382056	44.40	-0.0110	0.0040	-1.0420	1.70	NULL	49	0
1517	1	1	1	170803	084948.80	108.53871867	34.22382282	44.40	0.0610	0.0030	-0.9870	1.72	NULL	49	0
1518	1	1	1	170803	084948.90	108.53872653	34.22382511	44.40	0.0520	-0.0130	-1.0230	1.72	NULL	49	0
1519	1	1	1	170803	084949.00	108.53873440	34.22382742	44.40	0.0320	-0.0030	-0.9310	1.72	NULL	49	0
1520	1	1	1	170803	084949.10	108.53874226	34.22382970	44.40	0.0260	-0.0130	-0.9410	2.21	NULL	49	0
1521	1	1	1	170803	084949.20	108.53875013	34.22383201	44.40	0.0710	0.0270	-0.9800	2.21	NULL	49	0
1522	1	1	1	170803	084949.30	108.53875801	34.22383434	44.40	-0.0730	-0.0220	-1.1010	2.21	NULL	50	0
1523	1	1	1	170803	084949.40	108.53876590	34.22383666	44.40	0.0160	0.0980	-1.0140	3.02	NULL	50	0
1524	1	1	1	170803	084949.50	108.53877380	34.22383898	44.40	0.0300	-0.0490	-1.0340	3.02	NULL	50	0
1525	1	1	1	170803	084949.60	108.53878171	34.22384131	46.25	0.0190	-0.0140	-0.9830	3.02	NULL	50	0
1526	1	1	1	170803	084949.70	108.53878961	34.22384361	46.25	0.0720	0.0160	-0.9570	3.24	NULL	50	0
1527	1	1	1	170803	084949.80	108.53879755	34.22384593	46.25	0.0530	-0.0090	-0.9640	3.24	NULL	50	0
1528	1	1	1	170803	084949.90	108.53880548	34.22384824	46.25	0.0260	0.0290	-0.9760	3.24	NULL	50	0
1529	1	1	1	170803	084950.00	108.53881339	34.22385055	46.25	0.0420	0.0850	-1.0730	3.70	NULL	50	0
1530	1	1	1	170803	084950.10	108.53882136	34.22385284	46.25	-0.0210	0.0160	-0.9780	3.70	NULL	50	0
1531	1	1	1	170803	084950.20	108.53882932	34.22385511	46.25	0.0600	0.0700	-0.9310	3.70	NULL	50	0
1532	1	1	1	170803	084950.30	108.53883729	34.22385739	46.25	0.0270	-0.0270	-1.0210	3.96	NULL	50	0
1533	1	1	1	170803	084950.40	108.53884523	34.22385970	46.25	0.0380	0.0160	-1.0240	3.96	NULL	50	0
1534	1	1	1	170803	084950.50	108.53885323	34.22386199	46.25	-0.0060	-0.0080	-0.9890	3.96	NULL	50	0
1535	1	1	1	170803	084950.60	108.53886120	34.22386424	46.25	0.0060	-0.1030	-1.0110	3.96	NULL	50	0
1536	1	1	1	170803	084950.70	108.53886921	34.22386653	46.25	0.0020	-0.0030	-0.9650	4.10	NULL	50	0
1537	1	1	1	170803	084950.80	108.53887718	34.22386880	46.25	0.0170	-0.0200	-1.0120	4.10	NULL	51	0
1538	1	1	1	170803	084950.90	108.53888519	34.22387107	46.25	0.0010	0.0010	-0.9360	4.10	NULL	50	0
1539	1	1	1	170803	084951.00	108.53889319	34.22387334	46.25	0.0640	-0.0000	-1.0090	4.25	NULL	50	0
1540	1	1	1	170803	084951.10	108.53890123	34.22387561	46.25	-0.0260	-0.0430	-1.0120	4.25	NULL	50	0
1541	1	1	1	170803	084951.20	108.53890925	34.22387787	46.25	-0.0240	-0.0140	-1.0520	4.25	NULL	50	0
1542	1	1	1	170803	084951.30	108.53891731	34.22388014	46.25	0.0480	0.0180	-0.9800	4.34	NULL	51	0
1543	1	1	1	170803	084951.40	108.53892536	34.22388241	46.25	-0.0310	-0.0220	-0.9520	4.34	NULL	51	0
1544	1	1	1	170803	084951.50	108.53893339	34.22388467	46.25	0.0190	0.0550	-0.9430	4.34	NULL	50	0
1545	1	1	1	170803	084951.60	108.53894143	34.22388695	46.25	0.0330	0.0100	-1.0720	4.44	NULL	50	0
1546	1	1	1	170803	084951.70	108.53894950	34.22388923	46.25	-0.0290	-0.0030	-1.0980	4.44	NULL	51	0
1547	1	1	1	170803	084951.80	108.53895762	34.22389143	46.25	0.0170	-0.0800	-1.0050	4.44	NULL	50	0
1548	1	1	1	170803	084951.90	108.53896568	34.22389373	46.25	0.0090	-0.0060	-1.0870	4.74	NULL	50	0
1549	1	1	1	170803	084952.00	108.53897382	34.22389596	46.25	-0.0160	-0.0940	-0.9900	4.74	NULL	51	0
1550	1	1	1	170803	084952.10	108.53898189	34.22389826	46.25	-0.0010	0.0030	-0.9600	4.74	NULL	50	0
1551	1	1	1	170803	084952.20	108.53899001	34.22390052	46.25	0.0330	-0.0550	-1.0000	4.25	NULL	50	0
1552	1	1	1	170803	084952.30	108.53899809	34.22390283	46.25	-0.0400	-0.0720	-1.0260	4.25	NULL	51	0
1553	1	1	1	170803	084952.40	108.53900620	34.22390510	46.25	-0.0060	0.0050	-0.9700	4.25	NULL	51	0
1554	1	1	1	170803	084952.50	108.53901425	34.22390741	46.25	-0.0370	-0.0660	-0.9800	3.46	NULL	51	0
1555	1	1	1	170803	084952.60	108.53902234	34.22390968	46.25	0.0380	-0.0150	-1.0180	3.46	NULL	51	0
1556	1	1	1	170803	084952.70	108.53903042	34.22391200	46.25	0.0030	-0.0180	-1.0570	3.46	NULL	50	0
1557	1	1	1	170803	084952.80	108.53903853	34.22391428	46.25	0.0510	-0.0410	-0.9290	3.12	NULL	50	0
1558	1	1	1	170803	084952.90	108.53904661	34.22391660	46.25	-0.0530	-0.0090	-1.0270	3.12	NULL	51	0
1559	1	1	1	170803	084953.00	108.53905472	34.22391890	46.25	0.0300	0.0340	-0.9700	3.12	NULL	51	0
1560	1	1	1	170803	084953.10	108.53906279	34.22392123	46.25	-0.0060	-0.0040	-1.1020	3.48	NULL	50	0
1561	1	1	1	170803	084953.20	108.53907088	34.22392353	46.25	0.0130	-0.0800	-0.9870	3.48	NULL	51	0
1562	1	1	1	170803	084953.30	108.53907894	34.22392588	46.25	-0.0130	-0.0750	-0.9130	3.48	NULL	50	0
1563	1	1	1	170803	084953.40	108.53908702	34.22392820	46.25	0.0460	-0.0570	-1.0050	3.60	NULL	50	0
1564	1	1	1	170803	084953.50	108.53909510	34.22393053	46.25	0.0210	-0.0980	-1.0370	3.60	NULL	51	0
1565	1	1	1	170803	084953.60	108.53910320	34.22393284	46.25	0.0220	-0.0570	-0.9740	3.60	NULL	51	0
1566	1	1	1	170803	084953.70	108.53911127	34.22393518	46.25	0.0110	-0.1000	-1.0270	3.68	NULL	51	0
1567	1	1	1	170803	084953.80	108.53911936	34.22393750	46.25	-0.0550	-0.0610	-1.0530	3.68	NULL	51	0
1568	1	1	1	170803	084953.90	108.53912741	34.22393989	46.25	0.0910	0.0360	-1.0220	3.68	NULL	50	0
1569	1	1	1	170803	084954.00	108.53913547	34.22394225	46.25	0.0080	-0.0080	-1.0760	3.39	NULL	50	0
1570	1	1	1	170803	084954.10	108.53914354	34.22394463	46.25	-0.0490	-0.0130	-0.9530	3.39	NULL	51	0
1571	1	1	1	170803	084954.20	108.53915162	34.22394701	46.25	0.0280	-0.1410	-1.0240	3.39	NULL	51	0
1572	1	1	1	170803	084954.30	108.53915968	34.22394942	46.25	-0.0110	-0.0180	-0.9740	2.78	NULL	51	0
1573	1	1	1	170803	084954.40	108.53916774	34.22395182	46.25	0.0190	-0.0440	-1.0390	2.78	NULL	51	0
1574	1	1	1	170803	084954.50	108.53917579	34.22395424	46.25	0.0010	-0.0390	-0.9630	2.78	NULL	51	0
1575	1	1	1	170803	084954.60	108.53918383	34.22395667	46.25	0.0130	-0.0820	-1.0710	2.78	NULL	50	0
1576	1	1	1	170803	084954.70	108.53919188	34.22395909	46.25	-0.0260	0.0250	-1.0330	2.45	NULL	51	0
1577	1	1	1	170803	084954.80	108.53919991	34.22396151	46.25	-0.0390	0.0280	-0.9110	2.45	NULL	51	0
1578	1	1	1	170803	084954.90	108.53920793	34.22396393	46.25	0.0150	-0.0560	-1.0530	2.45	NULL	51	0
1579	1	1	1	170803	084955.00	108.53921594	34.22396634	46.25	0.0580	0.0120	-1.0210	2.35	NULL	50	0
1580	1	1	1	170803	084955.10	108.53922395	34.22396878	46.25	0.0140	-0.0970	-1.1150	2.35	NULL	50	0
1581	1	1	1	170803	084955.20	108.53923196	34.22397123	46.25	-0.0420	-0.0550	-0.8190	2.35	NULL	50	0
1582	1	1	1	170803	084955.30	108.53923994	34.22397367	46.25	-0.0590	-0.0090	-0.7960	2.31	NULL	51	0
1583	1	1	1	170803	084955.40	108.53924791	34.22397610	46.25	-0.0020	-0.0480	-0.9800	2.31	NULL	50	0
1584	1	1	1	170803	084955.50	108.53925588	34.22397851	46.25	-0.0030	-0.0700	-1.0680	2.31	NULL	50	0
1585	1	1	1	170803	084955.60	108.53926383	34.22398092	46.25	-0.0100	0.0400	-1.0600	2.59	NULL	50	0
1586	1	1	1	170803	084955.70	108.53927182	34.22398336	46.25	-0.0150	-0.0440	-1.0180	2.59	NULL	50	0
1587	1	1	1	170803	084955.80	108.53927979	34.22398578	46.25	0.0200	0.0340	-0.9640	2.59	NULL	50	0
1588	1	1	1	170803	084955.90	108.53928775	34.22398820	46.25	0.0090	-0.0130	-1.0220	3.22	NULL	50	0
1589	1	1	1	170803	084956.00	108.53929570	34.22399060	46.25	-0.0450	0.0260	-1.0980	3.22	NULL	50	0
1590	1	1	1	170803	084956.10	108.53930365	34.22399302	46.25	0.0400	-0.0600	-1.0050	3.22	NULL	50	0
1591	1	1	1	170803	084956.20	108.53931158	34.22399544	46.25	0.0340	0.0390	-1.0070	3.39	NULL	50	0
1592	1	1	1	170803	084956.30	108.53931950	34.22399785	46.25	-0.0440	-0.0440	-0.9630	3.39	NULL	50	0
1593	1	1	1	170803	084956.40	108.53932743	34.22400028	46.25	0.0610	0.0780	-0.9390	3.39	NULL	50	0
1594	1	1	1	170803	084956.50	108.53933535	34.22400272	46.25	-0.0030	-0.0620	-0.9830	4.04	NULL	50	0
1595	1	1	1	170803	084956.60	108.53934330	34.22400512	46.25	-0.0310	-0.0310	-0.9360	4.04	NULL	50	0
1596	1	1	1	170803	084956.70	108.53935120	34.22400753	46.25	-0.0060	-0.0220	-1.1170	4.04	NULL	50	0
1597	1	1	1	170803	084956.80	108.53935910	34.22400995	46.25	0.0150	-0.0330	-0.9570	4.17	NULL	50	0
1598	1	1	1	170803	084956.90	108.53936699	34.22401239	46.25	0.0140	-0.0270	-0.9830	4.17	NULL	50	0
1599	1	1	1	170803	084957.00	108.53937484	34.22401482	46.25	-0.0270	-0.0330	-1.0280	4.17	NULL	50	0
1600	1	1	1	170803	084957.10	108.53938271	34.22401726	46.25	-0.0170	0.0020	-0.9760	4.24	NULL	50	0
1601	1	1	1	170803	084957.20	108.53939054	34.22401972	46.25	-0.0500	-0.0100	-1.0180	4.24	NULL	50	0
1602	1	1	1	170803	084957.30	108.53939840	34.22402218	44.40	-0.0600	-0.0340	-1.0990	4.24	NULL	49	0
1603	1	1	1	170803	084957.40	108.53940621	34.22402466	44.40	0.0050	-0.1370	-1.0550	4.24	NULL	50	0
1604	1	1	1	170803	084957.50	108.53941405	34.22402713	44.40	0.0270	-0.0380	-1.0220	4.24	NULL	50	0
1605	1	1	1	170803	084957.60	108.53942185	34.22402961	44.40	0.0020	-0.0940	-0.8650	4.24	NULL	49	0
1606	1	1	1	170803	084957.70	108.53942966	34.22403207	44.40	0.0340	0.0010	-1.0070	4.34	NULL	50	0
1607	1	1	1	170803	084957.80	108.53943744	34.22403453	44.40	-0.0270	-0.1250	-1.0200	4.34	NULL	49	0
1608	1	1	1	170803	084957.90	108.53944524	34.22403700	44.40	-0.0050	-0.0610	-1.0330	4.34	NULL	50	0
1609	1	1	1	170803	084958.00	108.53945304	34.22403944	44.40	-0.0760	-0.1090	-1.1170	4.38	NULL	50	0
1610	1	1	1	170803	084958.10	108.53946084	34.22404191	44.40	-0.0110	0.0750	-0.9320	4.38	NULL	49	0
1611	1	1	1	170803	084958.20	108.53946864	34.22404437	44.40	0.0140	-0.0290	-1.0760	4.38	NULL	49	0
1612	1	1	1	170803	084958.30	108.53947643	34.22404684	44.40	0.0310	-0.0340	-0.9320	4.38	NULL	49	0
1613	1	1	1	170803	084958.40	108.53948424	34.22404930	44.40	0.0170	-0.0450	-0.9170	4.26	NULL	49	0
1614	1	1	1	170803	084958.50	108.53949201	34.22405174	44.40	-0.0460	0.0070	-0.9980	4.26	NULL	50	0
1615	1	1	1	170803	084958.60	108.53949978	34.22405418	44.40	0.0390	-0.0360	-0.8730	4.26	NULL	49	0
1616	1	1	1	170803	084958.70	108.53950752	34.22405665	44.40	-0.0330	0.0200	-1.0430	4.31	NULL	49	0
1617	1	1	1	170803	084958.80	108.53951526	34.22405911	44.40	0.0130	-0.0600	-1.0600	4.31	NULL	49	0
1618	1	1	1	170803	084958.90	108.53952300	34.22406159	44.40	-0.0580	-0.0880	-1.0800	4.31	NULL	49	0
1619	1	1	1	170803	084959.00	108.53953073	34.22406407	44.40	-0.0260	0.0650	-1.0150	4.32	NULL	49	0
1620	1	1	1	170803	084959.10	108.53953844	34.22406656	44.40	0.0140	-0.0810	-0.9790	4.32	NULL	49	0
1621	1	1	1	170803	084959.20	108.53954615	34.22406903	44.40	0.0150	0.0860	-1.0370	4.32	NULL	49	0
1622	1	1	1	170803	084959.30	108.53955385	34.22407149	44.40	0.0370	-0.0300	-0.9690	4.26	NULL	49	0
1623	1	1	1	170803	084959.40	108.53956154	34.22407395	44.40	0.0220	-0.0630	-1.0070	4.26	NULL	49	0
1624	1	1	1	170803	084959.50	108.53956922	34.22407644	44.40	0.0330	-0.0360	-0.9800	4.26	NULL	49	0
1625	1	1	1	170803	084959.60	108.53957690	34.22407891	44.40	0.0630	-0.0820	-0.9430	4.23	NULL	49	0
1626	1	1	1	170803	084959.70	108.53958457	34.22408140	44.40	-0.0050	0.0120	-0.9670	4.23	NULL	49	0
1627	1	1	1	170803	084959.80	108.53959224	34.22408391	44.40	0.0150	-0.0640	-0.9550	4.23	NULL	49	0
1628	1	1	1	170803	084959.90	108.53959992	34.22408640	44.40	0.0080	-0.0130	-0.9770	4.22	NULL	49	0
1629	1	1	1	170803	085000.00	108.53960759	34.22408892	44.40	-0.0130	-0.0650	-0.9370	4.22	NULL	49	0
1630	1	1	1	170803	085000.10	108.53961524	34.22409143	44.40	0.0530	0.0010	-1.0500	4.22	NULL	49	0
1631	1	1	1	170803	085000.20	108.53962293	34.22409393	44.40	0.0440	-0.0200	-1.0280	4.25	NULL	49	0
1632	1	1	1	170803	085000.30	108.53963061	34.22409646	44.40	0.0250	-0.0040	-1.0170	4.25	NULL	49	0
1633	1	1	1	170803	085000.40	108.53963829	34.22409899	44.40	-0.0010	0.0050	-1.0150	4.25	NULL	49	0
1634	1	1	1	170803	085000.50	108.53964597	34.22410152	44.40	0.0420	-0.0470	-1.0300	4.22	NULL	49	0
1635	1	1	1	170803	085000.60	108.53965356	34.22410418	44.40	0.0230	-0.0620	-0.9830	4.22	NULL	49	0
1636	1	1	1	170803	085000.70	108.53966131	34.22410672	44.40	0.0340	-0.0320	-0.9430	4.22	NULL	49	0
1637	1	1	1	170803	085000.80	108.53966909	34.22410924	44.40	0.0180	0.0140	-0.9850	3.44	NULL	50	0
1638	1	1	1	170803	085000.90	108.53967681	34.22411179	44.40	0.0560	-0.0690	-0.9820	3.44	NULL	49	0
1639	1	1	1	170803	085001.00	108.53968459	34.22411434	44.40	0.0790	-0.0050	-0.9880	3.44	NULL	49	0
1640	1	1	1	170803	085001.10	108.53969236	34.22411690	44.40	0.0440	-0.0440	-1.0000	2.96	NULL	50	0
1641	1	1	1	170803	085001.20	108.53970015	34.22411947	44.40	-0.0420	-0.0200	-0.9720	2.96	NULL	50	0
1642	1	1	1	170803	085001.30	108.53970795	34.22412202	46.25	-0.0370	-0.0450	-1.0780	2.96	NULL	50	0
1643	1	1	1	170803	085001.40	108.53971574	34.22412461	46.25	-0.0050	-0.0200	-1.0710	2.71	NULL	50	0
1644	1	1	1	170803	085001.50	108.53972356	34.22412718	46.25	0.0430	-0.0130	-0.9770	2.71	NULL	50	0
1645	1	1	1	170803	085001.60	108.53973134	34.22412977	46.25	-0.0050	0.0230	-0.9720	2.71	NULL	50	0
1646	1	1	1	170803	085001.70	108.53973918	34.22413232	46.25	0.0790	0.0080	-0.9470	2.52	NULL	50	0
1647	1	1	1	170803	085001.80	108.53974698	34.22413491	46.25	0.0400	-0.0120	-1.0290	2.52	NULL	50	0
1648	1	1	1	170803	085001.90	108.53975485	34.22413749	46.25	-0.0030	-0.0890	-0.9870	2.52	NULL	50	0
1649	1	1	1	170803	085002.00	108.53976270	34.22414007	46.25	-0.0080	-0.0760	-0.9540	2.48	NULL	50	0
1650	1	1	1	170803	085002.10	108.53977060	34.22414262	46.25	0.0690	-0.0790	-0.9920	2.48	NULL	50	0
1651	1	1	1	170803	085002.20	108.53977848	34.22414525	46.25	0.0070	0.0200	-1.0610	2.48	NULL	50	0
1652	1	1	1	170803	085002.30	108.53978640	34.22414781	46.25	-0.0040	0.0270	-1.0200	2.28	NULL	51	0
1653	1	1	1	170803	085002.40	108.53979431	34.22415040	46.25	0.0340	0.0250	-0.9540	2.28	NULL	51	0
1654	1	1	1	170803	085002.50	108.53980227	34.22415296	46.25	0.0450	-0.0150	-1.0290	2.28	NULL	51	0
1655	1	1	1	170803	085002.60	108.53981025	34.22415553	46.25	0.0020	-0.0270	-1.0650	2.28	NULL	51	0
1656	1	1	1	170803	085002.70	108.53981825	34.22415811	46.25	0.0060	-0.0310	-0.9040	2.13	NULL	51	0
1657	1	1	1	170803	085002.80	108.53982621	34.22416062	46.25	0.0600	-0.0220	-0.9720	2.13	NULL	51	0
1658	1	1	1	170803	085002.90	108.53983421	34.22416321	46.25	-0.0120	0.0380	-1.0620	2.13	NULL	51	0
1659	1	1	1	170803	085003.00	108.53984214	34.22416575	46.25	0.0250	-0.0130	-1.0330	1.92	NULL	51	0
1660	1	1	1	170803	085003.10	108.53985014	34.22416833	46.25	0.0110	-0.1080	-1.0330	1.92	NULL	51	0
1661	1	1	1	170803	085003.20	108.53985806	34.22417088	46.25	0.0180	0.0230	-0.9870	1.92	NULL	51	0
1662	1	1	1	170803	085003.30	108.53986605	34.22417348	46.25	0.0200	-0.0390	-1.0940	1.88	NULL	51	0
1663	1	1	1	170803	085003.40	108.53987398	34.22417606	46.25	0.0330	-0.0710	-0.9210	1.88	NULL	50	0
1664	1	1	1	170803	085003.50	108.53988197	34.22417866	46.25	0.0850	-0.0250	-0.8770	1.88	NULL	51	0
1665	1	1	1	170803	085003.60	108.53988995	34.22418123	46.25	0.0150	-0.0720	-0.8980	1.91	NULL	51	0
1666	1	1	1	170803	085003.70	108.53989794	34.22418382	46.25	0.0020	-0.0480	-0.9720	1.91	NULL	51	0
1667	1	1	1	170803	085003.80	108.53990586	34.22418640	46.25	-0.0110	-0.0500	-1.0280	1.91	NULL	51	0
1668	1	1	1	170803	085003.90	108.53991383	34.22418901	46.25	0.0510	-0.0170	-0.9750	1.93	NULL	51	0
1669	1	1	1	170803	085004.00	108.53992181	34.22419167	46.25	0.0260	-0.1100	-1.0620	1.93	NULL	51	0
1670	1	1	1	170803	085004.10	108.53992979	34.22419428	46.25	-0.0310	-0.0050	-1.0820	1.93	NULL	51	0
1671	1	1	1	170803	085004.20	108.53993774	34.22419688	46.25	0.0100	-0.0710	-0.9770	1.86	NULL	51	0
1672	1	1	1	170803	085004.30	108.53994572	34.22419951	46.25	0.0560	-0.0310	-1.0110	1.86	NULL	51	0
1673	1	1	1	170803	085004.40	108.53995366	34.22420216	46.25	-0.0410	-0.0060	-0.9420	1.86	NULL	51	0
1674	1	1	1	170803	085004.50	108.53996162	34.22420481	46.25	0.0330	-0.0470	-1.0230	1.92	NULL	51	0
1675	1	1	1	170803	085004.60	108.53996958	34.22420745	46.25	0.0380	0.0350	-1.0530	1.92	NULL	51	0
1676	1	1	1	170803	085004.70	108.53997755	34.22421010	46.25	-0.0540	-0.0810	-1.0300	1.92	NULL	51	0
1677	1	1	1	170803	085004.80	108.53998549	34.22421276	46.25	-0.0090	0.0270	-0.9680	1.97	NULL	51	0