969	1	1	1	170803	085529.00	108.53609109	34.22313363	62.90	-0.0830	-0.0530	-0.9510	4.03	NULL	67	0
970	1	1	1	170803	085529.10	108.53610205	34.22313640	62.90	-0.1260	0.1010	-0.9890	4.06	NULL	67	0
971	1	1	1	170803	085529.20	108.53611282	34.22313916	62.90	-0.1700	-0.0710	-1.1070	4.06	NULL	67	0
972	1	1	1	170803	085529.30	108.53612361	34.22314191	61.05	-0.1730	-0.0610	-0.9540	4.06	NULL	66	0
973	1	1	1	170803	085529.40	108.53613425	34.22314458	61.05	-0.1670	0.0040	-1.0380	4.08	NULL	66	0
974	1	1	1	170803	085529.50	108.53614481	34.22314733	61.05	-0.2410	-0.0280	-0.9540	4.08	NULL	64	0
975	1	1	1	170803	085529.60	108.53615528	34.22315004	59.20	-0.2240	0.0780	-1.0910	4.08	NULL	64	0
976	1	1	1	170803	085529.70	108.53616559	34.22315269	59.20	-0.1570	0.0240	-1.0320	4.08	NULL	63	0
977	1	1	1	170803	085529.80	108.53617564	34.22315531	57.35	-0.1620	0.0160	-0.9740	4.08	NULL	62	0
978	1	1	1	170803	085529.90	108.53618572	34.22315793	57.35	-0.2140	-0.1140	-1.0870	4.08	NULL	62	0
979	1	1	1	170803	085530.00	108.53619549	34.22316054	55.50	-0.2350	0.0260	-1.0060	4.07	NULL	61	0
980	1	1	1	170803	085530.10	108.53620529	34.22316312	55.50	-0.1940	-0.0860	-1.0820	4.07	NULL	60	0
981	1	1	1	170803	085530.20	108.53621478	34.22316562	55.50	-0.2700	0.0090	-0.9570	4.07	NULL	59	0
982	1	1	1	170803	085530.30	108.53622432	34.22316812	53.65	-0.2670	-0.0310	-0.9730	4.01	NULL	58	0
983	1	1	1	170803	085530.40	108.53623354	34.22317060	53.65	-0.1200	-0.0270	-0.9740	4.01	NULL	58	0
984	1	1	1	170803	085530.50	108.53624282	34.22317304	51.80	-0.2210	-0.0140	-1.0160	4.01	NULL	58	0
985	1	1	1	170803	085530.60	108.53625195	34.22317544	51.80	-0.0360	0.0120	-1.0590	3.93	NULL	57	0
986	1	1	1	170803	085530.70	108.53626120	34.22317787	51.80	-0.0010	-0.0360	-0.9570	3.93	NULL	58	0
987	1	1	1	170803	085530.80	108.53627034	34.22318027	51.80	-0.0020	-0.0550	-1.0140	3.93	NULL	58	0
988	1	1	1	170803	085530.90	108.53627955	34.22318269	51.80	0.0140	0.0230	-1.0330	3.93	NULL	57	0
989	1	1	1	170803	085531.00	108.53628873	34.22318509	51.80	0.0260	-0.0100	-0.9080	3.66	NULL	57	0
990	1	1	1	170803	085531.10	108.53629788	34.22318752	51.80	-0.0740	0.0370	-1.0520	3.66	NULL	57	0
991	1	1	1	170803	085531.20	108.53630707	34.22318997	51.80	0.0030	-0.0030	-1.0080	2.94	NULL	57	0
992	1	1	1	170803	085531.30	108.53631622	34.22319239	51.80	0.0260	-0.0020	-0.9230	2.94	NULL	57	0
993	1	1	1	170803	085531.40	108.53632551	34.22319467	51.80	-0.0050	-0.1030	-0.9350	2.94	NULL	57	0
994	1	1	1	170803	085531.50	108.53633463	34.22319705	51.80	-0.0130	0.0050	-1.0710	2.94	NULL	57	0
995	1	1	1	170803	085531.60	108.53634380	34.22319938	51.80	0.0090	-0.0340	-1.0390	2.61	NULL	57	0
996	1	1	1	170803	085531.70	108.53635289	34.22320181	51.80	-0.0550	0.0340	-0.9710	2.61	NULL	57	0
997	1	1	1	170803	085531.80	108.53636202	34.22320415	51.80	0.0440	0.0130	-0.9170	2.61	NULL	56	0
998	1	1	1	170803	085531.90	108.53637110	34.22320653	51.80	0.0560	-0.0380	-1.0970	2.47	NULL	56	0
999	1	1	1	170803	085532.00	108.53638018	34.22320890	51.80	0.0480	-0.0290	-0.9570	2.47	NULL	56	0
1000	1	1	1	170803	085532.10	108.53638929	34.22321129	51.80	0.0030	0.0720	-1.0490	2.47	NULL	56	0
1001	1	1	1	170803	085532.20	108.53639833	34.22321372	51.80	-0.0880	-0.0040	-0.9630	2.34	NULL	56	0
1002	1	1	1	170803	085532.30	108.53640734	34.22321609	51.80	0.0240	0.0790	-1.1290	2.34	NULL	56	0
1003	1	1	1	170803	085532.40	108.53641634	34.22321846	51.80	0.0170	-0.0080	-1.1080	2.34	NULL	56	0
1004	1	1	1	170803	085532.50	108.53642541	34.22322084	51.80	-0.0210	0.0170	-0.8930	2.12	NULL	56	0
1005	1	1	1	170803	085532.60	108.53643441	34.22322329	51.80	-0.0220	-0.0050	-0.9060	2.12	NULL	56	0
1006	1	1	1	170803	085532.70	108.53644345	34.22322561	51.80	0.0720	-0.0240	-0.9790	2.12	NULL	56	0
1007	1	1	1	170803	085532.80	108.53645242	34.22322808	51.80	0.0030	-0.0290	-1.0940	1.91	NULL	56	0
1008	1	1	1	170803	085532.90	108.53646142	34.22323044	51.80	-0.0670	-0.0330	-0.9390	1.91	NULL	56	0
1009	1	1	1	170803	085533.00	108.53647038	34.22323289	51.80	-0.0050	0.0780	-1.0680	1.91	NULL	56	0
1010	1	1	1	170803	085533.10	108.53647940	34.22323527	51.80	0.0090	-0.1050	-1.1230	1.71	NULL	56	0
1011	1	1	1	170803	085533.20	108.53648836	34.22323776	51.80	0.0130	-0.0540	-0.9300	1.71	NULL	56	0
1012	1	1	1	170803	085533.30	108.53649737	34.22324010	51.80	0.0470	0.0490	-1.0340	1.71	NULL	56	0
1013	1	1	1	170803	085533.40	108.53650634	34.22324257	51.80	0.0360	-0.0450	-1.0330	1.82	NULL	56	0
1014	1	1	1	170803	085533.50	108.53651537	34.22324494	51.80	0.0100	-0.0130	-1.0670	1.82	NULL	56	0
1015	1	1	1	170803	085533.60	108.53652434	34.22324738	51.80	-0.0020	-0.0710	-1.0160	1.82	NULL	56	0
1016	1	1	1	170803	085533.70	108.53653336	34.22324976	51.80	0.0070	0.0250	-1.0700	2.06	NULL	56	0
1017	1	1	1	170803	085533.80	108.53654236	34.22325221	51.80	-0.0190	0.0310	-1.0370	2.06	NULL	56	0
1018	1	1	1	170803	085533.90	108.53655139	34.22325458	51.80	0.0560	-0.0900	-1.0170	2.06	NULL	57	0
1019	1	1	1	170803	085534.00	108.53656041	34.22325699	51.80	0.0100	0.0820	-0.9650	2.89	NULL	57	0
1020	1	1	1	170803	085534.10	108.53656948	34.22325938	51.80	0.0370	-0.1230	-1.0780	2.89	NULL	56	0
1021	1	1	1	170803	085534.20	108.53657848	34.22326167	51.80	0.0110	0.1020	-1.0030	2.89	NULL	56	0
1022	1	1	1	170803	085534.30	108.53658753	34.22326405	51.80	0.0250	-0.1430	-0.9860	3.80	NULL	57	0
1023	1	1	1	170803	085534.40	108.53659660	34.22326647	51.80	0.0890	0.0290	-1.1340	3.80	NULL	57	0
1024	1	1	1	170803	085534.50	108.53660573	34.22326887	51.80	0.0480	0.0220	-1.0550	3.80	NULL	56	0
1025	1	1	1	170803	085534.60	108.53661490	34.22327132	51.80	0.0260	0.0250	-0.8840	4.15	NULL	57	0
1026	1	1	1	170803	085534.70	108.53662404	34.22327373	51.80	-0.0360	-0.0250	-0.8960	4.15	NULL	57	0
1027	1	1	1	170803	085534.80	108.53663322	34.22327618	51.80	0.0070	-0.0400	-1.0510	4.15	NULL	57	0
1028	1	1	1	170803	085534.90	108.53664237	34.22327860	51.80	0.0720	-0.0560	-1.1130	4.15	NULL	57	0
1029	1	1	1	170803	085535.00	108.53665144	34.22328087	51.80	0.0080	0.0410	-1.0360	5.13	NULL	57	0
1030	1	1	1	170803	085535.10	108.53666065	34.22328332	51.80	0.0700	0.0390	-1.0400	5.13	NULL	58	0
1031	1	1	1	170803	085535.20	108.53666977	34.22328570	51.80	0.0420	-0.0690	-1.0140	5.35	NULL	58	0
1032	1	1	1	170803	085535.30	108.53667902	34.22328815	51.80	0.0200	0.0460	-0.8330	5.35	NULL	58	0
1033	1	1	1	170803	085535.40	108.53668823	34.22329052	53.65	-0.0060	-0.0680	-1.1040	5.35	NULL	58	0
1034	1	1	1	170803	085535.50	108.53669751	34.22329299	53.65	0.0520	0.0380	-0.8660	5.35	NULL	58	0
1035	1	1	1	170803	085535.60	108.53670684	34.22329527	53.65	0.0600	-0.0350	-1.0650	5.45	NULL	59	0
1036	1	1	1	170803	085535.70	108.53671621	34.22329773	53.65	0.0870	0.0160	-1.0670	5.45	NULL	58	0
1037	1	1	1	170803	085535.80	108.53672577	34.22330013	53.65	0.0580	0.1370	-1.0430	5.45	NULL	59	0
1038	1	1	1	170803	085535.90	108.53673518	34.22330257	53.65	0.0350	0.0080	-0.9680	5.56	NULL	59	0
1039	1	1	1	170803	085536.00	108.53674475	34.22330493	53.65	0.1200	-0.0850	-1.0590	5.56	NULL	59	0
1040	1	1	1	170803	085536.10	108.53675422	34.22330740	53.65	0.0130	0.0400	-0.9760	5.56	NULL	59	0
1041	1	1	1	170803	085536.20	108.53676379	34.22330975	53.65	0.0780	0.0150	-1.0310	5.76	NULL	59	0
1042	1	1	1	170803	085536.30	108.53677332	34.22331220	53.65	0.0660	-0.0130	-1.0330	5.76	NULL	59	0
1043	1	1	1	170803	085536.40	108.53678294	34.22331460	53.65	0.0650	0.0120	-1.0540	5.76	NULL	60	0
1044	1	1	1	170803	085536.50	108.53679255	34.22331705	53.65	0.0070	-0.0090	-0.9810	5.68	NULL	60	0
1045	1	1	1	170803	085536.60	108.53680220	34.22331946	55.50	0.0860	-0.0830	-1.0870	5.68	NULL	60	0
1046	1	1	1	170803	085536.70	108.53681184	34.22332191	55.50	0.0050	0.0130	-0.8760	5.68	NULL	60	0
1047	1	1	1	170803	085536.80	108.53682169	34.22332440	55.50	0.0230	-0.0470	-1.0620	5.77	NULL	60	0
1048	1	1	1	170803	085536.90	108.53683134	34.22332686	55.50	0.0350	0.0670	-1.1190	5.77	NULL	60	0
1049	1	1	1	170803	085537.00	108.53684113	34.22332935	55.50	0.0030	0.0250	-0.9500	5.77	NULL	60	0
1050	1	1	1	170803	085537.10	108.53685075	34.22333182	55.50	0.0280	-0.0610	-0.9060	6.18	NULL	60	0
1051	1	1	1	170803	085537.20	108.53686056	34.22333429	55.50	-0.0700	0.0680	-1.0650	6.18	NULL	59	0
1052	1	1	1	170803	085537.30	108.53687018	34.22333673	55.50	0.0150	-0.0350	-1.0430	6.18	NULL	60	0
1053	1	1	1	170803	085537.40	108.53687988	34.22333921	53.65	-0.0610	-0.0120	-0.9440	6.22	NULL	60	0
1054	1	1	1	170803	085537.50	108.53688943	34.22334167	53.65	-0.0530	0.0390	-1.0520	6.22	NULL	60	0
1055	1	1	1	170803	085537.60	108.53689901	34.22334415	53.65	0.0670	-0.0450	-1.0210	6.22	NULL	59	0
1056	1	1	1	170803	085537.70	108.53690857	34.22334657	53.65	-0.0110	0.0130	-0.9050	6.71	NULL	59	0
1057	1	1	1	170803	085537.80	108.53691821	34.22334895	53.65	0.0530	0.0320	-0.9560	6.71	NULL	59	0
1058	1	1	1	170803	085537.90	108.53692775	34.22335138	53.65	0.0140	-0.0130	-0.8910	6.71	NULL	59	0
1059	1	1	1	170803	085538.00	108.53693724	34.22335371	53.65	-0.0930	0.0270	-1.0890	6.86	NULL	59	0
1060	1	1	1	170803	085538.10	108.53694678	34.22335615	53.65	0.0320	-0.1050	-1.0500	6.86	NULL	59	0
1061	1	1	1	170803	085538.20	108.53695625	34.22335869	53.65	-0.0330	0.0140	-0.9490	6.86	NULL	59	0
1062	1	1	1	170803	085538.30	108.53696575	34.22336115	53.65	-0.0080	-0.0170	-1.0650	7.26	NULL	59	0
1063	1	1	1	170803	085538.40	108.53697500	34.22336360	53.65	-0.0310	-0.0250	-0.9610	7.26	NULL	59	0
1064	1	1	1	170803	085538.50	108.53698444	34.22336603	53.65	0.0020	-0.0570	-1.1420	7.26	NULL	58	0
1065	1	1	1	170803	085538.60	108.53699366	34.22336828	53.65	-0.0420	-0.0340	-1.0670	7.80	NULL	59	0
1066	1	1	1	170803	085538.70	108.53700313	34.22337074	53.65	0.0410	0.0050	-0.1400	7.80	NULL	59	0
1067	1	1	1	170803	085538.80	108.53701250	34.22337316	53.65	-0.0120	0.0680	-1.0710	7.80	NULL	59	0
1068	1	1	1	170803	085538.90	108.53702192	34.22337558	53.65	-0.0220	-0.0750	-0.9310	7.80	NULL	59	0
1069	1	1	1	170803	085539.00	108.53703130	34.22337808	53.65	0.0270	0.0340	-1.0690	8.11	NULL	58	0
1070	1	1	1	170803	085539.10	108.53704072	34.22338055	53.65	0.0400	-0.0250	-1.0150	8.11	NULL	58	0
1071	1	1	1	170803	085539.20	108.53705001	34.22338296	53.65	-0.0060	0.0370	-0.9580	5.34	NULL	59	0
1072	1	1	1	170803	085539.30	108.53705946	34.22338540	53.65	0.0270	0.0030	-0.9750	5.34	NULL	59	0
1073	1	1	1	170803	085539.40	108.53706877	34.22338769	53.65	-0.0060	0.0300	-0.9790	5.34	NULL	59	0
1074	1	1	1	170803	085539.50	108.53707817	34.22339014	53.65	0.0210	-0.0010	-0.9370	5.34	NULL	58	0
1075	1	1	1	170803	085539.60	108.53708754	34.22339267	53.65	-0.0040	-0.0130	-1.0590	3.84	NULL	58	0
1076	1	1	1	170803	085539.70	108.53709695	34.22339513	53.65	0.0140	0.0150	-1.0970	3.84	NULL	59	0
1077	1	1	1	170803	085539.80	108.53710624	34.22339758	53.65	0.0140	-0.0810	-0.9330	3.84	NULL	59	0
1078	1	1	1	170803	085539.90	108.53711570	34.22340000	53.65	0.0040	0.0890	-1.0140	4.09	NULL	59	0
1079	1	1	1	170803	085540.00	108.53712506	34.22340242	53.65	0.0400	0.0120	-0.9730	4.09	NULL	59	0
1080	1	1	1	170803	085540.10	108.53713451	34.22340486	53.65	0.0600	-0.0650	-1.0630	4.09	NULL	59	0
1081	1	1	1	170803	085540.20	108.53714394	34.22340731	53.65	0.0430	-0.0350	-0.8710	4.41	NULL	59	0
1082	1	1	1	170803	085540.30	108.53715344	34.22340975	53.65	0.0870	-0.0870	-1.0000	4.41	NULL	59	0
1083	1	1	1	170803	085540.40	108.53716297	34.22341204	53.65	0.0370	0.0060	-0.9230	4.41	NULL	59	0
1084	1	1	1	170803	085540.50	108.53717251	34.22341449	53.65	0.0640	-0.0030	-0.9290	4.67	NULL	59	0
1085	1	1	1	170803	085540.60	108.53718214	34.22341692	53.65	0.0500	-0.0400	-1.0280	4.67	NULL	60	0
1086	1	1	1	170803	085540.70	108.53719171	34.22341937	53.65	-0.0110	0.0180	-1.0180	4.67	NULL	60	0
1087	1	1	1	170803	085540.80	108.53720138	34.22342182	53.65	0.0760	-0.0350	-0.9580	4.75	NULL	59	0
1088	1	1	1	170803	085540.90	108.53721092	34.22342428	53.65	0.0020	-0.1000	-1.0230	4.75	NULL	59	0
1089	1	1	1	170803	085541.00	108.53722048	34.22342667	53.65	-0.0060	-0.0500	-1.1250	4.75	NULL	59	0
1090	1	1	1	170803	085541.10	108.53723005	34.22342912	53.65	0.0520	-0.0480	-1.1300	4.96	NULL	60	0
1091	1	1	1	170803	085541.20	108.53723960	34.22343154	53.65	-0.0120	0.0730	-0.8860	4.96	NULL	59	0
1092	1	1	1	170803	085541.30	108.53724912	34.22343398	53.65	-0.0510	-0.0270	-0.9700	4.96	NULL	59	0
1093	1	1	1	170803	085541.40	108.53725867	34.22343640	53.65	0.0180	0.0270	-1.0900	5.00	NULL	59	0
1094	1	1	1	170803	085541.50	108.53726819	34.22343885	53.65	-0.0310	-0.0680	-0.9740	5.00	NULL	60	0
1095	1	1	1	170803	085541.60	108.53727774	34.22344127	53.65	-0.0390	-0.0510	-1.0270	5.00	NULL	59	0
1096	1	1	1	170803	085541.70	108.53728728	34.22344372	53.65	0.1020	-0.0590	-1.0870	5.21	NULL	59	0
1097	1	1	1	170803	085541.80	108.53729708	34.22344603	53.65	0.0550	0.1310	-0.9130	5.21	NULL	59	0
1098	1	1	1	170803	085541.90	108.53730660	34.22344850	53.65	-0.0570	-0.0860	-1.0120	5.21	NULL	60	0
1099	1	1	1	170803	085542.00	108.53731645	34.22345089	53.65	0.0380	-0.0830	-1.0080	5.40	NULL	60	0
1100	1	1	1	170803	085542.10	108.53732603	34.22345335	53.65	0.1100	-0.0510	-1.0480	5.40	NULL	60	0
1101	1	1	1	170803	085542.20	108.53733603	34.22345586	53.65	0.0430	0.0430	-0.9720	5.40	NULL	60	0
1102	1	1	1	170803	085542.30	108.53734562	34.22345835	53.65	0.0270	-0.0080	-0.9540	5.44	NULL	60	0
1103	1	1	1	170803	085542.40	108.53735559	34.22346089	55.50	0.1000	-0.0400	-1.0340	5.44	NULL	60	0
1104	1	1	1	170803	085542.50	108.53736528	34.22346338	55.50	0.0400	0.0480	-1.0650	5.44	NULL	61	0
1105	1	1	1	170803	085542.60	108.53737496	34.22346592	55.50	-0.0050	0.0760	-1.0120	5.48	NULL	60	0
1106	1	1	1	170803	085542.70	108.53738464	34.22346848	55.50	-0.0100	0.0260	-1.0000	5.48	NULL	60	0
1107	1	1	1	170803	085542.80	108.53739442	34.22347120	55.50	0.0750	-0.0680	-0.9900	5.48	NULL	60	0
1108	1	1	1	170803	085542.90	108.53740413	34.22347375	55.50	-0.0110	0.0090	-0.8950	5.48	NULL	61	0
1109	1	1	1	170803	085543.00	108.53741388	34.22347648	55.50	0.0130	-0.0420	-1.0140	5.54	NULL	61	0
1110	1	1	1	170803	085543.10	108.53742361	34.22347905	55.50	0.1340	-0.0190	-0.9300	5.54	NULL	61	0
1111	1	1	1	170803	085543.20	108.53743316	34.22348155	55.50	0.0730	0.1020	-0.9810	5.58	NULL	61	0
1112	1	1	1	170803	085543.30	108.53744300	34.22348411	55.50	0.0460	0.0490	-0.9960	5.58	NULL	61	0
1113	1	1	1	170803	085543.40	108.53745269	34.22348656	55.50	0.0410	0.0640	-1.0290	5.58	NULL	61	0
1114	1	1	1	170803	085543.50	108.53746258	34.22348915	55.50	0.0870	-0.0520	-0.9490	5.58	NULL	62	0
1115	1	1	1	170803	085543.60	108.53747233	34.22349162	57.35	-0.0140	-0.0190	-0.9610	5.64	NULL	62	0
1116	1	1	1	170803	085543.70	108.53748222	34.22349422	57.35	0.0010	-0.1230	-1.0620	5.64	NULL	61	0
1117	1	1	1	170803	085543.80	108.53749236	34.22349686	57.35	0.0800	-0.0160	-0.9400	5.64	NULL	61	0
1118	1	1	1	170803	085543.90	108.53750226	34.22349946	57.35	0.0650	-0.0460	-0.9870	5.63	NULL	62	0
1119	1	1	1	170803	085544.00	108.53751204	34.22350213	57.35	0.0220	-0.0230	-0.9100	5.63	NULL	61	0
1120	1	1	1	170803	085544.10	108.53752195	34.22350473	57.35	0.0020	-0.0120	-1.0120	5.63	NULL	62	0
1121	1	1	1	170803	085544.20	108.53753173	34.22350738	57.35	0.0300	-0.0210	-0.9400	5.66	NULL	62	0
1122	1	1	1	170803	085544.30	108.53754164	34.22351000	57.35	-0.0400	-0.0070	-1.0460	5.66	NULL	61	0
1123	1	1	1	170803	085544.40	108.53755144	34.22351256	55.50	0.0340	-0.0490	-1.0150	5.66	NULL	61	0
1124	1	1	1	170803	085544.50	108.53756130	34.22351518	55.50	-0.0040	-0.0030	-1.0640	5.70	NULL	62	0
1125	1	1	1	170803	085544.60	108.53757107	34.22351774	55.50	-0.0260	0.0270	-0.9810	5.70	NULL	62	0
1126	1	1	1	170803	085544.70	108.53758095	34.22352034	55.50	-0.0240	0.0290	-1.0080	5.70	NULL	61	0
1127	1	1	1	170803	085544.80	108.53759058	34.22352301	55.50	0.0220	-0.0440	-1.0770	5.70	NULL	61	0
1128	1	1	1	170803	085544.90	108.53760042	34.22352560	55.50	-0.0840	-0.0150	-0.9310	5.70	NULL	61	0
1129	1	1	1	170803	085545.00	108.53761008	34.22352822	55.50	-0.0060	-0.0160	-1.0860	5.70	NULL	61	0
1130	1	1	1	170803	085545.10	108.53761993	34.22353079	55.50	-0.0370	0.0860	-1.0710	5.70	NULL	62	0
1131	1	1	1	170803	085545.20	108.53762983	34.22353333	55.50	0.0080	-0.1390	-1.0020	5.70	NULL	61	0
1132	1	1	1	170803	085545.30	108.53763965	34.22353590	55.50	0.0340	0.0080	-0.9190	5.70	NULL	61	0
1133	1	1	1	170803	085545.40	108.53764970	34.22353834	55.50	-0.0050	0.0130	-0.9350	5.69	NULL	61	0
1134	1	1	1	170803	085545.50	108.53765952	34.22354088	55.50	-0.0690	0.0330	-0.9190	5.69	NULL	61	0
1135	1	1	1	170803	085545.60	108.53766947	34.22354326	55.50	0.0340	-0.0270	-1.0390	5.69	NULL	61	0
1136	1	1	1	170803	085545.70	108.53767931	34.22354579	55.50	0.0690	0.0450	-0.8720	5.69	NULL	61	0
1137	1	1	1	170803	085545.80	108.53768911	34.22354810	55.50	-0.0800	-0.1000	-0.9780	5.69	NULL	61	0
1138	1	1	1	170803	085545.90	108.53769891	34.22355060	55.50	-0.0350	-0.0280	-0.8850	5.69	NULL	60	0
1139	1	1	1	170803	085546.00	108.53770870	34.22355297	55.50	0.0150	-0.0340	-1.0560	5.68	NULL	61	0
1140	1	1	1	170803	085546.10	108.53771848	34.22355547	55.50	-0.0060	0.0600	-1.0280	5.68	NULL	61	0
1141	1	1	1	170803	085546.20	108.53772824	34.22355785	55.50	0.0150	0.0370	-0.8890	5.68	NULL	61	0
1142	1	1	1	170803	085546.30	108.53773799	34.22356035	55.50	-0.0160	-0.0580	-0.9940	5.34	NULL	61	0
1143	1	1	1	170803	085546.40	108.53774753	34.22356278	55.50	0.0540	-0.0060	-0.9880	5.34	NULL	60	0
1144	1	1	1	170803	085546.50	108.53775730	34.22356528	55.50	-0.0270	0.0410	-1.0700	5.34	NULL	61	0
1145	1	1	1	170803	085546.60	108.53776682	34.22356784	55.50	-0.0700	0.0230	-0.9650	5.01	NULL	61	0
1146	1	1	1	170803	085546.70	108.53777657	34.22357033	55.50	0.0120	-0.0800	-1.0820	5.01	NULL	61	0
1147	1	1	1	170803	085546.80	108.53778613	34.22357287	55.50	-0.0340	0.0220	-0.9240	5.01	NULL	61	0
1148	1	1	1	170803	085546.90	108.53779584	34.22357533	55.50	0.0480	-0.0160	-0.9430	5.01	NULL	60	0
1149	1	1	1	170803	085547.00	108.53780540	34.22357784	55.50	-0.0090	0.0240	-1.0410	4.80	NULL	60	0
1150	1	1	1	170803	085547.10	108.53781512	34.22358030	55.50	0.0520	-0.0770	-1.0400	4.80	NULL	61	0
1151	1	1	1	170803	085547.20	108.53782475	34.22358284	55.50	0.0050	-0.0100	-0.9100	4.38	NULL	60	0
1152	1	1	1	170803	085547.30	108.53783444	34.22358532	55.50	-0.0310	-0.0080	-0.9670	4.38	NULL	60	0
1153	1	1	1	170803	085547.40	108.53784415	34.22358785	55.50	0.0320	-0.0880	-0.9030	4.38	NULL	60	0
1154	1	1	1	170803	085547.50	108.53785383	34.22359031	55.50	0.0100	0.0300	-0.9430	4.38	NULL	60	0
1155	1	1	1	170803	085547.60	108.53786367	34.22359280	55.50	-0.0250	-0.0340	-0.9930	3.24	NULL	60	0
1156	1	1	1	170803	085547.70	108.53787336	34.22359527	55.50	-0.0140	0.0060	-0.9800	3.24	NULL	60	0
1157	1	1	1	170803	085547.80	108.53788305	34.22359782	55.50	0.0640	-0.0280	-1.0340	3.24	NULL	60	0
1158	1	1	1	170803	085547.90	108.53789273	34.22360028	55.50	0.0150	-0.0610	-1.0830	2.76	NULL	60	0
1159	1	1	1	170803	085548.00	108.53790240	34.22360283	55.50	0.0200	-0.0680	-1.0240	2.76	NULL	60	0
1160	1	1	1	170803	085548.10	108.53791207	34.22360529	55.50	-0.0550	0.0100	-0.9570	2.76	NULL	60	0
1161	1	1	1	170803	085548.20	108.53792177	34.22360786	55.50	-0.0090	0.0270	-1.0490	2.54	NULL	60	0
1162	1	1	1	170803	085548.30	108.53793142	34.22361033	55.50	0.0290	0.0140	-1.0190	2.54	NULL	60	0
1163	1	1	1	170803	085548.40	108.53794109	34.22361285	55.50	0.0540	0.0100	-1.1010	2.54	NULL	60	0
1164	1	1	1	170803	085548.50	108.53795076	34.22361532	55.50	0.0150	-0.0240	-0.9550	2.33	NULL	60	0
1165	1	1	1	170803	085548.60	108.53796050	34.22361780	55.50	-0.0370	-0.0100	-0.9630	2.33	NULL	60	0
1166	1	1	1	170803	085548.70	108.53797016	34.22362028	55.50	-0.0170	-0.0470	-0.9130	2.33	NULL	60	0
1167	1	1	1	170803	085548.80	108.53797978	34.22362282	55.50	0.0580	-0.0120	-1.0710	2.24	NULL	60	0
1168	1	1	1	170803	085548.90	108.53798943	34.22362532	55.50	0.0330	-0.0860	-1.0010	2.24	NULL	60	0
1169	1	1	1	170803	085549.00	108.53799882	34.22362774	55.50	-0.0360	-0.0330	-0.9370	2.24	NULL	60	0
1170	1	1	1	170803	085549.10	108.53800846	34.22363022	55.50	0.0460	-0.0130	-0.9940	2.10	NULL	60	0
1171	1	1	1	170803	085549.20	108.53801790	34.22363263	55.50	0.0190	0.0430	-0.9520	2.10	NULL	60	0
1172	1	1	1	170803	085549.30	108.53802755	34.22363510	55.50	0.0490	0.0330	-1.0680	2.10	NULL	60	0
1173	1	1	1	170803	085549.40	108.53803698	34.22363751	55.50	-0.0030	-0.0200	-1.0400	2.05	NULL	60	0
1174	1	1	1	170803	085549.50	108.53804663	34.22363997	55.50	0.0040	-0.0650	-0.9260	2.05	NULL	60	0
1175	1	1	1	170803	085549.60	108.53805615	34.22364240	55.50	-0.0030	-0.1500	-1.0760	2.05	NULL	60	0
1176	1	1	1	170803	085549.70	108.53806579	34.22364492	55.50	0.0410	-0.0250	-1.0860	2.14	NULL	60	0
1177	1	1	1	170803	085549.80	108.53807539	34.22364737	55.50	0.0250	-0.0450	-0.9000	2.14	NULL	60	0
1178	1	1	1	170803	085549.90	108.53808504	34.22364989	55.50	-0.0060	0.0340	-1.0660	2.14	NULL	60	0
1179	1	1	1	170803	085550.00	108.53809481	34.22365243	55.50	-0.0130	-0.0300	-1.0010	2.09	NULL	60	0
1180	1	1	1	170803	085550.10	108.53810448	34.22365496	55.50	0.0660	-0.1160	-1.0080	2.09	NULL	60	0
1181	1	1	1	170803	085550.20	108.53811422	34.22365746	55.50	0.0050	-0.0670	-0.9530	2.09	NULL	60	0
1182	1	1	1	170803	085550.30	108.53812391	34.22366000	55.50	0.0090	-0.0440	-0.9970	2.02	NULL	60	0
1183	1	1	1	170803	085550.40	108.53813367	34.22366252	55.50	0.0970	0.0850	-1.0190	2.02	NULL	61	0
1184	1	1	1	170803	085550.50	108.53814335	34.22366509	55.50	-0.0100	-0.0970	-1.0960	2.02	NULL	61	0
1185	1	1	1	170803	085550.60	108.53815314	34.22366765	55.50	0.0380	-0.0030	-1.1270	2.03	NULL	61	0
1186	1	1	1	170803	085550.70	108.53816286	34.22367024	55.50	0.0580	-0.0510	-1.0900	2.03	NULL	60	0
1187	1	1	1	170803	085550.80	108.53817268	34.22367284	55.50	0.0630	-0.0460	-1.0090	2.03	NULL	61	0
1188	1	1	1	170803	085550.90	108.53818243	34.22367543	55.50	-0.0200	-0.0530	-0.9420	2.03	NULL	61	0
1189	1	1	1	170803	085551.00	108.53819241	34.22367807	55.50	-0.0000	-0.0080	-0.9600	2.03	NULL	61	0
1190	1	1	1	170803	085551.10	108.53820215	34.22368066	55.50	0.0800	-0.0030	-0.9750	2.03	NULL	61	0
1191	1	1	1	170803	085551.20	108.53821211	34.22368327	55.50	0.0270	0.0480	-1.0610	1.95	NULL	61	0
1192	1	1	1	170803	085551.30	108.53822189	34.22368587	55.50	0.0300	-0.0180	-1.0440	1.95	NULL	61	0
1193	1	1	1	170803	085551.40	108.53823185	34.22368849	55.50	-0.0060	-0.0470	-0.9150	1.95	NULL	61	0
1194	1	1	1	170803	085551.50	108.53824165	34.22369113	55.50	0.0590	-0.0450	-1.0180	1.95	NULL	62	0
1195	1	1	1	170803	085551.60	108.53825155	34.22369379	55.50	-0.0190	-0.0900	-0.9300	1.87	NULL	62	0
1196	1	1	1	170803	085551.70	108.53826133	34.22369644	55.50	0.0360	-0.0830	-1.0740	1.87	NULL	61	0
1197	1	1	1	170803	085551.80	108.53827120	34.22369910	55.50	0.0220	0.0500	-1.0520	1.87	NULL	61	0
1198	1	1	1	170803	085551.90	108.53828102	34.22370178	55.50	0.0490	-0.0020	-0.9830	1.81	NULL	61	0
1199	1	1	1	170803	085552.00	108.53829088	34.22370445	55.50	-0.0120	-0.0370	-1.0920	1.81	NULL	61	0
1200	1	1	1	170803	085552.10	108.53830073	34.22370712	55.50	0.0690	0.0210	-1.0300	1.81	NULL	62	0
1201	1	1	1	170803	085552.20	108.53831063	34.22370989	55.50	0.0010	0.0410	-0.9280	1.79	NULL	62	0
1202	1	1	1	170803	085552.30	108.53832049	34.22371253	55.50	0.0530	-0.0210	-1.0110	1.79	NULL	61	0
1203	1	1	1	170803	085552.40	108.53833044	34.22371516	55.50	-0.0140	0.0510	-1.0600	1.79	NULL	61	0
1204	1	1	1	170803	085552.50	108.53834030	34.22371784	55.50	0.0740	-0.0660	-1.0380	1.77	NULL	62	0
1205	1	1	1	170803	085552.60	108.53835037	34.22372042	55.50	-0.0230	0.0960	-1.0420	1.77	NULL	62	0
1206	1	1	1	170803	085552.70	108.53836028	34.22372311	57.35	0.0060	-0.0560	-0.9960	1.77	NULL	62	0
1207	1	1	1	170803	085552.80	108.53837034	34.22372574	57.35	0.0970	0.1170	-0.9440	1.74	NULL	62	0
1208	1	1	1	170803	085552.90	108.53838023	34.22372842	57.35	0.0010	-0.0410	-1.0410	1.74	NULL	62	0
1209	1	1	1	170803	085553.00	108.53839026	34.22373101	57.35	0.0230	0.0720	-1.0830	1.74	NULL	62	0
1210	1	1	1	170803	085553.10	108.53840020	34.22373369	57.35	0.0480	0.0200	-1.0580	1.76	NULL	62	0
1211	1	1	1	170803	085553.20	108.53841024	34.22373627	57.35	-0.0150	0.0530	-1.0040	1.76	NULL	62	0
1212	1	1	1	170803	085553.30	108.53842021	34.22373896	57.35	0.0510	-0.0530	-0.9190	1.76	NULL	62	0
1213	1	1	1	170803	085553.40	108.53843028	34.22374155	57.35	0.0350	0.0440	-0.8670	1.85	NULL	62	0
1214	1	1	1	170803	085553.50	108.53844024	34.22374422	57.35	0.0040	-0.0120	-0.9920	1.85	NULL	62	0
1215	1	1	1	170803	085553.60	108.53845028	34.22374683	57.35	0.0250	-0.0460	-1.1310	1.85	NULL	62	0
1216	1	1	1	170803	085553.70	108.53846027	34.22374952	57.35	0.0090	-0.0150	-1.1270	1.90	NULL	63	0
1217	1	1	1	170803	085553.80	108.53847033	34.22375217	57.35	0.0120	-0.0700	-0.9560	1.90	NULL	63	0
1218	1	1	1	170803	085553.90	108.53848033	34.22375485	57.35	-0.0400	-0.0270	-1.0510	1.90	NULL	62	0
1219	1	1	1	170803	085554.00	108.53849043	34.22375752	57.35	0.0460	0.0740	-1.0470	2.08	NULL	63	0
1220	1	1	1	170803	085554.10	108.53850046	34.22376023	57.35	-0.0370	0.0630	-0.9470	2.08	NULL	63	0
1221	1	1	1	170803	085554.20	108.53851056	34.22376292	57.35	-0.0330	0.0920	-0.9240	2.08	NULL	62	0
1222	1	1	1	170803	085554.30	108.53852059	34.22376560	57.35	0.0410	-0.0690	-0.9900	2.10	NULL	63	0
1223	1	1	1	170803	085554.40	108.53853067	34.22376828	57.35	0.0370	0.0230	-1.0370	2.10	NULL	63	0
1224	1	1	1	170803	085554.50	108.53854072	34.22377097	57.35	-0.0310	0.0150	-0.9410	2.10	NULL	63	0
1225	1	1	1	170803	085554.60	108.53855079	34.22377364	57.35	0.0270	0.0170	-0.9700	2.14	NULL	63	0
1226	1	1	1	170803	085554.70	108.53856085	34.22377636	57.35	0.0170	0.0400	-1.0890	2.14	NULL	63	0
1227	1	1	1	170803	085554.80	108.53857093	34.22377904	57.35	-0.0410	-0.0920	-1.0110	2.14	NULL	63	0
1228	1	1	1	170803	085554.90	108.53858100	34.22378176	57.35	0.0530	-0.0860	-0.9930	2.14	NULL	63	0
1229	1	1	1	170803	085555.00	108.53859112	34.22378446	57.35	-0.0590	-0.0390	-1.0800	2.13	NULL	63	0
1230	1	1	1	170803	085555.10	108.53860120	34.22378717	57.35	-0.0150	-0.0020	-0.8550	2.13	NULL	63	0
1231	1	1	1	170803	085555.20	108.53861132	34.22378989	57.35	-0.0100	0.0270	-1.0480	2.05	NULL	63	0
1232	1	1	1	170803	085555.30	108.53862141	34.22379261	57.35	-0.0180	-0.0670	-0.8810	2.05	NULL	63	0
1233	1	1	1	170803	085555.40	108.53863151	34.22379533	57.35	-0.0400	-0.0680	-1.0430	2.05	NULL	63	0
1234	1	1	1	170803	085555.50	108.53864161	34.22379805	57.35	0.0770	0.0770	-0.9870	2.05	NULL	64	0
1235	1	1	1	170803	085555.60	108.53865172	34.22380077	57.35	0.0620	-0.1450	-0.9230	2.49	NULL	63	0
1236	1	1	1	170803	085555.70	108.53866181	34.22380352	57.35	-0.0210	0.0360	-0.9360	2.49	NULL	63	0
1237	1	1	1	170803	085555.80	108.53867193	34.22380627	57.35	-0.0160	-0.0100	-1.0280	2.49	NULL	63	0
1238	1	1	1	170803	085555.90	108.53868204	34.22380904	57.35	-0.0120	-0.0470	-1.1070	3.02	NULL	63	0
1239	1	1	1	170803	085556.00	108.53869214	34.22381181	57.35	-0.0460	-0.0410	-0.9640	3.02	NULL	63	0
1240	1	1	1	170803	085556.10	108.53870220	34.22381457	57.35	-0.0060	-0.1160	-1.0120	3.02	NULL	63	0
1241	1	1	1	170803	085556.20	108.53871225	34.22381734	57.35	0.0110	-0.0320	-1.0180	3.81	NULL	63	0
1242	1	1	1	170803	085556.30	108.53872229	34.22382012	57.35	0.0210	-0.0480	-0.9700	3.81	NULL	62	0
1243	1	1	1	170803	085556.40	108.53873229	34.22382290	57.35	-0.0570	-0.0780	-0.9570	3.81	NULL	62	0
1244	1	1	1	170803	085556.50	108.53874227	34.22382568	57.35	-0.0400	-0.0810	-0.9870	4.08	NULL	62	0
1245	1	1	1	170803	085556.60	108.53875221	34.22382848	57.35	0.0070	-0.0370	-0.9870	4.08	NULL	62	0
1246	1	1	1	170803	085556.70	108.53876219	34.22383126	57.35	-0.0280	-0.1160	-1.0100	4.08	NULL	62	0
1247	1	1	1	170803	085556.80	108.53877211	34.22383404	57.35	-0.0290	-0.0000	-0.9300	4.22	NULL	62	0
1248	1	1	1	170803	085556.90	108.53878201	34.22383684	57.35	-0.0180	-0.0340	-0.9910	4.22	NULL	62	0
1249	1	1	1	170803	085557.00	108.53879178	34.22383971	57.35	0.0050	-0.0280	-0.9440	4.22	NULL	62	0
1250	1	1	1	170803	085557.10	108.53880162	34.22384252	57.35	0.0120	0.0060	-1.0400	4.73	NULL	62	0
1251	1	1	1	170803	085557.20	108.53881141	34.22384532	55.50	-0.0590	0.0140	-0.9210	4.73	NULL	62	0
1252	1	1	1	170803	085557.30	108.53882120	34.22384810	55.50	0.0340	-0.0440	-1.0600	4.73	NULL	61	0
1253	1	1	1	170803	085557.40	108.53883087	34.22385101	55.50	-0.0250	0.0290	-0.8820	5.21	NULL	61	0
1254	1	1	1	170803	085557.50	108.53884062	34.22385378	55.50	-0.1040	0.0300	-1.0190	5.21	NULL	61	0
1255	1	1	1	170803	085557.60	108.53885026	34.22385663	55.50	-0.0020	-0.0260	-1.0020	5.21	NULL	61	0
1256	1	1	1	170803	085557.70	108.53885995	34.22385940	55.50	-0.0570	-0.0070	-1.0040	5.66	NULL	61	0
1257	1	1	1	170803	085557.80	108.53886945	34.22386220	55.50	-0.0040	0.0310	-0.9660	5.66	NULL	61	0
1258	1	1	1	170803	085557.90	108.53887910	34.22386495	55.50	-0.0760	-0.0600	-1.0220	5.66	NULL	60	0
1259	1	1	1	170803	085558.00	108.53888857	34.22386775	55.50	-0.0250	-0.0130	-0.8810	5.83	NULL	60	0
1260	1	1	1	170803	085558.10	108.53889816	34.22387050	55.50	0.0210	0.0400	-1.1170	5.83	NULL	60	0
1261	1	1	1	170803	085558.20	108.53890759	34.22387330	55.50	-0.0310	-0.0130	-0.8920	5.83	NULL	60	0
1262	1	1	1	170803	085558.30	108.53891714	34.22387602	55.50	-0.0610	0.0160	-0.9580	6.17	NULL	60	0
1263	1	1	1	170803	085558.40	108.53892655	34.22387879	53.65	0.0150	-0.0010	-0.8970	6.17	NULL	59	0
1264	1	1	1	170803	085558.50	108.53893605	34.22388150	53.65	-0.1050	-0.0040	-0.9720	6.17	NULL	59	0
1265	1	1	1	170803	085558.60	108.53894541	34.22388424	53.65	0.0360	-0.0550	-0.9770	6.56	NULL	59	0
1266	1	1	1	170803	085558.70	108.53895488	34.22388693	53.65	-0.0320	0.0410	-1.1080	6.56	NULL	59	0
1267	1	1	1	170803	085558.80	108.53896426	34.22388959	53.65	-0.0320	-0.0230	-1.0130	6.56	NULL	59	0
1268	1	1	1	170803	085558.90	108.53897366	34.22389230	53.65	-0.0270	-0.0190	-0.9680	6.56	NULL	59	0
1269	1	1	1	170803	085559.00	108.53898302	34.22389497	53.65	-0.0950	-0.0540	-0.9370	6.57	NULL	58	0
1270	1	1	1	170803	085559.10	108.53899236	34.22389769	53.65	-0.0060	-0.0200	-0.9140	6.57	NULL	59	0
1271	1	1	1	170803	085559.20	108.53900165	34.22390038	53.65	-0.0590	-0.0210	-1.0350	4.29	NULL	59	0
1272	1	1	1	170803	085559.30	108.53901093	34.22390308	53.65	-0.0170	-0.0040	-0.9690	4.29	NULL	58	0
1273	1	1	1	170803	085559.40	108.53902014	34.22390577	53.65	0.0080	0.0030	-1.0300	4.29	NULL	58	0
1274	1	1	1	170803	085559.50	108.53902936	34.22390849	53.65	-0.0030	-0.0360	-1.0860	4.29	NULL	58	0
1275	1	1	1	170803	085559.60	108.53903852	34.22391118	53.65	-0.0540	-0.0560	-0.9300	3.23	NULL	58	0
1276	1	1	1	170803	085559.70	108.53904772	34.22391390	53.65	-0.0270	-0.0460	-1.0290	3.23	NULL	58	0
1277	1	1	1	170803	085559.80	108.53905686	34.22391660	51.80	-0.0340	-0.0770	-0.9310	3.23	NULL	57	0
1278	1	1	1	170803	085559.90	108.53906597	34.22391934	51.80	-0.0150	-0.0250	-1.0770	2.77	NULL	58	0
1279	1	1	1	170803	085600.00	108.53907505	34.22392204	51.80	-0.0140	-0.0470	-0.9740	2.77	NULL	58	0
1280	1	1	1	170803	085600.10	108.53908414	34.22392477	51.80	0.0470	0.0080	-1.1380	2.77	NULL	57	0
1281	1	1	1	170803	085600.20	108.53909322	34.22392748	51.80	0.0170	0.0620	-0.9910	2.54	NULL	57	0
1282	1	1	1	170803	085600.30	108.53910231	34.22393020	51.80	-0.0380	0.0580	-1.0110	2.54	NULL	57	0
1283	1	1	1	170803	085600.40	108.53911140	34.22393289	51.80	-0.0170	-0.0360	-0.9160	2.54	NULL	57	0
1284	1	1	1	170803	085600.50	108.53912047	34.22393559	51.80	-0.0770	0.0190	-1.0120	2.51	NULL	57	0
1285	1	1	1	170803	085600.60	108.53912952	34.22393825	51.80	-0.0320	0.0260	-1.0770	2.51	NULL	57	0
1286	1	1	1	170803	085600.70	108.53913860	34.22394094	51.80	-0.0200	-0.0180	-0.9950	2.51	NULL	57	0
1287	1	1	1	170803	085600.80	108.53914765	34.22394358	51.80	0.0320	-0.0640	-0.9340	2.41	NULL	57	0
1288	1	1	1	170803	085600.90	108.53915667	34.22394626	51.80	-0.0570	0.0360	-1.0180	2.41	NULL	57	0
1289	1	1	1	170803	085601.00	108.53916570	34.22394890	51.80	0.0090	-0.1310	-1.0260	2.41	NULL	57	0
1290	1	1	1	170803	085601.10	108.53917471	34.22395157	51.80	-0.0380	0.0410	-1.0950	2.40	NULL	57	0
1291	1	1	1	170803	085601.20	108.53918370	34.22395423	51.80	0.0150	0.0490	-0.9800	2.40	NULL	57	0
1292	1	1	1	170803	085601.30	108.53919269	34.22395689	51.80	-0.0680	0.0260	-1.0130	2.40	NULL	57	0
1293	1	1	1	170803	085601.40	108.53920167	34.22395956	51.80	-0.0400	-0.0520	-0.9110	2.56	NULL	56	0
1294	1	1	1	170803	085601.50	108.53921062	34.22396223	51.80	0.0200	-0.1110	-0.9770	2.56	NULL	56	0
1295	1	1	1	170803	085601.60	108.53921956	34.22396489	51.80	0.0850	-0.0710	-0.9470	2.56	NULL	57	0
1296	1	1	1	170803	085601.70	108.53922851	34.22396761	51.80	-0.0280	-0.0270	-1.0720	2.95	NULL	56	0
1297	1	1	1	170803	085601.80	108.53923741	34.22397031	51.80	-0.0950	-0.0050	-0.8100	2.95	NULL	56	0
1298	1	1	1	170803	085601.90	108.53924632	34.22397300	51.80	0.0310	0.0480	-0.9680	2.95	NULL	56	0
1299	1	1	1	170803	085602.00	108.53925519	34.22397569	51.80	-0.0280	0.0860	-1.0800	3.46	NULL	56	0
1300	1	1	1	170803	085602.10	108.53926409	34.22397837	51.80	0.0150	-0.0360	-1.0730	3.46	NULL	56	0
1301	1	1	1	170803	085602.20	108.53927296	34.22398103	51.80	-0.0560	0.0550	-0.8740	3.46	NULL	56	0
1302	1	1	1	170803	085602.30	108.53928184	34.22398371	51.80	0.0080	-0.0310	-0.8790	4.49	NULL	56	0
1303	1	1	1	170803	085602.40	108.53929072	34.22398636	51.80	0.0120	-0.0600	-0.9010	4.49	NULL	56	0
1304	1	1	1	170803	085602.50	108.53929955	34.22398902	51.80	0.0200	-0.0810	-1.0590	4.49	NULL	56	0
1305	1	1	1	170803	085602.60	108.53930837	34.22399166	49.95	0.0210	0.0710	-0.9350	4.91	NULL	55	0
1306	1	1	1	170803	085602.70	108.53931722	34.22399433	49.95	0.0200	-0.1090	-1.0090	4.91	NULL	56	0
1307	1	1	1	170803	085602.80	108.53932602	34.22399697	49.95	-0.0450	0.0310	-1.0150	4.91	NULL	56	0
1308	1	1	1	170803	085602.90	108.53933483	34.22399963	49.95	-0.0250	-0.1070	-0.9480	4.91	NULL	55	0
1309	1	1	1	170803	085603.00	108.53934363	34.22400229	49.95	-0.0710	-0.0040	-1.0130	5.29	NULL	55	0
1310	1	1	1	170803	085603.10	108.53935242	34.22400493	49.95	-0.0420	0.0660	-0.9000	5.29	NULL	56	0
1311	1	1	1	170803	085603.20	108.53936118	34.22400758	49.95	-0.0130	-0.0360	-0.9770	3.92	NULL	56	0
1312	1	1	1	170803	085603.30	108.53936997	34.22401022	49.95	0.0100	0.0240	-1.0330	3.92	NULL	55	0
1313	1	1	1	170803	085603.40	108.53937863	34.22401277	49.95	0.0340	-0.0220	-1.0610	3.92	NULL	55	0
1314	1	1	1	170803	085603.50	108.53938739	34.22401541	49.95	-0.0430	0.0480	-1.0460	3.92	NULL	55	0
1315	1	1	1	170803	085603.60	108.53939603	34.22401797	49.95	-0.0600	-0.0430	-1.0510	3.13	NULL	55	0
1316	1	1	1	170803	085603.70	108.53940478	34.22402059	49.95	0.0390	0.1350	-0.9860	3.13	NULL	55	0
1317	1	1	1	170803	085603.80	108.53941343	34.22402317	49.95	-0.0240	-0.0310	-0.9780	3.13	NULL	55	0
1318	1	1	1	170803	085603.90	108.53942216	34.22402579	49.95	-0.0450	-0.0080	-0.9610	2.74	NULL	55	0
1319	1	1	1	170803	085604.00	108.53943088	34.22402840	49.95	0.0140	-0.0600	-1.1140	2.74	NULL	55	0
1320	1	1	1	170803	085604.10	108.53943960	34.22403103	49.95	-0.0490	0.0330	-0.9920	2.74	NULL	55	0
1321	1	1	1	170803	085604.20	108.53944832	34.22403364	49.95	-0.0170	0.0270	-1.0060	3.63	NULL	55	0
1322	1	1	1	170803	085604.30	108.53945702	34.22403628	49.95	-0.0140	0.0070	-1.0020	3.63	NULL	55	0
1323	1	1	1	170803	085604.40	108.53946586	34.22403879	49.95	-0.0410	0.0320	-0.9170	3.63	NULL	55	0
1324	1	1	1	170803	085604.50	108.53947454	34.22404142	49.95	0.0080	-0.0690	-1.1020	5.28	NULL	55	0
1325	1	1	1	170803	085604.60	108.53948333	34.22404396	49.95	-0.0110	-0.0270	-1.0290	5.28	NULL	55	0
1326	1	1	1	170803	085604.70	108.53949202	34.22404655	49.95	-0.0350	0.0160	-0.9320	5.28	NULL	55	0
1327	1	1	1	170803	085604.80	108.53950072	34.22404904	49.95	-0.0700	-0.0220	-1.0030	5.62	NULL	54	0
1328	1	1	1	170803	085604.90	108.53950936	34.22405164	49.95	0.0220	0.0010	-1.0040	5.62	NULL	55	0
1329	1	1	1	170803	085605.00	108.53951798	34.22405414	49.95	0.0400	0.0140	-0.9630	5.62	NULL	55	0
1330	1	1	1	170803	085605.10	108.53952661	34.22405676	49.95	-0.0350	-0.1120	-1.1470	4.43	NULL	54	0
1331	1	1	1	170803	085605.20	108.53953521	34.22405931	49.95	-0.0080	-0.0300	-1.0100	4.43	NULL	54	0
1332	1	1	1	170803	085605.30	108.53954385	34.22406192	49.95	-0.0060	0.0950	-0.9490	4.43	NULL	55	0
1333	1	1	1	170803	085605.40	108.53955246	34.22406447	49.95	0.0600	-0.0460	-0.9030	5.08	NULL	55	0
1334	1	1	1	170803	085605.50	108.53956107	34.22406705	49.95	-0.0390	0.1140	-0.9690	5.08	NULL	54	0
1335	1	1	1	170803	085605.60	108.53956970	34.22406960	49.95	0.0430	-0.0200	-0.9880	5.08	NULL	54	0
1336	1	1	1	170803	085605.70	108.53957832	34.22407221	49.95	0.0170	-0.0620	-1.0730	6.41	NULL	55	0
1337	1	1	1	170803	085605.80	108.53958695	34.22407477	49.95	0.0010	-0.0470	-1.0790	6.41	NULL	54	0
1338	1	1	1	170803	085605.90	108.53959560	34.22407738	49.95	0.0340	-0.0340	-1.1000	6.41	NULL	55	0
1339	1	1	1	170803	085606.00	108.53960427	34.22408000	49.95	0.0190	-0.0060	-0.9770	4.72	NULL	55	0
1340	1	1	1	170803	085606.10	108.53961293	34.22408261	49.95	-0.0110	0.0370	-1.0180	4.72	NULL	55	0
1341	1	1	1	170803	085606.20	108.53962163	34.22408525	49.95	0.0300	0.0080	-1.0020	4.72	NULL	55	0
1342	1	1	1	170803	085606.30	108.53963032	34.22408788	49.95	0.0680	-0.0060	-0.9890	3.50	NULL	55	0
1343	1	1	1	170803	085606.40	108.53963903	34.22409052	49.95	0.0130	0.0120	-0.9490	3.50	NULL	55	0
1344	1	1	1	170803	085606.50	108.53964771	34.22409315	49.95	0.0770	-0.1050	-0.9530	3.50	NULL	55	0
1345	1	1	1	170803	085606.60	108.53965651	34.22409585	49.95	0.0540	-0.0670	-1.0290	2.93	NULL	55	0
1346	1	1	1	170803	085606.70	108.53966527	34.22409850	49.95	0.0170	0.0240	-0.9280	2.93	NULL	55	0
1347	1	1	1	170803	085606.80	108.53967410	34.22410119	49.95	0.0240	-0.0350	-0.9590	2.93	NULL	56	0
1348	1	1	1	170803	085606.90	108.53968285	34.22410382	49.95	0.0400	-0.0130	-0.9890	2.93	NULL	55	0
1349	1	1	1	170803	085607.00	108.53969170	34.22410650	49.95	0.0350	-0.0500	-1.0470	2.48	NULL	55	0
1350	1	1	1	170803	085607.10	108.53970049	34.22410918	49.95	-0.0030	0.0260	-1.0910	2.48	NULL	56	0
1351	1	1	1	170803	085607.20	108.53970933	34.22411188	49.95	0.0550	0.0500	-0.9790	2.25	NULL	56	0
1352	1	1	1	170803	085607.30	108.53971813	34.22411457	49.95	0.0480	-0.0050	-1.0220	2.25	NULL	55	0
1353	1	1	1	170803	085607.40	108.53972690	34.22411735	51.80	-0.0070	-0.0140	-1.0110	2.25	NULL	56	0
1354	1	1	1	170803	085607.50	108.53973570	34.22412004	51.80	0.0540	-0.0800	-1.0050	2.25	NULL	56	0
1355	1	1	1	170803	085607.60	108.53974446	34.22412282	51.80	-0.0030	-0.0470	-1.0570	2.14	NULL	56	0
1356	1	1	1	170803	085607.70	108.53975329	34.22412556	51.80	0.0590	-0.0470	-1.0430	2.14	NULL	56	0
1357	1	1	1	170803	085607.80	108.53976207	34.22412836	51.80	0.0820	-0.1080	-0.9710	2.14	NULL	56	0
1358	1	1	1	170803	085607.90	108.53977092	34.22413112	51.80	-0.0200	0.0100	-0.9230	2.04	NULL	56	0
1359	1	1	1	170803	085608.00	108.53977969	34.22413399	51.80	-0.0500	0.0130	-1.0220	2.04	NULL	56	0
1360	1	1	1	170803	085608.10	108.53978855	34.22413674	51.80	0.0550	-0.0430	-0.9700	2.04	NULL	56	0
1361	1	1	1	170803	085608.20	108.53979730	34.22413963	51.80	0.0710	-0.0090	-0.9720	1.96	NULL	56	0
1362	1	1	1	170803	085608.30	108.53980616	34.22414242	51.80	0.0200	-0.0620	-1.0830	1.96	NULL	56	0
1363	1	1	1	170803	085608.40	108.53981498	34.22414527	51.80	0.0160	-0.0390	-1.0000	1.96	NULL	57	0
1364	1	1	1	170803	085608.50	108.53982390	34.22414810	51.80	0.0510	-0.0070	-1.1220	1.92	NULL	56	0
1365	1	1	1	170803	085608.60	108.53983277	34.22415097	51.80	0.0770	-0.0020	-0.9620	1.92	NULL	57	0
1366	1	1	1	170803	085608.70	108.53984167	34.22415381	51.80	-0.0150	0.1040	-1.0750	1.92	NULL	57	0
1367	1	1	1	170803	085608.80	108.53985048	34.22415679	51.80	0.0450	-0.1560	-1.0530	1.94	NULL	57	0
1368	1	1	1	170803	085608.90	108.53985945	34.22415966	51.80	0.0100	0.0820	-1.1330	1.94	NULL	57	0
1369	1	1	1	170803	085609.00	108.53986839	34.22416265	51.80	0.1090	0.0780	-1.1170	1.94	NULL	57	0
1370	1	1	1	170803	085609.10	108.53987744	34.22416555	51.80	0.0460	-0.0220	-1.0190	1.91	NULL	58	0
1371	1	1	1	170803	085609.20	108.53988661	34.22416842	51.80	0.0200	0.0630	-1.0100	1.91	NULL	58	0
1372	1	1	1	170803	085609.30	108.53989570	34.22417136	53.65	0.0510	-0.0260	-1.0490	1.91	NULL	58	0
1373	1	1	1	170803	085609.40	108.53990483	34.22417433	53.65	0.0240	-0.0860	-0.9790	2.15	NULL	58	0
1374	1	1	1	170803	085609.50	108.53991397	34.22417725	53.65	0.0840	-0.0230	-0.9370	2.15	NULL	59	0
1375	1	1	1	170803	085609.60	108.53992311	34.22418024	53.65	0.0510	-0.0760	-1.0130	2.15	NULL	59	0
1376	1	1	1	170803	085609.70	108.53993231	34.22418319	53.65	0.1240	0.1080	-0.9570	2.22	NULL	58	0
1377	1	1	1	170803	085609.80	108.53994145	34.22418624	53.65	0.0650	-0.1680	-0.9590	2.22	NULL	59	0
1378	1	1	1	170803	085609.90	108.53995069	34.22418921	53.65	0.0000	-0.0510	-0.9210	2.22	NULL	59	0
1379	1	1	1	170803	085610.00	108.53995991	34.22419228	53.65	-0.0040	-0.0670	-0.9990	2.26	NULL	59	0
1380	1	1	1	170803	085610.10	108.53996920	34.22419525	53.65	0.0280	0.0050	-0.9720	2.26	NULL	59	0
1381	1	1	1	170803	085610.20	108.53997846	34.22419825	53.65	0.0690	-0.0440	-1.0320	2.26	NULL	59	0
1382	1	1	1	170803	085610.30	108.53998776	34.22420120	53.65	-0.0290	0.0120	-0.9670	2.27	NULL	59	0