20698	1	1	0	170801	103055.40	108.53608680	34.22313270	25.90	0.0120	0.0470	-1.0660	1.97	30	29	1
20699	1	1	0	170801	103055.50	108.53609153	34.22313383	25.90	-0.0160	0.0350	-0.9780	1.97	30	29	1
20700	1	1	0	170801	103055.60	108.53609628	34.22313498	25.90	0.0050	0.0060	-0.9510	1.97	30	29	1
20701	1	1	0	170801	103055.70	108.53610103	34.22313614	25.90	-0.0390	-0.0260	-1.0710	1.94	30	29	1
20702	1	1	0	170801	103055.80	108.53610576	34.22313729	25.90	-0.0150	-0.0130	-1.0430	1.94	30	29	1
20703	1	1	0	170801	103055.90	108.53611049	34.22313842	25.90	-0.0200	-0.0060	-0.9940	1.94	30	29	1
20704	1	1	0	170801	103056.00	108.53611522	34.22313959	25.90	0.0120	0.0260	-0.9520	1.89	30	29	1
20705	1	1	0	170801	103056.10	108.53611994	34.22314073	25.90	-0.0150	0.0690	-1.0310	1.89	30	29	1
20706	1	1	0	170801	103056.20	108.53612464	34.22314187	25.90	-0.0210	0.0030	-0.9790	1.86	30	29	1
20707	1	1	0	170801	103056.30	108.53612932	34.22314303	25.90	0.0130	0.0090	-1.0380	1.86	30	29	1
20708	1	1	0	170801	103056.40	108.53613400	34.22314416	25.90	-0.0130	-0.0030	-0.9730	1.86	30	29	1
20709	1	1	0	170801	103056.50	108.53613868	34.22314526	25.90	0.0050	-0.0180	-1.0140	1.86	30	29	1
20710	1	1	0	170801	103056.60	108.53614333	34.22314643	25.90	0.0090	-0.0040	-0.9890	1.83	30	29	1
20711	1	1	0	170801	103056.70	108.53614800	34.22314758	25.90	0.0690	0.0270	-0.9780	1.83	30	29	1
20712	1	1	0	170801	103056.80	108.53615266	34.22314872	25.90	0.0500	-0.0110	-1.0500	1.83	30	29	1
20713	1	1	0	170801	103056.90	108.53615735	34.22314988	25.90	0.0680	0.0180	-1.0350	1.62	30	29	1
20714	1	1	0	170801	103057.00	108.53616210	34.22315098	25.90	0.0500	0.0040	-1.0530	1.62	30	29	1
20715	1	1	0	170801	103057.10	108.53616679	34.22315216	25.90	-0.0190	0.0020	-1.0410	1.62	30	29	1
20716	1	1	0	170801	103057.20	108.53617156	34.22315326	25.90	-0.0070	0.0280	-0.9930	2.42	30	29	1
20717	1	1	0	170801	103057.30	108.53617627	34.22315442	25.90	-0.0060	-0.0290	-0.9880	2.42	30	29	1
20718	1	1	0	170801	103057.40	108.53618099	34.22315558	25.90	-0.0090	-0.0010	-1.0080	2.42	30	29	1
20719	1	1	0	170801	103057.50	108.53618568	34.22315676	25.90	-0.0070	0.0480	-0.9960	1.92	30	29	1
20720	1	1	0	170801	103057.60	108.53619038	34.22315791	25.90	-0.0090	-0.0060	-0.9870	1.92	30	29	1
20721	1	1	0	170801	103057.70	108.53619507	34.22315906	25.90	-0.0270	-0.0260	-1.0090	1.92	30	29	1
20722	1	1	0	170801	103057.80	108.53619975	34.22316023	25.90	0.0170	0.0120	-1.0270	1.48	30	29	1
20723	1	1	0	170801	103057.90	108.53620445	34.22316140	25.90	-0.0310	-0.0170	-0.9820	1.48	30	29	1
20724	1	1	0	170801	103058.00	108.53620913	34.22316255	25.90	-0.0250	-0.0030	-1.0130	1.48	30	29	1
20725	1	1	0	170801	103058.10	108.53621379	34.22316372	25.90	-0.0180	-0.0210	-0.9880	1.36	30	29	1
20726	1	1	0	170801	103058.20	108.53621846	34.22316488	25.90	-0.0070	-0.0280	-0.9980	1.36	30	29	1
20727	1	1	0	170801	103058.30	108.53622311	34.22316602	25.90	0.0140	0.0330	-1.0000	1.36	30	29	1
20728	1	1	0	170801	103058.40	108.53622773	34.22316718	25.90	-0.0120	-0.0200	-1.0300	1.34	30	29	1
20729	1	1	0	170801	103058.50	108.53623239	34.22316834	25.90	-0.0130	-0.0300	-1.0290	1.34	30	29	1
20730	1	1	0	170801	103058.60	108.53623699	34.22316948	25.90	-0.0050	0.0270	-0.9930	1.34	30	28	1
20731	1	1	0	170801	103058.70	108.53624164	34.22317066	25.90	-0.0200	0.0310	-1.0330	1.34	30	28	1
20732	1	1	0	170801	103058.80	108.53624634	34.22317175	25.90	-0.0560	-0.0150	-1.0050	1.34	30	29	1
20733	1	1	0	170801	103058.90	108.53625096	34.22317291	25.90	-0.0240	-0.0530	-0.9720	1.34	30	29	1
20734	1	1	0	170801	103059.00	108.53625569	34.22317401	25.90	-0.0150	0.0250	-1.0600	1.53	30	29	1
20735	1	1	0	170801	103059.10	108.53626037	34.22317519	25.90	0.0320	-0.0590	-1.0010	1.53	30	29	1
20736	1	1	0	170801	103059.20	108.53626511	34.22317634	25.90	0.0780	-0.0890	-1.0070	1.53	30	29	1
20737	1	1	0	170801	103059.30	108.53626983	34.22317751	25.90	0.0260	0.0230	-1.0090	2.77	30	29	1
20738	1	1	0	170801	103059.40	108.53627462	34.22317870	25.90	0.0570	0.0050	-0.9910	2.77	30	29	1
20739	1	1	0	170801	103059.50	108.53627938	34.22317992	25.90	-0.0160	0.0210	-1.0280	2.77	30	29	1
20740	1	1	0	170801	103059.60	108.53628458	34.22318095	25.90	0.0070	0.0170	-1.0310	3.00	30	29	1
20741	1	1	0	170801	103059.70	108.53628936	34.22318216	25.90	-0.0080	0.0530	-0.9630	3.00	30	29	1
20742	1	1	0	170801	103059.80	108.53629441	34.22318325	25.90	0.0010	0.0130	-1.0480	3.00	30	30	1
20743	1	1	0	170801	103059.90	108.53629922	34.22318446	27.75	0.0140	-0.0030	-1.0290	3.00	30	29	1
20744	1	1	0	170801	103100.00	108.53630421	34.22318558	27.75	-0.0020	0.0360	-0.9810	2.54	30	29	1
20745	1	1	0	170801	103100.10	108.53630900	34.22318680	27.75	-0.0110	0.0240	-1.0350	2.54	30	29	1
20746	1	1	0	170801	103100.20	108.53631396	34.22318792	27.75	-0.0150	-0.0260	-0.9690	1.87	30	29	1
20747	1	1	0	170801	103100.30	108.53631875	34.22318916	25.90	-0.0170	0.0010	-1.0060	1.87	30	29	1
20748	1	1	0	170801	103100.40	108.53632355	34.22319018	25.90	0.0390	-0.0030	-0.9790	1.87	30	29	1
20749	1	1	0	170801	103100.50	108.53632832	34.22319141	25.90	-0.0600	0.0050	-1.0170	1.87	30	29	1
20750	1	1	0	170801	103100.60	108.53633314	34.22319257	25.90	-0.0260	0.0010	-1.0500	1.72	30	29	1
20751	1	1	0	170801	103100.70	108.53633793	34.22319381	25.90	0.0020	0.0630	-0.9890	1.72	30	29	1
20752	1	1	0	170801	103100.80	108.53634273	34.22319502	25.90	0.0120	0.0220	-0.9880	1.72	30	29	1
20753	1	1	0	170801	103100.90	108.53634747	34.22319622	25.90	0.0110	-0.0150	-1.0020	1.65	30	29	1
20754	1	1	0	170801	103101.00	108.53635224	34.22319737	25.90	-0.0040	-0.0060	-1.0030	1.65	30	29	1
20755	1	1	0	170801	103101.10	108.53635696	34.22319860	25.90	-0.0190	0.0110	-1.0190	1.65	30	29	1
20756	1	1	0	170801	103101.20	108.53636162	34.22319970	25.90	0.0300	0.0190	-0.9640	1.60	30	29	1
20757	1	1	0	170801	103101.30	108.53636636	34.22320093	25.90	0.0050	-0.0190	-0.9660	1.60	30	29	1
20758	1	1	0	170801	103101.40	108.53637110	34.22320217	25.90	0.0050	-0.0330	-1.0460	1.60	30	29	1
20759	1	1	0	170801	103101.50	108.53637584	34.22320340	25.90	-0.0050	-0.0050	-1.0210	1.60	30	29	1
20760	1	1	0	170801	103101.60	108.53638061	34.22320467	25.90	-0.0030	-0.0350	-0.9620	1.60	30	29	1
20761	1	1	0	170801	103101.70	108.53638532	34.22320588	25.90	-0.0480	0.0610	-0.9560	1.60	30	29	1
20762	1	1	0	170801	103101.80	108.53639002	34.22320711	25.90	-0.0320	-0.0490	-0.9840	1.58	30	29	1
20763	1	1	0	170801	103101.90	108.53639471	34.22320835	25.90	-0.0080	0.0360	-1.0990	1.58	30	29	1
20764	1	1	0	170801	103102.00	108.53639933	34.22320958	25.90	-0.0020	-0.0130	-0.9400	1.58	30	29	1
20765	1	1	0	170801	103102.10	108.53640402	34.22321080	25.90	0.0010	0.0510	-1.0940	1.57	30	29	1
20766	1	1	0	170801	103102.20	108.53640865	34.22321204	25.90	0.0040	-0.0700	-1.0300	1.57	30	29	1
20767	1	1	0	170801	103102.30	108.53641333	34.22321325	25.90	-0.0310	-0.0350	-0.9670	1.57	30	29	1
20768	1	1	0	170801	103102.40	108.53641797	34.22321447	25.90	-0.0400	-0.0060	-1.0080	1.58	30	29	1
20769	1	1	0	170801	103102.50	108.53642264	34.22321570	25.90	-0.0110	-0.0030	-0.9650	1.58	30	29	1
20770	1	1	0	170801	103102.60	108.53642724	34.22321693	25.90	-0.0550	0.0600	-1.0290	1.58	30	29	1
20771	1	1	0	170801	103102.70	108.53643187	34.22321816	25.90	0.0260	0.0060	-0.9950	1.57	30	29	1
20772	1	1	0	170801	103102.80	108.53643651	34.22321932	25.90	-0.0570	0.0200	-0.8870	1.57	30	29	1
20773	1	1	0	170801	103102.90	108.53644114	34.22322052	25.90	0.0910	-0.0120	-1.0450	1.57	30	29	1
20774	1	1	0	170801	103103.00	108.53644578	34.22322168	25.90	0.0210	0.0100	-1.0290	1.65	30	29	1
20775	1	1	0	170801	103103.10	108.53645042	34.22322292	25.90	-0.0630	-0.0490	-1.0600	1.65	30	29	1
20776	1	1	0	170801	103103.20	108.53645505	34.22322398	25.90	0.0870	0.0360	-0.9970	1.65	30	29	1
20777	1	1	0	170801	103103.30	108.53645973	34.22322522	25.90	0.0460	-0.0480	-1.0240	2.15	30	29	1
20778	1	1	0	170801	103103.40	108.53646447	34.22322642	25.90	0.0370	-0.0150	-1.0080	2.15	30	29	1
20779	1	1	0	170801	103103.50	108.53646922	34.22322766	25.90	0.0020	-0.0090	-1.0710	2.15	30	29	1
20780	1	1	0	170801	103103.60	108.53647404	34.22322890	25.90	0.0710	0.0180	-1.0100	2.88	30	29	1
20781	1	1	0	170801	103103.70	108.53647879	34.22323015	25.90	-0.0170	0.0000	-0.9580	2.88	30	29	1
20782	1	1	0	170801	103103.80	108.53648361	34.22323140	25.90	0.0280	-0.0290	-0.9540	2.88	30	29	1
20783	1	1	0	170801	103103.90	108.53648837	34.22323265	25.90	-0.0300	0.0400	-1.0110	2.88	30	29	1
20784	1	1	0	170801	103104.00	108.53649315	34.22323390	25.90	0.0160	0.0180	-1.0090	2.13	30	29	1
20785	1	1	0	170801	103104.10	108.53649792	34.22323512	25.90	-0.0230	-0.0740	-0.9520	2.13	30	29	1
20786	1	1	0	170801	103104.20	108.53650269	34.22323632	25.90	-0.0230	0.0500	-1.0140	1.72	30	29	1
20787	1	1	0	170801	103104.30	108.53650744	34.22323756	25.90	0.0010	-0.0110	-1.0710	1.72	30	29	1
20788	1	1	0	170801	103104.40	108.53651215	34.22323878	25.90	-0.0060	0.0040	-1.0240	1.72	30	29	1
20789	1	1	0	170801	103104.50	108.53651690	34.22324000	25.90	-0.0210	-0.0260	-1.0210	1.72	30	29	1
20790	1	1	0	170801	103104.60	108.53652164	34.22324122	25.90	-0.0450	-0.0130	-0.9130	1.51	30	29	1
20791	1	1	0	170801	103104.70	108.53652638	34.22324244	25.90	-0.0110	0.0330	-1.0310	1.51	30	29	1
20792	1	1	0	170801	103104.80	108.53653112	34.22324364	25.90	-0.0010	-0.0290	-0.9980	1.51	30	29	1
20793	1	1	0	170801	103104.90	108.53653584	34.22324486	25.90	0.0130	0.0080	-1.0440	1.43	30	29	1
20794	1	1	0	170801	103105.00	108.53654060	34.22324604	25.90	-0.0390	0.0040	-0.9850	1.43	30	29	1
20795	1	1	0	170801	103105.10	108.53654531	34.22324725	25.90	0.0280	-0.0170	-1.0180	1.43	30	29	1
20796	1	1	0	170801	103105.20	108.53655003	34.22324843	25.90	-0.0030	-0.0170	-0.9700	1.40	30	29	1
20797	1	1	0	170801	103105.30	108.53655472	34.22324962	25.90	0.0040	0.0480	-0.9620	1.40	30	29	1
20798	1	1	0	170801	103105.40	108.53655940	34.22325078	25.90	-0.0000	0.0110	-1.0170	1.40	30	29	1
20799	1	1	0	170801	103105.50	108.53656408	34.22325197	25.90	-0.0490	-0.0080	-0.9440	1.40	30	29	1
20800	1	1	0	170801	103105.60	108.53656878	34.22325311	25.90	0.0070	-0.0070	-1.0590	1.40	30	29	1
20801	1	1	0	170801	103105.70	108.53657344	34.22325429	25.90	-0.0290	0.0300	-0.9350	1.40	30	29	1
20802	1	1	0	170801	103105.80	108.53657815	34.22325543	25.90	0.0470	-0.0150	-0.9840	1.38	30	29	1
20803	1	1	0	170801	103105.90	108.53658278	34.22325660	25.90	-0.0290	-0.0320	-0.9730	1.38	30	29	1
20804	1	1	0	170801	103106.00	108.53658744	34.22325773	25.90	0.0130	-0.0220	-1.0820	1.38	30	29	1
20805	1	1	0	170801	103106.10	108.53659207	34.22325891	25.90	-0.0310	-0.0330	-1.0090	1.40	30	28	1
20806	1	1	0	170801	103106.20	108.53659670	34.22326006	25.90	0.0090	0.0260	-1.0740	1.40	30	29	1
20807	1	1	0	170801	103106.30	108.53660135	34.22326122	25.90	0.0310	-0.0290	-1.0180	1.40	30	29	1
20808	1	1	0	170801	103106.40	108.53660601	34.22326239	25.90	-0.0060	-0.0260	-1.0660	1.35	30	29	1
20809	1	1	0	170801	103106.50	108.53661068	34.22326358	25.90	-0.0110	0.0250	-0.9630	1.35	30	29	1
20810	1	1	0	170801	103106.60	108.53661541	34.22326476	25.90	0.0410	0.0200	-1.0090	1.35	30	29	1
20811	1	1	0	170801	103106.70	108.53662013	34.22326596	25.90	0.0020	-0.0480	-0.9700	2.74	30	29	1
20812	1	1	0	170801	103106.80	108.53662490	34.22326715	25.90	0.0100	0.0360	-1.0470	2.74	30	29	1
20813	1	1	0	170801	103106.90	108.53662965	34.22326837	25.90	0.0720	-0.0140	-1.0190	2.74	30	29	1
20814	1	1	0	170801	103107.00	108.53663445	34.22326957	25.90	0.0460	-0.0580	-1.0200	2.91	30	29	1
20815	1	1	0	170801	103107.10	108.53663921	34.22327080	25.90	0.0050	0.0350	-1.0320	2.91	30	29	1
20816	1	1	0	170801	103107.20	108.53664404	34.22327201	25.90	0.0070	-0.0100	-0.9830	2.91	30	29	1
20817	1	1	0	170801	103107.30	108.53664881	34.22327320	25.90	-0.0260	-0.0020	-0.9630	2.47	30	29	1
20818	1	1	0	170801	103107.40	108.53665361	34.22327439	25.90	0.0100	0.0400	-1.0160	2.47	30	29	1
20819	1	1	0	170801	103107.50	108.53665836	34.22327561	25.90	-0.0070	0.0430	-0.9910	2.47	30	29	1
20820	1	1	0	170801	103107.60	108.53666314	34.22327680	25.90	-0.0130	-0.0100	-1.0160	1.72	30	29	1
20821	1	1	0	170801	103107.70	108.53666789	34.22327800	25.90	-0.0150	-0.0140	-0.9890	1.72	30	29	1
20822	1	1	0	170801	103107.80	108.53667265	34.22327920	25.90	-0.0150	-0.0590	-1.0090	1.72	30	29	1
20823	1	1	0	170801	103107.90	108.53667736	34.22328041	25.90	-0.0380	0.0870	-0.9380	1.72	30	29	1
20824	1	1	0	170801	103108.00	108.53668209	34.22328160	25.90	-0.0470	-0.0340	-1.0240	1.44	30	29	1
20825	1	1	0	170801	103108.10	108.53668679	34.22328280	25.90	-0.0380	-0.0150	-1.0300	1.44	30	29	1
20826	1	1	0	170801	103108.20	108.53669150	34.22328397	25.90	-0.0080	-0.0010	-1.0100	1.38	30	29	1
20827	1	1	0	170801	103108.30	108.53669619	34.22328517	25.90	0.0000	-0.0070	-0.8890	1.38	30	29	1
20828	1	1	0	170801	103108.40	108.53670090	34.22328634	25.90	0.0110	-0.0390	-0.9970	1.38	30	29	1
20829	1	1	0	170801	103108.50	108.53670557	34.22328753	25.90	-0.0360	-0.0000	-1.0400	1.38	30	29	1
20830	1	1	0	170801	103108.60	108.53671027	34.22328870	25.90	-0.0220	-0.0450	-1.0220	1.34	30	29	1
20831	1	1	0	170801	103108.70	108.53671492	34.22328988	25.90	-0.0290	-0.0610	-1.0380	1.34	30	29	1
20832	1	1	0	170801	103108.80	108.53671960	34.22329104	25.90	-0.0450	-0.0310	-0.9170	1.34	30	28	1
20833	1	1	0	170801	103108.90	108.53672424	34.22329221	25.90	-0.0120	-0.0280	-1.0070	1.31	30	29	1
20834	1	1	0	170801	103109.00	108.53672890	34.22329337	25.90	-0.0400	0.0130	-0.9980	1.31	30	28	1
20835	1	1	0	170801	103109.10	108.53673351	34.22329454	25.90	-0.0070	-0.0150	-0.9880	1.31	30	29	1
20836	1	1	0	170801	103109.20	108.53673814	34.22329569	25.90	0.0480	-0.0450	-0.8660	1.32	30	29	1
20837	1	1	0	170801	103109.30	108.53674279	34.22329689	25.90	-0.0190	-0.0010	-1.0360	1.32	30	29	1
20838	1	1	0	170801	103109.40	108.53674746	34.22329806	25.90	0.0720	0.0170	-1.0850	1.32	30	29	1
20839	1	1	0	170801	103109.50	108.53675215	34.22329926	25.90	0.0470	-0.0820	-1.0370	2.68	30	29	1
20840	1	1	0	170801	103109.60	108.53675688	34.22330047	25.90	0.0140	-0.0060	-1.0130	2.68	30	29	1
20841	1	1	0	170801	103109.70	108.53676162	34.22330170	25.90	0.0210	-0.0020	-0.9240	2.68	30	29	1
20842	1	1	0	170801	103109.80	108.53676632	34.22330294	25.90	0.0290	-0.0060	-0.9970	2.94	30	29	1
20843	1	1	0	170801	103109.90	108.53677106	34.22330417	25.90	0.0360	0.0510	-0.9270	2.94	30	29	1
20844	1	1	0	170801	103110.00	108.53677576	34.22330542	25.90	0.0420	0.0100	-0.9830	2.94	30	29	1
20845	1	1	0	170801	103110.10	108.53678052	34.22330667	25.90	0.0190	-0.0420	-1.0320	2.69	30	29	1
20846	1	1	0	170801	103110.20	108.53678522	34.22330792	25.90	-0.0480	0.0670	-0.9660	2.69	30	29	1
20847	1	1	0	170801	103110.30	108.53678997	34.22330914	25.90	-0.0220	-0.0820	-1.0870	2.69	30	29	1
20848	1	1	0	170801	103110.40	108.53679470	34.22331038	25.90	0.0140	-0.0040	-1.0260	2.01	30	29	1
20849	1	1	0	170801	103110.50	108.53679944	34.22331162	25.90	-0.0090	-0.0230	-0.9360	2.01	30	29	1
20850	1	1	0	170801	103110.60	108.53680420	34.22331286	25.90	-0.0100	-0.0210	-1.0580	2.01	30	29	1
20851	1	1	0	170801	103110.70	108.53680893	34.22331409	25.90	0.0030	-0.0400	-0.9180	1.76	30	29	1
20852	1	1	0	170801	103110.80	108.53681368	34.22331533	25.90	0.0260	0.0010	-0.9620	1.76	30	29	1
20853	1	1	0	170801	103110.90	108.53681841	34.22331658	25.90	0.0020	-0.0120	-1.0100	1.76	30	29	1
20854	1	1	0	170801	103111.00	108.53682317	34.22331781	25.90	0.0070	0.0050	-1.0170	1.64	30	29	1
20855	1	1	0	170801	103111.10	108.53682790	34.22331908	25.90	-0.0410	0.0160	-1.0100	1.64	30	29	1
20856	1	1	0	170801	103111.20	108.53683265	34.22332031	25.90	-0.0280	-0.0580	-0.9870	1.64	30	29	1
20857	1	1	0	170801	103111.30	108.53683736	34.22332158	25.90	0.0170	-0.0750	-0.9630	1.64	30	29	1
20858	1	1	0	170801	103111.40	108.53684209	34.22332282	25.90	0.0290	0.0360	-0.9530	1.64	30	29	1
20859	1	1	0	170801	103111.50	108.53684678	34.22332408	25.90	0.0100	-0.0430	-0.9840	1.64	30	29	1
20860	1	1	0	170801	103111.60	108.53685148	34.22332534	25.90	0.0260	-0.0420	-0.9520	1.64	30	29	1
20861	1	1	0	170801	103111.70	108.53685617	34.22332659	25.90	-0.0030	0.0560	-1.0170	1.64	30	29	1
20862	1	1	0	170801	103111.80	108.53686083	34.22332783	25.90	-0.0130	-0.0380	-0.9960	1.64	30	29	1
20863	1	1	0	170801	103111.90	108.53686553	34.22332908	25.90	-0.0300	-0.0520	-1.0360	1.64	30	29	1
20864	1	1	0	170801	103112.00	108.53687018	34.22333031	25.90	-0.0710	0.0340	-0.9610	1.67	30	29	1
20865	1	1	0	170801	103112.10	108.53687480	34.22333154	25.90	-0.0270	-0.0160	-1.0660	1.67	30	28	1
20866	1	1	0	170801	103112.20	108.53687939	34.22333279	25.90	-0.0450	-0.0070	-0.9740	1.76	30	29	1
20867	1	1	0	170801	103112.30	108.53688399	34.22333404	25.90	0.0020	-0.0370	-1.0060	1.76	30	28	1
20868	1	1	0	170801	103112.40	108.53688851	34.22333530	25.90	0.0150	0.0160	-1.0380	1.76	30	28	1
20869	1	1	0	170801	103112.50	108.53689310	34.22333653	25.90	0.0320	0.0140	-1.0200	1.76	30	29	1
20870	1	1	0	170801	103112.60	108.53689764	34.22333777	25.90	0.0730	-0.0310	-1.0420	1.82	30	29	1
20871	1	1	0	170801	103112.70	108.53690226	34.22333900	25.90	0.0700	0.0450	-1.0130	1.82	30	29	1
20872	1	1	0	170801	103112.80	108.53690687	34.22334024	25.90	0.0150	0.0230	-1.0330	1.82	30	29	1
20873	1	1	0	170801	103112.90	108.53691155	34.22334154	25.90	0.0700	0.0140	-1.0570	2.76	30	29	1
20874	1	1	0	170801	103113.00	108.53691625	34.22334283	25.90	-0.0190	-0.0040	-1.0230	2.76	30	29	1
20875	1	1	0	170801	103113.10	108.53692096	34.22334409	25.90	-0.0170	-0.0250	-1.0020	2.76	30	29	1
20876	1	1	0	170801	103113.20	108.53692567	34.22334538	25.90	-0.0010	0.0120	-0.9740	3.25	30	29	1
20877	1	1	0	170801	103113.30	108.53693039	34.22334664	25.90	0.0150	-0.0110	-1.0320	3.25	30	29	1
20878	1	1	0	170801	103113.40	108.53693513	34.22334779	25.90	-0.0050	-0.0180	-1.0020	3.25	30	29	1
20879	1	1	0	170801	103113.50	108.53693989	34.22334905	25.90	-0.0150	-0.0130	-1.0460	2.52	30	29	1
20880	1	1	0	170801	103113.60	108.53694459	34.22335015	25.90	-0.0070	-0.0030	-0.9830	2.52	30	29	1
20881	1	1	0	170801	103113.70	108.53694931	34.22335141	25.90	0.0220	-0.0180	-0.9440	2.52	30	29	1
20882	1	1	0	170801	103113.80	108.53695402	34.22335247	25.90	0.0410	-0.0010	-0.9410	2.14	30	29	1
20883	1	1	0	170801	103113.90	108.53695876	34.22335374	25.90	-0.0240	0.0030	-0.9690	2.14	30	29	1
20884	1	1	0	170801	103114.00	108.53696346	34.22335500	25.90	0.0050	-0.0090	-0.9630	2.14	30	29	1
20885	1	1	0	170801	103114.10	108.53696816	34.22335626	25.90	0.0140	-0.0490	-0.9910	2.07	30	29	1
20886	1	1	0	170801	103114.20	108.53697286	34.22335748	25.90	0.0020	0.0010	-0.9860	2.07	30	29	1
20887	1	1	0	170801	103114.30	108.53697753	34.22335868	25.90	0.0310	0.0090	-1.0510	2.07	30	29	1
20888	1	1	0	170801	103114.40	108.53698222	34.22335990	25.90	0.1070	-0.0390	-1.0550	1.96	30	29	1
20889	1	1	0	170801	103114.50	108.53698696	34.22336118	25.90	0.0430	-0.0290	-1.1790	1.96	30	29	1
20890	1	1	0	170801	103114.60	108.53699168	34.22336246	25.90	-0.0360	0.0240	-0.9820	1.96	30	29	1
20891	1	1	0	170801	103114.70	108.53699635	34.22336373	25.90	-0.0530	-0.0100	-0.9270	1.88	30	29	1
20892	1	1	0	170801	103114.80	108.53700098	34.22336499	25.90	0.0480	-0.0200	-0.9170	1.88	30	29	1
20893	1	1	0	170801	103114.90	108.53700557	34.22336620	25.90	-0.0770	-0.0120	-1.0540	1.88	30	29	1
20894	1	1	0	170801	103115.00	108.53700998	34.22336745	25.90	-0.0190	-0.0480	-1.1040	1.82	30	29	1
20895	1	1	0	170801	103115.10	108.53701464	34.22336862	25.90	0.0070	-0.0040	-1.1230	1.82	30	29	1
20896	1	1	0	170801	103115.20	108.53701930	34.22336969	25.90	0.0130	-0.0540	-0.9320	1.82	30	28	1
20897	1	1	0	170801	103115.30	108.53702388	34.22337091	25.90	0.0000	-0.0270	-0.9680	1.89	30	29	1
20898	1	1	0	170801	103115.40	108.53702864	34.22337219	25.90	0.0430	-0.0230	-0.9510	1.89	30	29	1
20899	1	1	0	170801	103115.50	108.53703328	34.22337341	25.90	0.0290	0.0350	-1.0610	1.89	30	29	1
20900	1	1	0	170801	103115.60	108.53703793	34.22337476	25.90	0.0360	-0.0180	-0.9800	1.82	30	29	1
20901	1	1	0	170801	103115.70	108.53704263	34.22337599	25.90	0.0530	-0.0130	-0.9860	1.82	30	29	1
20902	1	1	0	170801	103115.80	108.53704743	34.22337742	25.90	0.0240	0.0500	-0.9970	1.82	30	29	1
20903	1	1	0	170801	103115.90	108.53705217	34.22337864	25.90	0.0460	-0.0060	-1.0330	1.82	30	29	1
20904	1	1	0	170801	103116.00	108.53705709	34.22338008	25.90	0.0360	0.0050	-1.0040	3.18	30	29	1
20905	1	1	0	170801	103116.10	108.53706186	34.22338134	25.90	0.0660	0.0260	-0.9690	3.18	30	29	1
20906	1	1	0	170801	103116.20	108.53706678	34.22338282	25.90	0.0150	-0.0270	-0.9380	3.28	30	29	1
20907	1	1	0	170801	103116.30	108.53707154	34.22338406	27.75	0.0100	0.0300	-1.0540	3.28	30	29	1
20908	1	1	0	170801	103116.40	108.53707640	34.22338548	27.75	0.0130	-0.0140	-0.9320	3.28	30	30	1
20909	1	1	0	170801	103116.50	108.53708119	34.22338673	27.75	-0.0070	-0.0150	-1.0470	3.28	30	29	1
20910	1	1	0	170801	103116.60	108.53708600	34.22338815	27.75	0.0440	-0.0300	-0.9390	2.85	30	29	1
20911	1	1	0	170801	103116.70	108.53709077	34.22338939	25.90	-0.0090	-0.0260	-0.9960	2.85	30	29	1
20912	1	1	0	170801	103116.80	108.53709565	34.22339074	25.90	-0.0030	-0.0110	-1.0240	2.85	30	29	1
20913	1	1	0	170801	103116.90	108.53710044	34.22339195	25.90	-0.0100	-0.0560	-1.0730	2.40	30	29	1
20914	1	1	0	170801	103117.00	108.53710535	34.22339316	25.90	-0.0190	0.0210	-1.0030	2.40	30	29	1
20915	1	1	0	170801	103117.10	108.53711013	34.22339442	25.90	-0.0100	0.0440	-0.9330	2.40	30	29	1
20916	1	1	0	170801	103117.20	108.53711494	34.22339572	25.90	0.0120	-0.0300	-0.9460	2.22	30	29	1
20917	1	1	0	170801	103117.30	108.53711967	34.22339693	25.90	0.0050	-0.0020	-0.9980	2.22	30	29	1
20918	1	1	0	170801	103117.40	108.53712441	34.22339816	25.90	0.0110	0.0020	-0.9860	2.22	30	29	1
20919	1	1	0	170801	103117.50	108.53712915	34.22339937	25.90	-0.0280	0.0190	-1.0500	2.14	30	29	1
20920	1	1	0	170801	103117.60	108.53713362	34.22340052	25.90	0.0120	-0.0030	-1.0310	2.14	30	29	1
20921	1	1	0	170801	103117.70	108.53713836	34.22340176	25.90	-0.0270	-0.0410	-0.9670	2.14	30	29	1
20922	1	1	0	170801	103117.80	108.53714284	34.22340291	25.90	0.0160	-0.0640	-1.0080	2.02	30	29	1
20923	1	1	0	170801	103117.90	108.53714755	34.22340412	25.90	-0.0460	-0.0170	-1.0860	2.02	30	29	1
20924	1	1	0	170801	103118.00	108.53715212	34.22340522	25.90	-0.0410	0.0160	-0.8910	2.02	30	29	1
20925	1	1	0	170801	103118.10	108.53715682	34.22340642	25.90	-0.0160	-0.0280	-1.1250	1.94	30	29	1
20926	1	1	0	170801	103118.20	108.53716156	34.22340758	25.90	0.0080	0.0010	-1.0330	1.94	30	29	1
20927	1	1	0	170801	103118.30	108.53716624	34.22340879	25.90	-0.0420	-0.0010	-0.9670	1.94	30	29	1
20928	1	1	0	170801	103118.40	108.53717089	34.22340998	25.90	0.0110	-0.0090	-1.0100	1.89	30	29	1
20929	1	1	0	170801	103118.50	108.53717556	34.22341116	25.90	-0.0470	-0.0370	-0.9680	1.89	30	29	1
20930	1	1	0	170801	103118.60	108.53718017	34.22341236	25.90	-0.0220	0.0520	-1.0100	1.89	30	29	1
20931	1	1	0	170801	103118.70	108.53718481	34.22341353	25.90	-0.0300	-0.0940	-1.0000	1.85	30	29	1
20932	1	1	0	170801	103118.80	108.53718942	34.22341471	25.90	0.0370	-0.0250	-0.9720	1.85	30	29	1
20933	1	1	0	170801	103118.90	108.53719405	34.22341589	25.90	-0.0440	-0.0460	-0.9260	1.85	30	29	1
20934	1	1	0	170801	103119.00	108.53719868	34.22341701	25.90	-0.0280	0.0640	-1.0270	1.85	30	29	1
20935	1	1	0	170801	103119.10	108.53720333	34.22341816	25.90	0.0710	-0.0440	-0.9430	1.85	30	29	1
20936	1	1	0	170801	103119.20	108.53720799	34.22341930	25.90	-0.0150	-0.0260	-1.0040	1.85	30	29	1
20937	1	1	0	170801	103119.30	108.53721268	34.22342047	25.90	0.0810	0.0220	-0.9450	2.34	30	29	1
20938	1	1	0	170801	103119.40	108.53721747	34.22342167	25.90	0.0730	-0.0130	-0.9840	2.34	30	29	1
20939	1	1	0	170801	103119.50	108.53722220	34.22342288	25.90	0.0830	0.0130	-1.0370	2.34	30	29	1
20940	1	1	0	170801	103119.60	108.53722688	34.22342410	25.90	0.0230	0.0700	-1.0110	3.23	30	29	1
20941	1	1	0	170801	103119.70	108.53723169	34.22342525	25.90	0.0060	0.0400	-0.9840	3.23	30	29	1
20942	1	1	0	170801	103119.80	108.53723650	34.22342642	25.90	0.0440	-0.0910	-1.0560	3.23	30	29	1
20943	1	1	0	170801	103119.90	108.53724128	34.22342763	25.90	-0.0180	0.0570	-0.9530	3.23	30	29	1
20944	1	1	0	170801	103120.00	108.53724609	34.22342878	27.75	-0.0070	0.0240	-0.9810	3.17	30	29	1
20945	1	1	0	170801	103120.10	108.53725089	34.22342995	27.75	0.0540	-0.0020	-1.0280	3.17	30	29	1
20946	1	1	0	170801	103120.20	108.53725563	34.22343106	25.90	-0.0340	0.0270	-0.9310	2.49	30	30	1
20947	1	1	0	170801	103120.30	108.53726042	34.22343226	25.90	0.0310	-0.0620	-1.0750	2.49	30	29	1
20948	1	1	0	170801	103120.40	108.53726515	34.22343337	25.90	-0.0380	-0.0180	-0.9830	2.49	30	29	1
20949	1	1	0	170801	103120.50	108.53726995	34.22343459	25.90	-0.0380	-0.0180	-0.9830	2.49	30	29	1
20950	1	1	0	170801	103120.60	108.53727467	34.22343573	25.90	0.0230	-0.0160	-0.9670	1.94	30	29	1
20951	1	1	0	170801	103120.70	108.53727944	34.22343694	25.90	-0.0320	-0.0190	-1.0070	1.94	30	29	1
20952	1	1	0	170801	103120.80	108.53728410	34.22343810	25.90	0.0150	-0.0190	-1.0380	1.94	30	29	1
20953	1	1	0	170801	103120.90	108.53728887	34.22343933	25.90	-0.0120	-0.0230	-1.0210	1.66	30	29	1
20954	1	1	0	170801	103121.00	108.53729354	34.22344050	25.90	-0.0380	-0.0250	-0.9940	1.66	30	29	1
20955	1	1	0	170801	103121.10	108.53729831	34.22344172	25.90	0.0020	-0.0250	-0.9270	1.66	30	29	1
20956	1	1	0	170801	103121.20	108.53730300	34.22344290	25.90	-0.0480	0.0180	-1.0130	1.66	30	29	1
20957	1	1	0	170801	103121.30	108.53730774	34.22344411	25.90	-0.0230	-0.0200	-0.9700	1.66	30	29	1
20958	1	1	0	170801	103121.40	108.53731242	34.22344528	25.90	-0.0410	-0.0620	-1.0560	1.66	30	29	1
20959	1	1	0	170801	103121.50	108.53731715	34.22344650	25.90	-0.0130	-0.0310	-0.9810	1.68	30	29	1
20960	1	1	0	170801	103121.60	108.53732182	34.22344767	25.90	0.0040	0.0280	-1.0510	1.68	30	29	1
20961	1	1	0	170801	103121.70	108.53732656	34.22344889	25.90	0.0020	0.0040	-0.9150	1.68	30	29	1
20962	1	1	0	170801	103121.80	108.53733121	34.22345008	25.90	0.0240	-0.0370	-1.0250	1.71	30	29	1
20963	1	1	0	170801	103121.90	108.53733591	34.22345132	25.90	0.0010	-0.0130	-0.9590	1.71	30	29	1
20964	1	1	0	170801	103122.00	108.53734055	34.22345255	25.90	-0.0180	0.0460	-1.0010	1.71	30	29	1
20965	1	1	0	170801	103122.10	108.53734524	34.22345377	25.90	0.0350	-0.0030	-1.0500	1.71	30	29	1
20966	1	1	0	170801	103122.20	108.53734989	34.22345496	25.90	-0.0010	0.0050	-0.9850	1.71	30	29	1
20967	1	1	0	170801	103122.30	108.53735458	34.22345618	25.90	0.0070	0.0230	-1.0190	1.71	30	29	1
20968	1	1	0	170801	103122.40	108.53735921	34.22345738	25.90	-0.0120	-0.0260	-1.0320	1.69	30	29	1
20969	1	1	0	170801	103122.50	108.53736390	34.22345863	25.90	-0.0640	-0.0120	-1.0200	1.69	30	29	1
20970	1	1	0	170801	103122.60	108.53736854	34.22345984	25.90	-0.0250	0.0580	-1.0110	1.69	30	29	1
20971	1	1	0	170801	103122.70	108.53737318	34.22346106	25.90	-0.0160	-0.0700	-1.0410	1.69	30	29	1
20972	1	1	0	170801	103122.80	108.53737781	34.22346227	25.90	-0.0170	0.0200	-0.9120	1.69	30	29	1
20973	1	1	0	170801	103122.90	108.53738244	34.22346348	25.90	0.0330	0.0100	-0.9790	1.69	30	29	1
20974	1	1	0	170801	103123.00	108.53738705	34.22346465	25.90	-0.0310	-0.0310	-0.9990	1.69	30	29	1
20975	1	1	0	170801	103123.10	108.53739169	34.22346589	25.90	0.0630	0.0150	-1.0310	1.69	30	29	1
20976	1	1	0	170801	103123.20	108.53739631	34.22346708	25.90	-0.0620	-0.0220	-0.9830	1.69	30	29	1
20977	1	1	0	170801	103123.30	108.53740094	34.22346829	25.90	-0.0210	0.0210	-0.8970	1.73	30	29	1
20978	1	1	0	170801	103123.40	108.53740561	34.22346949	25.90	0.1470	0.0360	-1.0620	1.73	30	29	1
20979	1	1	0	170801	103123.50	108.53741029	34.22347073	25.90	0.0020	-0.0010	-0.9980	1.73	30	29	1
20980	1	1	0	170801	103123.60	108.53741500	34.22347194	25.90	0.0460	0.0340	-1.0450	1.73	30	29	1
20981	1	1	0	170801	103123.70	108.53741972	34.22347315	25.90	-0.0140	0.0160	-1.0360	2.52	30	29	1
20982	1	1	0	170801	103123.80	108.53742450	34.22347435	25.90	0.0510	-0.0170	-1.0050	2.52	30	29	1
20983	1	1	0	170801	103123.90	108.53742926	34.22347562	25.90	0.0460	0.0220	-0.9910	2.52	30	29	1
20984	1	1	0	170801	103124.00	108.53743408	34.22347686	25.90	0.0120	-0.0260	-0.9830	2.90	30	29	1
20985	1	1	0	170801	103124.10	108.53743886	34.22347808	25.90	-0.0210	-0.0200	-0.9770	2.90	30	29	1
20986	1	1	0	170801	103124.20	108.53744366	34.22347929	27.75	-0.0130	-0.0310	-1.0550	2.32	30	29	1
20987	1	1	0	170801	103124.30	108.53744846	34.22348053	27.75	-0.0510	0.0460	-1.0110	2.32	30	29	1
20988	1	1	0	170801	103124.40	108.53745324	34.22348172	27.75	-0.0120	-0.0020	-1.0140	2.32	30	29	1
20989	1	1	0	170801	103124.50	108.53745803	34.22348298	27.75	0.0030	-0.0050	-1.0030	2.32	30	29	1
20990	1	1	0	170801	103124.60	108.53746281	34.22348417	25.90	-0.0300	0.0540	-0.9760	1.75	30	29	1
20991	1	1	0	170801	103124.70	108.53746758	34.22348541	25.90	0.0020	-0.0690	-1.0710	1.75	30	29	1
20992	1	1	0	170801	103124.80	108.53747188	34.22348665	25.90	0.0110	0.0010	-0.9870	1.75	30	29	1
20993	1	1	0	170801	103124.90	108.53747663	34.22348787	25.90	-0.0140	0.0400	-1.0330	1.49	30	29	1
20994	1	1	0	170801	103125.00	108.53748102	34.22348911	25.90	-0.0340	0.0220	-1.0060	1.49	30	29	1
20995	1	1	0	170801	103125.10	108.53748577	34.22349033	25.90	-0.0070	0.0090	-1.0260	1.49	30	29	1
20996	1	1	0	170801	103125.20	108.53749023	34.22349156	25.90	0.0230	0.0120	-0.9430	1.41	30	29	1
20997	1	1	0	170801	103125.30	108.53749497	34.22349278	25.90	0.0060	-0.0250	-0.9950	1.41	30	29	1
20998	1	1	0	170801	103125.40	108.53749944	34.22349398	25.90	-0.0520	0.0140	-1.0110	1.41	30	29	1
20999	1	1	0	170801	103125.50	108.53750417	34.22349519	25.90	-0.0440	0.0060	-1.0180	1.41	30	29	1
21000	1	1	0	170801	103125.60	108.53750875	34.22349640	25.90	-0.0070	-0.0290	-0.9800	1.41	30	29	1
21001	1	1	0	170801	103125.70	108.53751346	34.22349761	25.90	0.0180	-0.0250	-1.0490	1.41	30	29	1
21002	1	1	0	170801	103125.80	108.53751814	34.22349880	25.90	-0.0430	0.0070	-0.9710	1.41	30	29	1
21003	1	1	0	170801	103125.90	108.53752284	34.22349998	25.90	-0.0100	0.0100	-1.0140	1.41	30	29	1
21004	1	1	0	170801	103126.00	108.53752741	34.22350113	25.90	-0.0580	0.0300	-0.9660	1.41	30	29	1
21005	1	1	0	170801	103126.10	108.53753210	34.22350233	25.90	-0.0140	-0.0140	-0.9430	1.40	30	29	1
21006	1	1	0	170801	103126.20	108.53753694	34.22350343	25.90	-0.0200	0.0400	-0.9700	1.40	30	29	1
21007	1	1	0	170801	103126.30	108.53754161	34.22350461	25.90	-0.0200	-0.0220	-0.9770	1.40	30	29	1
21008	1	1	0	170801	103126.40	108.53754643	34.22350572	25.90	-0.0340	-0.0080	-1.0300	1.38	30	29	1
21009	1	1	0	170801	103126.50	108.53755106	34.22350689	25.90	0.0130	0.0160	-1.0020	1.38	30	29	1
21010	1	1	0	170801	103126.60	108.53755578	34.22350800	25.90	-0.0120	0.0750	-0.9430	1.38	30	28	1
21011	1	1	0	170801	103126.70	108.53756042	34.22350916	25.90	0.0080	0.0050	-0.9920	1.37	30	29	1
21012	1	1	0	170801	103126.80	108.53756506	34.22351026	25.90	0.0130	-0.0080	-1.0230	1.37	30	29	1
21013	1	1	0	170801	103126.90	108.53756970	34.22351144	25.90	0.0890	-0.0420	-0.9520	1.37	30	29	1
21014	1	1	0	170801	103127.00	108.53757417	34.22351257	25.90	0.0730	0.0520	-0.9560	1.65	30	29	1
21015	1	1	0	170801	103127.10	108.53757887	34.22351373	25.90	0.0430	-0.0430	-1.0530	1.65	30	29	1
21016	1	1	0	170801	103127.20	108.53758348	34.22351488	25.90	-0.0180	-0.0220	-1.0120	1.65	30	29	1
21017	1	1	0	170801	103127.30	108.53758822	34.22351605	25.90	0.0670	0.0000	-1.0160	2.59	30	29	1
21018	1	1	0	170801	103127.40	108.53759293	34.22351720	25.90	0.0550	0.0160	-0.9330	2.59	30	29	1
21019	1	1	0	170801	103127.50	108.53759768	34.22351840	25.90	0.0390	-0.0270	-0.9850	2.59	30	30	1
21020	1	1	0	170801	103127.60	108.53760243	34.22351958	25.90	0.0470	-0.0490	-1.0470	2.87	30	29	1
21021	1	1	0	170801	103127.70	108.53760723	34.22352080	25.90	0.0040	-0.0810	-1.0080	2.87	30	30	1
21022	1	1	0	170801	103127.80	108.53761201	34.22352200	27.75	-0.0450	-0.0260	-0.9740	2.87	30	29	1
21023	1	1	0	170801	103127.90	108.53761682	34.22352323	27.75	-0.0490	0.0280	-1.0180	2.87	30	30	1
21024	1	1	0	170801	103128.00	108.53762159	34.22352444	27.75	0.0400	0.0410	-0.9840	2.33	30	30	1
21025	1	1	0	170801	103128.10	108.53762638	34.22352566	27.75	-0.0240	-0.0470	-1.0400	2.33	30	29	1
21026	1	1	0	170801	103128.20	108.53763113	34.22352687	27.75	0.0000	-0.0060	-0.9960	1.85	30	30	1
21027	1	1	0	170801	103128.30	108.53763592	34.22352812	27.75	-0.0300	0.0070	-1.0080	1.85	30	29	1
21028	1	1	0	170801	103128.40	108.53764082	34.22352924	25.90	-0.0360	-0.0330	-1.0420	1.85	30	30	1
21029	1	1	0	170801	103128.50	108.53764561	34.22353050	25.90	0.0080	0.0410	-0.9940	1.85	30	30	1
21030	1	1	0	170801	103128.60	108.53765049	34.22353168	25.90	-0.0050	-0.0420	-0.9250	1.72	30	30	1
21031	1	1	0	170801	103128.70	108.53765525	34.22353290	25.90	-0.0370	0.0240	-0.9550	1.72	30	29	1
21032	1	1	0	170801	103128.80	108.53766024	34.22353403	25.90	-0.0070	-0.0310	-1.0750	1.72	30	29	1
21033	1	1	0	170801	103128.90	108.53766502	34.22353527	25.90	0.0210	0.0890	-1.0330	1.65	30	29	1
21034	1	1	0	170801	103129.00	108.53767001	34.22353647	25.90	0.0130	-0.0350	-1.0560	1.65	30	29	1
21035	1	1	0	170801	103129.10	108.53767479	34.22353771	25.90	0.0370	0.0020	-0.9130	1.65	30	29	1
21036	1	1	0	170801	103129.20	108.53767975	34.22353893	25.90	0.0180	-0.0150	-0.9240	1.58	30	29	1
21037	1	1	0	170801	103129.30	108.53768454	34.22354016	25.90	-0.0290	0.0190	-1.0370	1.58	30	29	1
21038	1	1	0	170801	103129.40	108.53768939	34.22354139	25.90	-0.0520	-0.0370	-1.0370	1.58	30	29	1
21039	1	1	0	170801	103129.50	108.53769415	34.22354262	25.90	0.0070	0.0000	-0.9820	1.57	30	29	1
21040	1	1	0	170801	103129.60	108.53769895	34.22354381	25.90	-0.0270	-0.0070	-0.9530	1.57	30	29	1
21041	1	1	0	170801	103129.70	108.53770368	34.22354503	25.90	0.0120	-0.0080	-1.0480	1.57	30	29	1
21042	1	1	0	170801	103129.80	108.53770846	34.22354623	25.90	0.0080	-0.0420	-1.0070	1.57	30	29	1
21043	1	1	0	170801	103129.90	108.53771321	34.22354747	25.90	-0.0100	0.0460	-0.9760	1.57	30	29	1
21044	1	1	0	170801	103130.00	108.53771796	34.22354865	25.90	-0.0010	-0.0040	-0.9870	1.57	30	29	1
21045	1	1	0	170801	103130.10	108.53772271	34.22354988	25.90	0.0250	0.0000	-0.9400	1.62	30	29	1
21046	1	1	0	170801	103130.20	108.53772743	34.22355109	25.90	-0.0250	-0.0300	-1.0240	1.62	30	29	1
21047	1	1	0	170801	103130.30	108.53773215	34.22355232	25.90	-0.0190	0.0080	-0.9910	1.62	30	29	1
21048	1	1	0	170801	103130.40	108.53773687	34.22355353	25.90	-0.0360	0.0060	-1.0550	1.61	30	29	1
21049	1	1	0	170801	103130.50	108.53774158	34.22355476	25.90	-0.0360	0.0060	-1.0550	1.61	30	29	1
21050	1	1	0	170801	103130.60	108.53774629	34.22355596	25.90	-0.0020	-0.0100	-1.0090	1.61	30	29	1
21051	1	1	0	170801	103130.70	108.53775100	34.22355720	25.90	-0.0160	0.0080	-1.0310	1.82	30	29	1
21052	1	1	0	170801	103130.80	108.53775569	34.22355841	25.90	-0.0310	-0.0110	-0.9880	1.82	30	29	1
21053	1	1	0	170801	103130.90	108.53776034	34.22355963	25.90	-0.0740	-0.0270	-1.0240	1.82	30	29	1
21054	1	1	0	170801	103131.00	108.53776498	34.22356083	25.90	0.0030	-0.0080	-1.0190	1.91	30	29	1
21055	1	1	0	170801	103131.10	108.53776962	34.22356205	25.90	0.0040	0.0120	-0.9940	1.91	30	29	1
21056	1	1	0	170801	103131.20	108.53777403	34.22356325	25.90	0.0120	-0.0060	-1.0190	1.91	30	28	1
21057	1	1	0	170801	103131.30	108.53777864	34.22356445	25.90	-0.0240	-0.0110	-0.9910	1.88	30	29	1
21058	1	1	0	170801	103131.40	108.53778307	34.22356565	25.90	0.0390	0.0310	-0.9770	1.88	30	29	1
21059	1	1	0	170801	103131.50	108.53778771	34.22356685	25.90	0.0560	-0.0150	-1.0240	1.88	30	29	1
21060	1	1	0	170801	103131.60	108.53779242	34.22356804	25.90	0.0670	-0.0220	-1.0220	1.89	30	29	1
21061	1	1	0	170801	103131.70	108.53779711	34.22356927	25.90	0.0110	0.0060	-1.0010	1.89	30	29	1
21062	1	1	0	170801	103131.80	108.53780188	34.22357048	25.90	-0.0070	0.0140	-0.9680	1.89	30	29	1
21063	1	1	0	170801	103131.90	108.53780658	34.22357170	25.90	0.0100	0.0110	-0.9820	1.89	30	29	1
21064	1	1	0	170801	103132.00	108.53781140	34.22357293	25.90	0.0080	0.0160	-0.9650	3.23	30	29	1
21065	1	1	0	170801	103132.10	108.53781615	34.22357415	25.90	-0.0180	-0.0070	-1.0100	3.23	30	29	1
21066	1	1	0	170801	103132.20	108.53782099	34.22357538	25.90	0.0030	-0.0430	-1.0490	3.08	30	29	1
21067	1	1	0	170801	103132.30	108.53782574	34.22357662	25.90	0.0200	-0.0110	-0.9260	3.08	30	29	1
21068	1	1	0	170801	103132.40	108.53783057	34.22357786	25.90	-0.0060	0.0030	-1.0270	3.08	30	29	1
21069	1	1	0	170801	103132.50	108.53783532	34.22357909	25.90	-0.0000	-0.0210	-1.0200	3.08	30	29	1
21070	1	1	0	170801	103132.60	108.53784013	34.22358037	25.90	-0.0200	-0.0380	-0.9860	2.45	30	29	1
21071	1	1	0	170801	103132.70	108.53784487	34.22358164	25.90	0.0100	0.0270	-0.9560	2.45	30	29	1
21072	1	1	0	170801	103132.80	108.53784968	34.22358292	25.90	0.0310	0.0160	-1.0040	2.45	30	29	1
21073	1	1	0	170801	103132.90	108.53785442	34.22358416	25.90	0.0090	-0.0530	-1.0390	2.21	30	29	1
21074	1	1	0	170801	103133.00	108.53785921	34.22358544	25.90	-0.0440	0.0410	-0.9880	2.21	30	29	1
21075	1	1	0	170801	103133.10	108.53786395	34.22358670	25.90	-0.0050	-0.0200	-1.0070	2.21	30	29	1
21076	1	1	0	170801	103133.20	108.53786869	34.22358799	25.90	-0.0120	0.0210	-0.9870	2.08	30	29	1
21077	1	1	0	170801	103133.30	108.53787340	34.22358924	25.90	-0.0060	-0.0060	-1.0030	2.08	30	29	1
21078	1	1	0	170801	103133.40	108.53787816	34.22359051	25.90	-0.0420	-0.0200	-0.9920	2.08	30	29	1
21079	1	1	0	170801	103133.50	108.53788283	34.22359174	25.90	0.0120	0.0160	-1.0580	2.00	30	29	1
21080	1	1	0	170801	103133.60	108.53788753	34.22359301	25.90	-0.0390	-0.0270	-0.9820	2.00	30	29	1
21081	1	1	0	170801	103133.70	108.53789221	34.22359424	25.90	-0.0150	-0.0010	-1.0490	2.00	30	29	1
21082	1	1	0	170801	103133.80	108.53789691	34.22359550	25.90	-0.0390	-0.0190	-0.9490	1.94	30	29	1
21083	1	1	0	170801	103133.90	108.53790157	34.22359673	25.90	-0.0010	-0.0080	-1.1200	1.94	30	29	1
21084	1	1	0	170801	103134.00	108.53790623	34.22359797	25.90	-0.0420	-0.0140	-0.9990	1.94	30	29	1
21085	1	1	0	170801	103134.10	108.53791086	34.22359918	25.90	-0.0390	-0.0070	-0.9680	1.91	30	29	1
21086	1	1	0	170801	103134.20	108.53791548	34.22360034	25.90	-0.0130	-0.0590	-1.0250	1.91	30	28	1
21087	1	1	0	170801	103134.30	108.53792009	34.22360155	25.90	-0.0080	0.0430	-1.0050	1.91	30	28	1
21088	1	1	0	170801	103134.40	108.53792468	34.22360277	25.90	-0.0080	-0.0190	-0.9910	1.92	30	29	1
21089	1	1	0	170801	103134.50	108.53792926	34.22360397	25.90	0.0310	-0.0110	-0.9770	1.92	30	28	1
21090	1	1	0	170801	103134.60	108.53793385	34.22360512	25.90	0.0600	0.0140	-1.0050	1.92	30	29	1
21091	1	1	0	170801	103134.70	108.53793850	34.22360631	25.90	0.0580	0.0010	-0.9950	2.26	30	29	1
21092	1	1	0	170801	103134.80	108.53794319	34.22360752	25.90	0.0860	-0.0430	-1.0440	2.26	30	29	1
21093	1	1	0	170801	103134.90	108.53794789	34.22360875	25.90	0.0110	0.0020	-0.9580	2.26	30	29	1
21094	1	1	0	170801	103135.00	108.53795240	34.22360999	25.90	0.0610	-0.0670	-1.0070	3.36	30	29	1
21095	1	1	0	170801	103135.10	108.53795714	34.22361123	25.90	0.0370	-0.0380	-1.0490	3.36	30	29	1
21096	1	1	0	170801	103135.20	108.53796176	34.22361250	25.90	0.0150	-0.0090	-0.9760	3.36	30	29	1
21097	1	1	0	170801	103135.30	108.53796651	34.22361375	25.90	0.0130	0.0070	-1.0380	3.42	30	29	1
21098	1	1	0	170801	103135.40	108.53797117	34.22361499	27.75	-0.0070	0.0140	-1.0280	3.42	30	29	1
21099	1	1	0	170801	103135.50	108.53797595	34.22361622	27.75	-0.0280	-0.0350	-1.0210	3.42	30	30	1
21100	1	1	0	170801	103135.60	108.53798064	34.22361743	27.75	-0.0120	-0.0890	-1.0890	2.61	30	29	1
21101	1	1	0	170801	103135.70	108.53798543	34.22361870	27.75	0.0210	-0.0010	-0.9570	2.61	30	29	1
21102	1	1	0	170801	103135.80	108.53799018	34.22361996	27.75	-0.0160	0.0210	-0.9600	2.61	30	29	1
21103	1	1	0	170801	103135.90	108.53799495	34.22362120	25.90	0.0030	-0.0310	-0.9950	2.61	30	29	1
21104	1	1	0	170801	103136.00	108.53799969	34.22362247	25.90	-0.0140	0.0160	-1.0320	2.27	30	29	1
21105	1	1	0	170801	103136.10	108.53800448	34.22362370	25.90	0.0010	0.0610	-1.0300	2.27	30	29	1
21106	1	1	0	170801	103136.20	108.53800918	34.22362494	25.90	-0.0020	-0.0120	-1.0320	2.16	30	29	1
21107	1	1	0	170801	103136.30	108.53801393	34.22362618	25.90	0.0000	-0.0080	-0.9680	2.16	30	29	1
21108	1	1	0	170801	103136.40	108.53801855	34.22362744	25.90	0.0040	0.0300	-0.9700	2.16	30	29	1
21109	1	1	0	170801	103136.50	108.53802330	34.22362867	25.90	-0.0380	-0.0540	-1.0420	2.16	30	29	1
21110	1	1	0	170801	103136.60	108.53802793	34.22362987	25.90	-0.0070	-0.0280	-1.0470	2.05	30	29	1
21111	1	1	0	170801	103136.70	108.53803268	34.22363110	25.90	-0.0270	0.0230	-0.9380	2.05	30	29	1
21112	1	1	0	170801	103136.80	108.53803731	34.22363230	25.90	-0.0170	-0.0210	-1.0480	2.05	30	29	1
21113	1	1	0	170801	103136.90	108.53804204	34.22363353	25.90	-0.0360	-0.0350	-1.0410	1.95	30	29	1
21114	1	1	0	170801	103137.00	108.53804669	34.22363475	25.90	-0.0090	0.0240	-0.9800	1.95	30	29	1
21115	1	1	0	170801	103137.10	108.53805140	34.22363597	25.90	0.0220	-0.0710	-1.0090	1.95	30	29	1
21116	1	1	0	170801	103137.20	108.53805604	34.22363719	25.90	-0.0360	0.0350	-1.0410	1.95	30	29	1
21117	1	1	0	170801	103137.30	108.53806074	34.22363841	25.90	-0.0020	-0.0170	-1.0130	1.95	30	29	1
21118	1	1	0	170801	103137.40	108.53806538	34.22363961	25.90	-0.0310	-0.0200	-0.9690	1.95	30	29	1
21119	1	1	0	170801	103137.50	108.53807005	34.22364080	25.90	0.0070	-0.0450	-1.0720	1.86	30	29	1
21120	1	1	0	170801	103137.60	108.53807470	34.22364202	25.90	0.0270	-0.0600	-0.9180	1.86	30	29	1
21121	1	1	0	170801	103137.70	108.53807934	34.22364323	25.90	0.0660	0.0690	-0.9470	1.86	30	29	1
21122	1	1	0	170801	103137.80	108.53808398	34.22364441	25.90	-0.1160	-0.0270	-1.0670	1.78	30	29	1
21123	1	1	0	170801	103137.90	108.53808863	34.22364564	25.90	0.0290	-0.0480	-1.0330	1.78	30	29	1
21124	1	1	0	170801	103138.00	108.53809334	34.22364688	25.90	-0.0190	-0.0320	-0.9780	1.78	30	29	1
21125	1	1	0	170801	103138.10	108.53809797	34.22364810	25.90	0.0030	-0.0120	-0.9870	1.79	30	29	1
21126	1	1	0	170801	103138.20	108.53810268	34.22364935	25.90	0.0420	0.0340	-0.9640	1.79	30	29	1
21127	1	1	0	170801	103138.30	108.53810733	34.22365056	25.90	0.0070	-0.0210	-1.0250	1.79	30	29	1
21128	1	1	0	170801	103138.40	108.53811208	34.22365177	25.90	0.0050	-0.0080	-0.9350	1.70	30	29	1
21129	1	1	0	170801	103138.50	108.53811675	34.22365300	25.90	0.0710	0.0200	-1.0240	1.70	30	29	1
21130	1	1	0	170801	103138.60	108.53812159	34.22365419	25.90	0.0610	-0.0270	-0.9650	1.70	30	29	1
21131	1	1	0	170801	103138.70	108.53812630	34.22365543	25.90	0.0470	0.0520	-0.9140	1.89	30	29	1
21132	1	1	0	170801	103138.80	108.53813116	34.22365664	25.90	0.0160	0.0160	-1.0810	1.89	30	29	1
21133	1	1	0	170801	103138.90	108.53813591	34.22365790	25.90	0.0380	-0.0320	-1.0070	1.89	30	29	1
21134	1	1	0	170801	103139.00	108.53814083	34.22365911	25.90	-0.0090	0.0040	-0.9580	2.91	30	30	1
21135	1	1	0	170801	103139.10	108.53814559	34.22366037	25.90	0.0410	-0.0130	-1.0310	2.91	30	30	1
21136	1	1	0	170801	103139.20	108.53815054	34.22366161	27.75	0.0230	0.0070	-0.9720	2.91	30	29	1
21137	1	1	0	170801	103139.30	108.53815532	34.22366289	27.75	-0.0080	-0.0100	-1.0180	2.28	30	30	1
21138	1	1	0	170801	103139.40	108.53816023	34.22366411	27.75	0.0100	0.0170	-1.0020	2.28	30	29	1
21139	1	1	0	170801	103139.50	108.53816502	34.22366539	27.75	-0.0140	0.0030	-0.9710	2.28	30	29	1
21140	1	1	0	170801	103139.60	108.53816990	34.22366662	27.75	-0.0250	0.0100	-0.9850	1.78	30	29	1
21141	1	1	0	170801	103139.70	108.53817468	34.22366788	25.90	0.0040	0.0220	-0.9840	1.78	30	29	1
21142	1	1	0	170801	103139.80	108.53817953	34.22366913	25.90	0.0110	0.0050	-0.9370	1.78	30	29	1
21143	1	1	0	170801	103139.90	108.53818428	34.22367039	25.90	-0.0220	-0.0200	-0.9530	1.78	30	29	1
21144	1	1	0	170801	103140.00	108.53818908	34.22367163	25.90	-0.0210	-0.0060	-1.0050	1.68	30	29	1
21145	1	1	0	170801	103140.10	108.53819384	34.22367288	25.90	-0.0260	0.0140	-0.9940	1.68	30	29	1
21146	1	1	0	170801	103140.20	108.53819859	34.22367410	25.90	-0.0230	-0.0360	-1.0080	1.46	30	29	1
21147	1	1	0	170801	103140.30	108.53820333	34.22367536	25.90	-0.0000	0.0150	-1.0260	1.46	30	29	1
21148	1	1	0	170801	103140.40	108.53820808	34.22367657	25.90	-0.0470	-0.0120	-0.9790	1.46	30	29	1
21149	1	1	0	170801	103140.50	108.53821280	34.22367783	25.90	-0.0260	0.0210	-1.0370	1.45	30	29	1
21150	1	1	0	170801	103140.60	108.53821752	34.22367907	25.90	-0.0260	0.0210	-1.0370	1.45	30	29	1
21151	1	1	0	170801	103140.70	108.53822224	34.22368033	25.90	-0.0300	0.0200	-1.0230	1.45	30	29	1
21152	1	1	0	170801	103140.80	108.53822699	34.22368160	25.90	-0.0180	-0.0050	-1.0570	1.45	30	29	1
21153	1	1	0	170801	103140.90	108.53823168	34.22368285	25.90	0.0020	0.0260	-0.9590	1.43	30	29	1
21154	1	1	0	170801	103141.00	108.53823642	34.22368411	25.90	-0.0290	0.0040	-0.9570	1.43	30	29	1
21155	1	1	0	170801	103141.10	108.53824112	34.22368536	25.90	-0.0050	0.0030	-0.9630	1.43	30	29	1
21156	1	1	0	170801	103141.20	108.53824584	34.22368660	25.90	-0.0360	0.0310	-1.0210	1.41	30	29	1
21157	1	1	0	170801	103141.30	108.53825051	34.22368786	25.90	-0.0390	0.0140	-0.9460	1.41	30	29	1
21158	1	1	0	170801	103141.40	108.53825506	34.22368912	25.90	-0.0170	0.0270	-1.0090	1.41	30	29	1
21159	1	1	0	170801	103141.50	108.53825972	34.22369036	25.90	0.0100	0.0020	-1.0400	1.41	30	29	1
21160	1	1	0	170801	103141.60	108.53826432	34.22369159	25.90	-0.0270	-0.0090	-0.9980	1.41	30	29	1
21161	1	1	0	170801	103141.70	108.53826897	34.22369281	25.90	-0.0180	-0.0190	-0.9830	1.41	30	29	1
21162	1	1	0	170801	103141.80	108.53827357	34.22369405	25.90	-0.0310	-0.0190	-1.0520	1.41	30	28	1
21163	1	1	0	170801	103141.90	108.53827818	34.22369527	25.90	0.0110	0.0030	-0.9630	1.41	30	29	1
21164	1	1	0	170801	103142.00	108.53828276	34.22369650	25.90	0.0300	-0.0330	-0.9950	1.41	30	28	1
21165	1	1	0	170801	103142.10	108.53828738	34.22369772	25.90	-0.0190	-0.0330	-1.0130	1.42	30	29	1
21166	1	1	0	170801	103142.20	108.53829197	34.22369895	25.90	0.0260	-0.0350	-1.0180	1.42	30	29	1
21167	1	1	0	170801	103142.30	108.53829662	34.22370020	25.90	0.0500	0.0230	-1.0490	1.42	30	29	1
21168	1	1	0	170801	103142.40	108.53830125	34.22370144	25.90	0.0010	0.0200	-0.9520	1.94	30	29	1
21169	1	1	0	170801	103142.50	108.53830594	34.22370268	25.90	0.0430	-0.0230	-1.0190	1.94	30	29	1
21170	1	1	0	170801	103142.60	108.53831069	34.22370389	25.90	0.0540	-0.0510	-0.9740	1.94	30	29	1
21171	1	1	0	170801	103142.70	108.53831542	34.22370514	25.90	0.0220	0.0130	-1.0020	2.88	30	29	1
21172	1	1	0	170801	103142.80	108.53832020	34.22370636	25.90	0.0090	-0.0070	-1.0260	2.88	30	29	1
21173	1	1	0	170801	103142.90	108.53832495	34.22370761	25.90	-0.0140	-0.0560	-1.0280	2.88	30	29	1
21174	1	1	0	170801	103143.00	108.53832973	34.22370882	25.90	0.0360	-0.0280	-1.0360	2.76	30	29	1
21175	1	1	0	170801	103143.10	108.53833448	34.22371009	25.90	-0.0070	-0.0250	-1.0310	2.76	30	29	1
21176	1	1	0	170801	103143.20	108.53833926	34.22371133	25.90	-0.0100	0.0020	-0.9920	2.76	30	29	1
21177	1	1	0	170801	103143.30	108.53834402	34.22371259	25.90	0.0030	-0.0430	-1.0100	2.08	30	29	1
21178	1	1	0	170801	103143.40	108.53834880	34.22371385	25.90	0.0100	-0.0080	-1.0120	2.08	30	29	1
21179	1	1	0	170801	103143.50	108.53835356	34.22371514	25.90	-0.0080	-0.0440	-0.9840	2.08	30	29	1
21180	1	1	0	170801	103143.60	108.53835831	34.22371643	25.90	0.0070	-0.0030	-1.0330	2.08	30	29	1
21181	1	1	0	170801	103143.70	108.53836307	34.22371771	25.90	0.0100	-0.0270	-0.9410	1.85	30	29	1
21182	1	1	0	170801	103143.80	108.53836781	34.22371900	25.90	0.0480	-0.0710	-0.9750	1.85	30	29	1
21183	1	1	0	170801	103143.90	108.53837254	34.22372027	25.90	0.0200	0.0370	-0.9830	1.85	30	29	1
21184	1	1	0	170801	103144.00	108.53837715	34.22372158	25.90	0.0040	-0.0370	-0.9820	1.68	30	29	1
21185	1	1	0	170801	103144.10	108.53838186	34.22372285	25.90	-0.0080	-0.0120	-1.0240	1.68	30	29	1
21186	1	1	0	170801	103144.20	108.53838653	34.22372416	25.90	-0.0150	0.0010	-1.0120	1.66	30	29	1
21187	1	1	0	170801	103144.30	108.53839123	34.22372542	25.90	-0.0140	-0.0260	-1.0470	1.66	30	29	1
21188	1	1	0	170801	103144.40	108.53839594	34.22372672	25.90	0.0020	-0.0210	-0.9700	1.66	30	29	1
21189	1	1	0	170801	103144.50	108.53840064	34.22372798	25.90	0.0100	-0.0290	-1.0490	1.66	30	29	1
21190	1	1	0	170801	103144.60	108.53840534	34.22372924	25.90	0.0310	0.0130	-0.9650	1.64	30	29	1
21191	1	1	0	170801	103144.70	108.53841003	34.22373049	25.90	-0.0510	0.0150	-1.0340	1.64	30	29	1
21192	1	1	0	170801	103144.80	108.53841470	34.22373175	25.90	-0.0560	-0.0770	-0.9670	1.64	30	29	1
21193	1	1	0	170801	103144.90	108.53841937	34.22373303	25.90	-0.0700	0.0150	-1.0280	1.62	30	29	1
21194	1	1	0	170801	103145.00	108.53842402	34.22373431	25.90	-0.0320	-0.0300	-1.0250	1.62	30	29	1
21195	1	1	0	170801	103145.10	108.53842867	34.22373557	25.90	-0.0320	-0.0550	-0.9790	1.62	30	29	1
21196	1	1	0	170801	103145.20	108.53843330	34.22373685	25.90	-0.0290	0.0180	-1.0240	1.60	30	29	1
21197	1	1	0	170801	103145.30	108.53843792	34.22373811	25.90	-0.0170	-0.0010	-1.0450	1.60	30	29	1
21198	1	1	0	170801	103145.40	108.53844250	34.22373938	25.90	-0.0460	-0.0440	-0.9670	1.60	30	29	1
21199	1	1	0	170801	103145.50	108.53844710	34.22374065	25.90	-0.0220	0.0210	-1.0850	1.59	30	29	1
21200	1	1	0	170801	103145.60	108.53845168	34.22374188	25.90	-0.0170	0.0550	-0.9530	1.59	30	29	1
21201	1	1	0	170801	103145.70	108.53845629	34.22374313	25.90	0.0030	-0.0240	-0.9760	1.59	30	28	1
21202	1	1	0	170801	103145.80	108.53846089	34.22374437	25.90	0.0670	-0.0150	-1.0620	1.59	30	29	1
21203	1	1	0	170801	103145.90	108.53846550	34.22374563	25.90	0.0560	-0.0530	-0.9660	1.59	30	29	1
21204	1	1	0	170801	103146.00	108.53847013	34.22374688	25.90	0.0580	-0.0310	-1.0100	1.59	30	29	1
21205	1	1	0	170801	103146.10	108.53847476	34.22374816	25.90	0.0460	-0.0290	-1.0730	2.13	30	29	1
21206	1	1	0	170801	103146.20	108.53847943	34.22374944	25.90	0.0490	-0.0200	-1.0370	2.13	30	29	1
21207	1	1	0	170801	103146.30	108.53848415	34.22375075	25.90	0.0240	-0.0210	-0.9980	2.13	30	29	1
21208	1	1	0	170801	103146.40	108.53848889	34.22375205	25.90	0.0660	-0.0350	-1.0550	2.90	30	29	1
21209	1	1	0	170801	103146.50	108.53849364	34.22375337	25.90	-0.0030	-0.0270	-0.9840	2.90	30	29	1
21210	1	1	0	170801	103146.60	108.53849843	34.22375474	27.75	-0.0270	0.0290	-0.9960	2.90	30	29	1
21211	1	1	0	170801	103146.70	108.53850316	34.22375606	27.75	-0.0220	-0.0050	-1.0540	2.82	30	29	1
21212	1	1	0	170801	103146.80	108.53850790	34.22375739	27.75	0.0090	-0.0070	-0.9980	2.82	30	30	1
21213	1	1	0	170801	103146.90	108.53851267	34.22375871	27.75	0.0240	-0.0030	-0.9990	2.82	30	29	1
21214	1	1	0	170801	103147.00	108.53851740	34.22376002	25.90	-0.0040	0.0050	-0.9870	2.82	30	29	1
21215	1	1	0	170801	103147.10	108.53852216	34.22376133	25.90	0.0060	-0.0060	-1.0080	2.82	30	29	1
21216	1	1	0	170801	103147.20	108.53852690	34.22376265	25.90	-0.0270	0.0030	-0.9930	2.82	30	29	1
21217	1	1	0	170801	103147.30	108.53853163	34.22376397	25.90	-0.0060	-0.0590	-0.9820	1.57	30	29	1
21218	1	1	0	170801	103147.40	108.53853639	34.22376525	25.90	-0.0260	-0.0180	-1.0120	1.57	30	29	1
21219	1	1	0	170801	103147.50	108.53854112	34.22376657	25.90	-0.0210	-0.0060	-1.0230	1.57	30	29	1
21220	1	1	0	170801	103147.60	108.53854585	34.22376785	25.90	-0.0270	0.0030	-0.9940	1.40	30	29	1
21221	1	1	0	170801	103147.70	108.53855055	34.22376917	25.90	0.0160	-0.0240	-1.0170	1.40	30	29	1
21222	1	1	0	170801	103147.80	108.53855528	34.22377048	25.90	-0.0420	0.0060	-1.0190	1.40	30	29	1
21223	1	1	0	170801	103147.90	108.53855998	34.22377177	25.90	-0.0120	-0.0030	-1.0570	1.40	30	29	1
21224	1	1	0	170801	103148.00	108.53856466	34.22377311	25.90	-0.0100	-0.0190	-1.0030	1.37	30	29	1
21225	1	1	0	170801	103148.10	108.53856933	34.22377441	25.90	-0.0110	-0.0120	-1.0120	1.37	30	29	1
21226	1	1	0	170801	103148.20	108.53857400	34.22377573	25.90	-0.0570	-0.0140	-1.0230	1.36	30	29	1
21227	1	1	0	170801	103148.30	108.53857865	34.22377704	25.90	0.0100	0.0090	-1.0260	1.36	30	29	1
21228	1	1	0	170801	103148.40	108.53858331	34.22377836	25.90	-0.0110	-0.0300	-1.0190	1.36	30	29	1
21229	1	1	0	170801	103148.50	108.53858794	34.22377968	25.90	-0.0440	-0.0310	-0.9730	1.36	30	29	1
21230	1	1	0	170801	103148.60	108.53859256	34.22378092	25.90	-0.0090	-0.0110	-0.9790	1.36	30	29	1
21231	1	1	0	170801	103148.70	108.53859717	34.22378224	25.90	-0.0220	0.0010	-0.9530	1.36	30	29	1
21232	1	1	0	170801	103148.80	108.53860177	34.22378348	25.90	-0.0200	-0.0610	-1.0690	1.36	30	29	1
21233	1	1	0	170801	103148.90	108.53860635	34.22378479	25.90	-0.0150	-0.0050	-1.0160	1.34	30	28	1
21234	1	1	0	170801	103149.00	108.53861094	34.22378604	25.90	-0.0480	0.0230	-0.9810	1.34	30	28	1
21235	1	1	0	170801	103149.10	108.53861551	34.22378736	25.90	-0.0420	-0.0250	-0.9530	1.34	30	29	1
21236	1	1	0	170801	103149.20	108.53862007	34.22378861	25.90	0.0220	-0.0010	-1.0500	1.34	30	29	1
21237	1	1	0	170801	103149.30	108.53862467	34.22378992	25.90	0.0250	-0.0390	-1.0120	1.34	30	29	1
21238	1	1	0	170801	103149.40	108.53862926	34.22379120	25.90	0.0350	-0.0080	-1.0430	1.34	30	29	1
21239	1	1	0	170801	103149.50	108.53863390	34.22379252	25.90	0.0820	-0.0190	-0.9680	2.51	30	29	1
21240	1	1	0	170801	103149.60	108.53863859	34.22379382	25.90	0.0380	-0.0070	-1.0170	2.51	30	29	1
21241	1	1	0	170801	103149.70	108.53864327	34.22379516	25.90	0.0200	-0.0080	-1.0360	2.51	30	29	1
21242	1	1	0	170801	103149.80	108.53864802	34.22379649	25.90	0.0500	-0.0190	-1.0380	3.03	30	29	1
21243	1	1	0	170801	103149.90	108.53865274	34.22379784	25.90	0.0300	-0.0350	-0.9790	3.03	30	29	1
21244	1	1	0	170801	103150.00	108.53865749	34.22379919	27.75	0.0140	0.0080	-1.0470	3.03	30	29	1
21245	1	1	0	170801	103150.10	108.53866222	34.22380055	27.75	0.0030	-0.0080	-1.0200	2.65	30	29	1
21246	1	1	0	170801	103150.20	108.53866700	34.22380188	27.75	-0.0120	-0.0340	-1.0200	2.65	30	30	1
21247	1	1	0	170801	103150.30	108.53867174	34.22380326	27.75	-0.0270	-0.0250	-0.9700	2.65	30	29	1
21248	1	1	0	170801	103150.40	108.53867651	34.22380461	27.75	0.0640	0.0070	-0.9970	2.13	30	29	1
21249	1	1	0	170801	103150.50	108.53868126	34.22380597	27.75	-0.0260	-0.0010	-1.0190	2.13	30	30	1
21250	1	1	0	170801	103150.60	108.53868602	34.22380731	27.75	-0.0360	-0.0100	-0.9960	2.13	30	29	1
21251	1	1	0	170801	103150.70	108.53869073	34.22380868	25.90	-0.0050	-0.0410	-1.0000	1.89	30	29	1
21252	1	1	0	170801	103150.80	108.53869546	34.22381001	25.90	0.0190	-0.0130	-0.9690	1.89	30	29	1
21253	1	1	0	170801	103150.90	108.53870019	34.22381137	25.90	-0.0190	-0.0080	-0.9830	1.89	30	29	1
21254	1	1	0	170801	103151.00	108.53870492	34.22381272	25.90	0.0260	-0.0070	-0.9960	1.73	30	29	1
21255	1	1	0	170801	103151.10	108.53870963	34.22381407	25.90	-0.0310	0.0120	-0.9540	1.73	30	29	1
21256	1	1	0	170801	103151.20	108.53871437	34.22381541	25.90	0.0120	-0.0060	-0.9760	1.73	30	29	1
21257	1	1	0	170801	103151.30	108.53871907	34.22381678	25.90	0.0450	-0.0020	-0.9930	1.69	30	29	1
21258	1	1	0	170801	103151.40	108.53872381	34.22381812	25.90	0.0170	0.0290	-0.9880	1.69	30	29	1
21259	1	1	0	170801	103151.50	108.53872852	34.22381946	25.90	0.0170	-0.0290	-1.0010	1.69	30	29	1
21260	1	1	0	170801	103151.60	108.53873324	34.22382079	25.90	-0.0230	-0.0180	-0.9880	1.67	30	29	1
21261	1	1	0	170801	103151.70	108.53873793	34.22382214	25.90	-0.0300	0.0320	-0.9980	1.67	30	29	1
21262	1	1	0	170801	103151.80	108.53874264	34.22382345	25.90	-0.0270	0.0330	-0.9240	1.67	30	29	1
21263	1	1	0	170801	103151.90	108.53874732	34.22382478	25.90	0.0200	0.0230	-1.0390	1.67	30	29	1
21264	1	1	0	170801	103152.00	108.53875203	34.22382610	25.90	-0.0360	-0.0250	-0.9480	1.67	30	29	1
21265	1	1	0	170801	103152.10	108.53875671	34.22382744	25.90	-0.0330	-0.0270	-0.9510	1.67	30	29	1
21266	1	1	0	170801	103152.20	108.53876139	34.22382875	25.90	0.0050	0.0380	-1.0780	1.74	30	29	1
21267	1	1	0	170801	103152.30	108.53876607	34.22383007	25.90	-0.0060	-0.0030	-0.9660	1.74	30	29	1
21268	1	1	0	170801	103152.40	108.53877070	34.22383138	25.90	-0.0250	-0.0680	-1.0190	1.74	30	29	1
21269	1	1	0	170801	103152.50	108.53877537	34.22383271	25.90	-0.0450	0.0340	-1.0750	1.74	30	29	1
21270	1	1	0	170801	103152.60	108.53878000	34.22383402	25.90	-0.0350	0.0120	-1.0040	1.83	30	29	1
21271	1	1	0	170801	103152.70	108.53878461	34.22383531	25.90	-0.0360	-0.0040	-1.0420	1.83	30	29	1
21272	1	1	0	170801	103152.80	108.53878921	34.22383660	25.90	-0.0060	-0.0100	-0.9720	1.83	30	28	1
21273	1	1	0	170801	103152.90	108.53879380	34.22383792	25.90	-0.0290	0.0010	-1.0270	1.89	30	28	1
21274	1	1	0	170801	103153.00	108.53879831	34.22383921	25.90	-0.0210	0.0310	-1.0040	1.89	30	29	1
21275	1	1	0	170801	103153.10	108.53880288	34.22384050	25.90	-0.0170	-0.0210	-0.9590	1.89	30	28	1
21276	1	1	0	170801	103153.20	108.53880723	34.22384179	25.90	0.0120	-0.0230	-0.9650	1.87	30	29	1
21277	1	1	0	170801	103153.30	108.53881179	34.22384306	25.90	-0.0210	0.0140	-1.0560	1.87	30	29	1
21278	1	1	0	170801	103153.40	108.53881620	34.22384435	25.90	0.0830	-0.0410	-1.0230	1.87	30	29	1
21279	1	1	0	170801	103153.50	108.53882081	34.22384567	25.90	0.0200	0.0060	-0.9550	1.95	30	29	1
21280	1	1	0	170801	103153.60	108.53882532	34.22384698	25.90	0.0530	-0.0290	-1.0650	1.95	30	29	1
21281	1	1	0	170801	103153.70	108.53883000	34.22384827	25.90	0.0500	0.0000	-0.9710	1.95	30	29	1
21282	1	1	0	170801	103153.80	108.53883464	34.22384957	25.90	0.0430	-0.0310	-1.0060	3.14	30	29	1
21283	1	1	0	170801	103153.90	108.53883934	34.22385090	25.90	0.0520	-0.0220	-1.0000	3.14	30	29	1
21284	1	1	0	170801	103154.00	108.53884404	34.22385221	25.90	0.0210	0.0100	-1.0160	3.14	30	30	1
21285	1	1	0	170801	103154.10	108.53884877	34.22385354	25.90	0.0100	0.0070	-0.9970	3.52	30	29	1
21286	1	1	0	170801	103154.20	108.53885350	34.22385488	27.75	-0.0020	-0.0010	-0.9720	3.52	30	29	1
21287	1	1	0	170801	103154.30	108.53885826	34.22385621	27.75	0.0020	-0.0500	-1.0180	3.52	30	30	1
21288	1	1	0	170801	103154.40	108.53886301	34.22385753	27.75	0.0060	0.0130	-1.0430	2.82	30	29	1
21289	1	1	0	170801	103154.50	108.53886777	34.22385888	27.75	-0.0150	0.0020	-0.9620	2.82	30	30	1
21290	1	1	0	170801	103154.60	108.53887254	34.22386020	27.75	-0.0220	-0.0270	-1.0220	2.82	30	30	1
21291	1	1	0	170801	103154.70	108.53887728	34.22386154	27.75	-0.0180	-0.0150	-0.9990	2.35	30	29	1
21292	1	1	0	170801	103154.80	108.53888208	34.22386287	27.75	-0.0010	0.0230	-1.0330	2.35	30	30	1
21293	1	1	0	170801	103154.90	108.53888683	34.22386423	25.90	-0.0260	-0.0510	-0.9720	2.35	30	29	1
21294	1	1	0	170801	103155.00	108.53889161	34.22386558	25.90	0.0290	0.0230	-1.0700	2.18	30	30	1
21295	1	1	0	170801	103155.10	108.53889636	34.22386695	25.90	-0.0280	0.0070	-0.9230	2.18	30	30	1
21296	1	1	0	170801	103155.20	108.53890114	34.22386831	25.90	-0.0110	-0.0530	-1.0580	2.18	30	29	1
21297	1	1	0	170801	103155.30	108.53890587	34.22386966	25.90	-0.0080	-0.0110	-0.9520	2.07	30	29	1
21298	1	1	0	170801	103155.40	108.53891063	34.22387101	25.90	-0.0140	0.0170	-1.0250	2.07	30	29	1
21299	1	1	0	170801	103155.50	108.53891538	34.22387236	25.90	-0.0260	-0.0330	-0.9890	2.07	30	29	1
21300	1	1	0	170801	103155.60	108.53892013	34.22387370	25.90	-0.0050	0.0210	-1.0080	2.02	30	29	1
21301	1	1	0	170801	103155.70	108.53892485	34.22387507	25.90	-0.0020	-0.0270	-0.9660	2.02	30	29	1
21302	1	1	0	170801	103155.80	108.53892958	34.22387640	25.90	-0.0450	0.0270	-1.0150	2.02	30	29	1
21303	1	1	0	170801	103155.90	108.53893427	34.22387775	25.90	-0.0120	-0.0490	-0.9940	2.02	30	29	1
21304	1	1	0	170801	103156.00	108.53893896	34.22387909	25.90	-0.0030	0.0260	-0.9870	1.98	30	29	1
21305	1	1	0	170801	103156.10	108.53894365	34.22388045	25.90	0.0110	-0.0190	-0.9980	1.98	30	29	1
21306	1	1	0	170801	103156.20	108.53894834	34.22388178	25.90	0.0320	0.0360	-0.9780	1.94	30	29	1
21307	1	1	0	170801	103156.30	108.53895303	34.22388311	25.90	-0.0230	-0.0170	-0.9620	1.94	30	29	1
21308	1	1	0	170801	103156.40	108.53895771	34.22388444	25.90	-0.0380	-0.0630	-1.0180	1.94	30	29	1
21309	1	1	0	170801	103156.50	108.53896237	34.22388581	25.90	-0.0370	0.0290	-1.0420	1.94	30	29	1
21310	1	1	0	170801	103156.60	108.53896703	34.22388714	25.90	-0.0410	-0.0150	-0.9840	1.89	30	29	1
21311	1	1	0	170801	103156.70	108.53897169	34.22388847	25.90	0.0080	-0.0680	-1.0130	1.89	30	29	1
21312	1	1	0	170801	103156.80	108.53897633	34.22388980	25.90	-0.0470	0.0000	-0.9830	1.89	30	29	1
21313	1	1	0	170801	103156.90	108.53898095	34.22389113	25.90	-0.0410	-0.0360	-0.9770	1.90	30	29	1
21314	1	1	0	170801	103157.00	108.53898556	34.22389243	25.90	-0.0480	-0.0140	-0.9780	1.90	30	29	1
21315	1	1	0	170801	103157.10	108.53899015	34.22389375	25.90	-0.0030	-0.0070	-1.0290	1.90	30	29	1
21316	1	1	0	170801	103157.20	108.53899473	34.22389505	25.90	-0.0230	-0.0650	-1.0360	1.94	30	28	1
21317	1	1	0	170801	103157.30	108.53899931	34.22389638	25.90	-0.0170	0.0120	-1.0170	1.94	30	29	1
21318	1	1	0	170801	103157.40	108.53900389	34.22389768	25.90	0.0460	0.0160	-0.9830	1.94	30	29	1
21319	1	1	0	170801	103157.50	108.53900847	34.22389900	25.90	-0.0010	-0.0500	-0.9430	1.93	30	29	1
21320	1	1	0	170801	103157.60	108.53901307	34.22390031	25.90	0.0240	0.0020	-1.0020	1.93	30	29	1
21321	1	1	0	170801	103157.70	108.53901768	34.22390165	25.90	0.0710	-0.0000	-1.0840	1.93	30	29	1
21322	1	1	0	170801	103157.80	108.53902234	34.22390296	25.90	0.0380	-0.0640	-0.9860	2.60	30	29	1
21323	1	1	0	170801	103157.90	108.53902702	34.22390430	25.90	0.0350	-0.0190	-1.0750	2.60	30	29	1
21324	1	1	0	170801	103158.00	108.53903177	34.22390563	25.90	0.0540	-0.0230	-0.9710	2.60	30	29	1
21325	1	1	0	170801	103158.10	108.53903648	34.22390699	25.90	0.0080	0.0470	-0.9150	3.34	30	29	1
21326	1	1	0	170801	103158.20	108.53904125	34.22390834	25.90	-0.0160	-0.0240	-0.9800	3.34	30	29	1
21327	1	1	0	170801	103158.30	108.53904596	34.22390970	25.90	-0.0240	0.0300	-1.0050	3.34	30	29	1
21328	1	1	0	170801	103158.40	108.53905070	34.22391106	25.90	0.0270	-0.0010	-0.9420	2.87	30	29	1
21329	1	1	0	170801	103158.50	108.53905541	34.22391241	25.90	0.0170	-0.0450	-0.9990	2.87	30	29	1
21330	1	1	0	170801	103158.60	108.53906011	34.22391382	25.90	0.0300	0.0140	-1.0210	2.87	30	29	1
21331	1	1	0	170801	103158.70	108.53906483	34.22391518	25.90	-0.0070	0.0240	-0.9950	2.49	30	29	1
21332	1	1	0	170801	103158.80	108.53906953	34.22391657	25.90	-0.0070	-0.0440	-0.9720	2.49	30	29	1
21333	1	1	0	170801	103158.90	108.53907423	34.22391795	25.90	-0.0340	-0.0220	-0.9680	2.49	30	29	1
21334	1	1	0	170801	103159.00	108.53907892	34.22391935	25.90	0.0320	0.0460	-0.9840	2.28	30	29	1
21335	1	1	0	170801	103159.10	108.53908363	34.22392071	25.90	-0.0020	0.0250	-0.9990	2.28	30	29	1
21336	1	1	0	170801	103159.20	108.53908839	34.22392206	25.90	-0.0120	-0.0320	-0.9930	2.28	30	29	1
21337	1	1	0	170801	103159.30	108.53909307	34.22392344	25.90	-0.0280	0.0630	-0.9960	2.15	30	29	1
21338	1	1	0	170801	103159.40	108.53909782	34.22392481	25.90	0.0310	0.0000	-0.9560	2.15	30	29	1
21339	1	1	0	170801	103159.50	108.53910249	34.22392616	25.90	0.0000	-0.0320	-1.0260	2.15	30	29	1
21340	1	1	0	170801	103159.60	108.53910715	34.22392750	25.90	0.0130	-0.0530	-1.0460	2.07	30	29	1
21341	1	1	0	170801	103159.70	108.53911182	34.22392888	25.90	-0.0380	0.0050	-0.9940	2.07	30	29	1
21342	1	1	0	170801	103159.80	108.53911646	34.22393022	25.90	-0.0670	-0.0440	-0.9440	2.07	30	29	1
21343	1	1	0	170801	103159.90	108.53912108	34.22393159	25.90	-0.0140	0.0570	-1.0550	2.07	30	29	1
21344	1	1	0	170801	103200.00	108.53912570	34.22393297	25.90	-0.0210	0.0560	-1.0290	1.95	30	29	1
21345	1	1	0	170801	103200.10	108.53913033	34.22393432	25.90	-0.0330	-0.0280	-0.9790	1.95	30	29	1
21346	1	1	0	170801	103200.20	108.53913492	34.22393569	25.90	-0.0290	0.0030	-1.0540	1.95	30	29	1
21347	1	1	0	170801	103200.30	108.53913949	34.22393707	25.90	-0.0380	0.0510	-0.9290	1.95	30	28	1
21348	1	1	0	170801	103200.40	108.53914406	34.22393841	25.90	-0.0540	0.0020	-1.0190	1.95	30	28	1
21349	1	1	0	170801	103200.50	108.53914860	34.22393975	25.90	-0.0250	-0.0830	-1.0210	1.95	30	28	1
21350	1	1	0	170801	103200.60	108.53915311	34.22394111	25.90	-0.0020	0.0140	-0.9990	1.95	30	28	1
21351	1	1	0	170801	103200.70	108.53915766	34.22394248	25.90	0.0890	-0.0160	-1.0190	1.95	30	29	1
21352	1	1	0	170801	103200.80	108.53916218	34.22394385	25.90	0.0370	-0.0400	-1.0110	1.95	30	29	1
21353	1	1	0	170801	103200.90	108.53916674	34.22394522	25.90	-0.0300	0.0020	-0.9180	1.90	30	29	1
21354	1	1	0	170801	103201.00	108.53917131	34.22394659	25.90	0.0540	0.0440	-1.0820	1.90	30	29	1
21355	1	1	0	170801	103201.10	108.53917592	34.22394797	25.90	0.0850	-0.0150	-0.9770	1.90	30	29	1
21356	1	1	0	170801	103201.20	108.53918058	34.22394934	25.90	0.0450	0.0380	-0.9730	3.01	30	29	1
21357	1	1	0	170801	103201.30	108.53918522	34.22395074	25.90	-0.0030	0.0110	-1.0350	3.01	30	29	1
21358	1	1	0	170801	103201.40	108.53918995	34.22395213	25.90	0.0160	-0.0730	-0.9590	3.01	30	29	1
21359	1	1	0	170801	103201.50	108.53919464	34.22395355	25.90	0.0420	-0.0590	-0.9960	3.15	30	29	1
21360	1	1	0	170801	103201.60	108.53919937	34.22395496	25.90	0.0060	0.0190	-0.9730	3.15	30	29	1
21361	1	1	0	170801	103201.70	108.53920408	34.22395638	25.90	0.0130	0.0550	-1.0050	3.15	30	29	1
21362	1	1	0	170801	103201.80	108.53920880	34.22395779	27.75	-0.0240	-0.0360	-1.0550	2.42	30	29	1
21363	1	1	0	170801	103201.90	108.53921347	34.22395921	25.90	-0.0370	-0.1050	-0.9910	2.42	30	29	1
21364	1	1	0	170801	103202.00	108.53921816	34.22396063	25.90	0.0510	-0.0470	-1.0380	2.42	30	29	1
21365	1	1	0	170801	103202.10	108.53922287	34.22396207	25.90	-0.0110	-0.0340	-0.9810	1.86	30	29	1
21366	1	1	0	170801	103202.20	108.53922756	34.22396351	25.90	-0.0270	0.0310	-1.0990	1.86	30	29	1
21367	1	1	0	170801	103202.30	108.53923224	34.22396498	25.90	-0.0010	-0.0680	-0.9240	1.86	30	29	1
21368	1	1	0	170801	103202.40	108.53923693	34.22396642	25.90	-0.0100	0.0110	-0.8780	1.65	30	29	1
21369	1	1	0	170801	103202.50	108.53924156	34.22396786	25.90	-0.0190	-0.0310	-1.0420	1.65	30	29	1
21370	1	1	0	170801	103202.60	108.53924619	34.22396930	25.90	0.0120	0.0020	-1.0690	1.65	30	29	1
21371	1	1	0	170801	103202.70	108.53925082	34.22397074	25.90	0.0210	-0.0180	-1.0170	1.48	30	29	1
21372	1	1	0	170801	103202.80	108.53925544	34.22397216	25.90	0.0350	0.0050	-1.0280	1.48	30	29	1
21373	1	1	0	170801	103202.90	108.53926008	34.22397360	25.90	-0.0100	-0.0110	-1.0080	1.48	30	29	1
21374	1	1	0	170801	103203.00	108.53926473	34.22397504	25.90	-0.0370	-0.0090	-1.0240	1.43	30	29	1
21375	1	1	0	170801	103203.10	108.53926934	34.22397648	25.90	0.0230	0.0420	-0.9670	1.43	30	29	1
21376	1	1	0	170801	103203.20	108.53927385	34.22397795	25.90	0.0100	0.0380	-0.8910	1.43	30	29	1
21377	1	1	0	170801	103203.30	108.53927846	34.22397938	25.90	-0.0140	0.0100	-0.9760	1.41	30	29	1
21378	1	1	0	170801	103203.40	108.53928306	34.22398079	25.90	-0.0160	-0.0030	-1.0640	1.41	30	29	1
21379	1	1	0	170801	103203.50	108.53928765	34.22398222	25.90	-0.0120	0.0200	-0.9990	1.41	30	29	1
21380	1	1	0	170801	103203.60	108.53929227	34.22398360	25.90	-0.0100	0.0270	-0.9530	1.41	30	29	1
21381	1	1	0	170801	103203.70	108.53929682	34.22398500	25.90	-0.0090	-0.0250	-1.0480	1.41	30	29	1
21382	1	1	0	170801	103203.80	108.53930140	34.22398639	25.90	0.0020	0.0080	-0.9880	1.41	30	29	1
21383	1	1	0	170801	103203.90	108.53930596	34.22398779	25.90	-0.0180	-0.0780	-0.9430	1.41	30	29	1
21384	1	1	0	170801	103204.00	108.53931049	34.22398919	25.90	0.0150	-0.0030	-0.9180	1.37	30	28	1
21385	1	1	0	170801	103204.10	108.53931502	34.22399059	25.90	-0.0140	0.0150	-0.9500	1.37	30	29	1
21386	1	1	0	170801	103204.20	108.53931953	34.22399199	25.90	0.0800	-0.0230	-0.9590	1.38	30	29	1
21387	1	1	0	170801	103204.30	108.53932409	34.22399342	25.90	-0.0070	0.0110	-1.0600	1.38	30	29	1
21388	1	1	0	170801	103204.40	108.53932865	34.22399485	25.90	0.0900	-0.0020	-0.9460	1.38	30	29	1
21389	1	1	0	170801	103204.50	108.53933327	34.22399630	25.90	0.0020	-0.0290	-1.0040	1.38	30	29	1
21390	1	1	0	170801	103204.60	108.53933791	34.22399777	25.90	0.0630	-0.0100	-1.0990	2.63	30	29	1
21391	1	1	0	170801	103204.70	108.53934256	34.22399921	25.90	0.0150	0.0140	-0.9830	2.63	30	29	1
21392	1	1	0	170801	103204.80	108.53934726	34.22400066	25.90	0.0060	-0.0170	-0.9820	2.63	30	29	1
21393	1	1	0	170801	103204.90	108.53935193	34.22400209	25.90	0.0390	0.0060	-1.0450	2.86	30	29	1
21394	1	1	0	170801	103205.00	108.53935665	34.22400351	25.90	0.0210	-0.0550	-0.9900	2.86	30	29	1
21395	1	1	0	170801	103205.10	108.53936133	34.22400497	25.90	0.0120	0.0470	-0.9660	2.86	30	29	1
21396	1	1	0	170801	103205.20	108.53936603	34.22400640	25.90	0.0230	-0.0400	-1.0230	1.98	30	29	1
21397	1	1	0	170801	103205.30	108.53937070	34.22400785	25.90	-0.0130	-0.0170	-0.9910	1.98	30	29	1
21398	1	1	0	170801	103205.40	108.53937539	34.22400928	25.90	-0.0100	-0.0160	-1.0430	1.98	30	29	1
21399	1	1	0	170801	103205.50	108.53938006	34.22401073	25.90	-0.0070	-0.0270	-0.9510	1.62	30	29	1
21400	1	1	0	170801	103205.60	108.53938474	34.22401215	25.90	-0.0230	-0.0440	-1.0500	1.62	30	29	1
21401	1	1	0	170801	103205.70	108.53938940	34.22401360	25.90	-0.0040	-0.0130	-0.9600	1.62	30	29	1
21402	1	1	0	170801	103205.80	108.53939409	34.22401503	25.90	-0.0360	0.0000	-0.9440	1.42	30	29	1
21403	1	1	0	170801	103205.90	108.53939873	34.22401646	25.90	0.0100	-0.0070	-1.0270	1.42	30	29	1
21404	1	1	0	170801	103206.00	108.53940340	34.22401792	25.90	0.0170	-0.0010	-0.9310	1.42	30	29	1
21405	1	1	0	170801	103206.10	108.53940806	34.22401936	25.90	-0.0080	-0.0230	-1.0470	1.38	30	29	1
21406	1	1	0	170801	103206.20	108.53941271	34.22402081	25.90	-0.0300	0.0550	-1.0260	1.38	30	29	1
21407	1	1	0	170801	103206.30	108.53941733	34.22402223	25.90	-0.0280	-0.0030	-1.0250	1.38	30	29	1
21408	1	1	0	170801	103206.40	108.53942197	34.22402365	25.90	-0.0210	-0.0160	-0.9410	1.38	30	29	1
21409	1	1	0	170801	103206.50	108.53942657	34.22402507	25.90	-0.0220	-0.0090	-1.0060	1.38	30	29	1
21410	1	1	0	170801	103206.60	108.53943120	34.22402645	25.90	-0.0090	-0.0060	-1.0320	1.38	30	29	1
21411	1	1	0	170801	103206.70	108.53943580	34.22402786	25.90	-0.0120	0.0020	-0.9610	1.37	30	29	1
21412	1	1	0	170801	103206.80	108.53944040	34.22402925	25.90	0.0120	-0.0380	-0.9730	1.37	30	29	1
21413	1	1	0	170801	103206.90	108.53944497	34.22403068	25.90	-0.0380	-0.0370	-0.9920	1.37	30	29	1
21414	1	1	0	170801	103207.00	108.53944955	34.22403207	25.90	-0.0070	-0.0300	-1.0520	1.35	30	29	1
21415	1	1	0	170801	103207.10	108.53945410	34.22403349	25.90	-0.0520	-0.0520	-1.0520	1.35	30	28	1
21416	1	1	0	170801	103207.20	108.53945866	34.22403489	25.90	0.0120	0.0130	-0.9400	1.35	30	29	1
21417	1	1	0	170801	103207.30	108.53946320	34.22403631	25.90	0.0030	0.0090	-0.9580	1.32	30	29	1
21418	1	1	0	170801	103207.40	108.53946775	34.22403772	25.90	-0.0350	0.0120	-1.0560	1.32	30	29	1
21419	1	1	0	170801	103207.50	108.53947230	34.22403913	25.90	0.0420	0.0190	-0.9900	1.32	30	29	1
21420	1	1	0	170801	103207.60	108.53947688	34.22404054	25.90	-0.0160	-0.0490	-1.0450	1.66	30	29	1
21421	1	1	0	170801	103207.70	108.53948147	34.22404198	25.90	0.0680	-0.0650	-1.0160	1.66	30	29	1
21422	1	1	0	170801	103207.80	108.53948612	34.22404340	25.90	0.0420	-0.0220	-0.9490	1.66	30	29	1
21423	1	1	0	170801	103207.90	108.53949075	34.22404485	25.90	0.0370	0.0080	-0.9820	1.66	30	29	1
21424	1	1	0	170801	103208.00	108.53949543	34.22404630	25.90	0.0500	-0.0430	-0.9860	2.71	30	29	1
21425	1	1	0	170801	103208.10	108.53950008	34.22404776	25.90	-0.0110	-0.0110	-1.0200	2.71	30	29	1
21426	1	1	0	170801	103208.20	108.53950478	34.22404923	25.90	-0.0000	-0.0300	-1.0200	2.66	30	29	1
21427	1	1	0	170801	103208.30	108.53950945	34.22405072	25.90	-0.0370	-0.0000	-1.0440	2.66	30	29	1
21428	1	1	0	170801	103208.40	108.53951415	34.22405220	25.90	-0.0160	-0.0030	-1.0800	2.66	30	29	1
21429	1	1	0	170801	103208.50	108.53951880	34.22405368	25.90	-0.0230	0.0140	-0.9430	2.66	30	29	1
21430	1	1	0	170801	103208.60	108.53952348	34.22405516	25.90	0.0240	0.0130	-0.9430	1.82	30	29	1
21431	1	1	0	170801	103208.70	108.53952814	34.22405663	25.90	-0.0010	0.0170	-1.0080	1.82	30	29	1
21432	1	1	0	170801	103208.80	108.53953278	34.22405808	25.90	-0.0290	-0.0140	-1.0260	1.82	30	29	1
21433	1	1	0	170801	103208.90	108.53953742	34.22405956	25.90	-0.0480	-0.0510	-1.0210	1.45	30	29	1
21434	1	1	0	170801	103209.00	108.53954205	34.22406101	25.90	-0.0200	0.0330	-1.0310	1.45	30	29	1
21435	1	1	0	170801	103209.10	108.53954668	34.22406248	25.90	0.0030	-0.0000	-0.9690	1.45	30	29	1
21436	1	1	0	170801	103209.20	108.53955130	34.22406394	25.90	0.0300	-0.0570	-1.0220	1.37	30	29	1
21437	1	1	0	170801	103209.30	108.53955591	34.22406539	25.90	-0.0470	-0.0530	-0.9710	1.37	30	29	1
21438	1	1	0	170801	103209.40	108.53956049	34.22406683	25.90	-0.0430	-0.0480	-1.0270	1.37	30	29	1
21439	1	1	0	170801	103209.50	108.53956509	34.22406828	25.90	0.0110	0.0420	-0.9930	1.31	30	29	1
21440	1	1	0	170801	103209.60	108.53956967	34.22406972	25.90	-0.0370	-0.0460	-0.9910	1.31	30	29	1
21441	1	1	0	170801	103209.70	108.53957422	34.22407116	25.90	-0.0120	-0.0040	-1.0240	1.31	30	29	1
21442	1	1	0	170801	103209.80	108.53957880	34.22407259	25.90	-0.0290	0.0310	-0.9680	1.29	30	29	1
21443	1	1	0	170801	103209.90	108.53958336	34.22407401	25.90	-0.0260	-0.0120	-1.0310	1.29	30	29	1
21444	1	1	0	170801	103210.00	108.53958791	34.22407543	25.90	-0.0550	-0.0030	-1.0430	1.29	30	29	1
21445	1	1	0	170801	103210.10	108.53959243	34.22407688	25.90	-0.0220	-0.0020	-0.9830	1.28	30	28	1
21446	1	1	0	170801	103210.20	108.53959696	34.22407830	25.90	0.0130	-0.0070	-0.9530	1.28	30	28	1
21447	1	1	0	170801	103210.30	108.53960148	34.22407974	25.90	-0.0040	-0.0220	-0.9370	1.28	30	29	1
21448	1	1	0	170801	103210.40	108.53960596	34.22408120	25.90	0.0340	-0.0370	-0.9930	1.28	30	29	1
21449	1	1	0	170801	103210.50	108.53961048	34.22408267	25.90	0.0930	0.0030	-1.0360	1.28	30	29	1
21450	1	1	0	170801	103210.60	108.53961501	34.22408416	25.90	0.0250	0.0280	-1.0520	1.28	30	29	1
21451	1	1	0	170801	103210.70	108.53961957	34.22408562	25.90	0.0390	-0.0390	-0.9820	2.15	30	29	1
21452	1	1	0	170801	103210.80	108.53962417	34.22408714	25.90	0.0180	0.0170	-1.0460	2.15	30	29	1
21453	1	1	0	170801	103210.90	108.53962878	34.22408864	25.90	0.0350	-0.0120	-0.9710	2.15	30	29	1
21454	1	1	0	170801	103211.00	108.53963345	34.22409017	25.90	0.0300	-0.0260	-0.9690	2.90	30	29	1
21455	1	1	0	170801	103211.10	108.53963810	34.22409169	25.90	0.0390	0.0040	-1.0380	2.90	30	30	1
21456	1	1	0	170801	103211.20	108.53964279	34.22409324	27.75	0.0300	-0.0220	-0.9720	2.90	30	29	1
21457	1	1	0	170801	103211.30	108.53964745	34.22409475	27.75	-0.0170	-0.0300	-1.0110	2.89	30	30	1
21458	1	1	0	170801	103211.40	108.53965214	34.22409629	27.75	0.0170	0.0180	-1.0250	2.89	30	29	1
21459	1	1	0	170801	103211.50	108.53965681	34.22409780	27.75	-0.0140	-0.0080	-0.9800	2.89	30	29	1
21460	1	1	0	170801	103211.60	108.53966149	34.22409934	27.75	-0.0090	-0.0200	-0.9850	2.10	30	30	1
21461	1	1	0	170801	103211.70	108.53966616	34.22410085	27.75	0.0040	0.0140	-1.0140	2.10	30	29	1
21462	1	1	0	170801	103211.80	108.53967083	34.22410239	25.90	-0.0270	0.0150	-0.9370	2.10	30	29	1
21463	1	1	0	170801	103211.90	108.53967547	34.22410390	25.90	-0.0080	0.0200	-1.0610	2.10	30	29	1
21464	1	1	0	170801	103212.00	108.53968010	34.22410543	25.90	0.0020	-0.0130	-0.9600	1.57	30	29	1
21465	1	1	0	170801	103212.10	108.53968474	34.22410695	25.90	0.0010	-0.0070	-1.0420	1.57	30	29	1
21466	1	1	0	170801	103212.20	108.53968935	34.22410847	25.90	0.0010	-0.0070	-0.9720	1.40	30	29	1
21467	1	1	0	170801	103212.30	108.53969396	34.22410999	25.90	-0.0050	-0.0620	-1.0330	1.40	30	29	1
21468	1	1	0	170801	103212.40	108.53969856	34.22411152	25.90	-0.0000	0.0080	-0.9500	1.40	30	29	1
21469	1	1	0	170801	103212.50	108.53970319	34.22411307	25.90	-0.0160	-0.0140	-0.9920	1.40	30	29	1
21470	1	1	0	170801	103212.60	108.53970778	34.22411460	25.90	-0.0180	-0.0400	-1.0310	1.38	30	29	1
21471	1	1	0	170801	103212.70	108.53971238	34.22411613	25.90	0.0000	0.0050	-0.9680	1.38	30	29	1
21472	1	1	0	170801	103212.80	108.53971696	34.22411767	25.90	-0.0190	-0.0000	-1.0510	1.38	30	29	1
21473	1	1	0	170801	103212.90	108.53972154	34.22411919	25.90	-0.0040	0.0170	-0.9380	1.34	30	29	1
21474	1	1	0	170801	103213.00	108.53972605	34.22412072	25.90	-0.0160	-0.0120	-1.0300	1.34	30	29	1
21475	1	1	0	170801	103213.10	108.53973060	34.22412222	25.90	-0.0640	0.0080	-0.9770	1.34	30	29	1
21476	1	1	0	170801	103213.20	108.53973508	34.22412372	25.90	-0.0120	0.0170	-1.0320	1.49	30	29	1
21477	1	1	0	170801	103213.30	108.53973964	34.22412521	25.90	-0.0200	0.0070	-1.0100	1.49	30	29	1
21478	1	1	0	170801	103213.40	108.53974410	34.22412671	25.90	-0.0050	-0.0190	-0.9870	1.49	30	29	1
21479	1	1	0	170801	103213.50	108.53974861	34.22412822	25.90	0.0430	-0.0010	-1.0440	1.78	30	28	1
21480	1	1	0	170801	103213.60	108.53975306	34.22412972	25.90	-0.0210	-0.0370	-0.9720	1.78	30	29	1
21481	1	1	0	170801	103213.70	108.53975756	34.22413121	25.90	0.0560	-0.0250	-1.0470	1.78	30	29	1
21482	1	1	0	170801	103213.80	108.53976199	34.22413272	25.90	-0.0350	-0.0350	-0.9360	1.85	30	29	1
21483	1	1	0	170801	103213.90	108.53976651	34.22413421	25.90	0.0590	0.0220	-1.0220	1.85	30	29	1
21484	1	1	0	170801	103214.00	108.53977102	34.22413573	25.90	0.0570	-0.0200	-1.0530	1.85	30	29	1
21485	1	1	0	170801	103214.10	108.53977557	34.22413723	25.90	0.0080	-0.0000	-0.9950	2.83	30	29	1
21486	1	1	0	170801	103214.20	108.53978020	34.22413876	25.90	0.0500	-0.0080	-1.0360	2.83	30	29	1
21487	1	1	0	170801	103214.30	108.53978482	34.22414028	25.90	0.0120	0.0000	-0.9260	2.83	30	29	1
21488	1	1	0	170801	103214.40	108.53978950	34.22414182	25.90	0.0170	-0.0280	-1.0630	3.30	30	29	1
21489	1	1	0	170801	103214.50	108.53979413	34.22414335	25.90	-0.0040	0.0020	-0.9850	3.30	30	29	1
21490	1	1	0	170801	103214.60	108.53979882	34.22414489	25.90	-0.0110	0.0040	-1.0080	3.30	30	29	1
21491	1	1	0	170801	103214.70	108.53980344	34.22414640	25.90	0.0450	0.0020	-0.9870	2.76	30	29	1
21492	1	1	0	170801	103214.80	108.53980811	34.22414794	25.90	0.0130	0.0030	-0.9960	2.76	30	29	1
21493	1	1	0	170801	103214.90	108.53981277	34.22414947	25.90	0.0200	0.0360	-0.9620	2.76	30	29	1
21494	1	1	0	170801	103215.00	108.53981741	34.22415101	25.90	0.0250	-0.0610	-0.9980	2.33	30	29	1
21495	1	1	0	170801	103215.10	108.53982203	34.22415253	25.90	-0.0180	0.0100	-0.9670	2.33	30	29	1
21496	1	1	0	170801	103215.20	108.53982667	34.22415406	25.90	-0.0240	-0.0080	-1.0430	2.33	30	29	1
21497	1	1	0	170801	103215.30	108.53983128	34.22415557	25.90	-0.0370	-0.0140	-1.0500	2.14	30	29	1
21498	1	1	0	170801	103215.40	108.53983588	34.22415710	25.90	-0.0350	0.0120	-1.0080	2.14	30	29	1
21499	1	1	0	170801	103215.50	108.53984048	34.22415863	25.90	-0.0290	0.0070	-0.9720	2.14	30	29	1
21500	1	1	0	170801	103215.60	108.53984509	34.22416014	25.90	-0.0320	0.0240	-1.0250	2.03	30	29	1
21501	1	1	0	170801	103215.70	108.53984967	34.22416164	25.90	-0.0170	0.0060	-0.9970	2.03	30	29	1
21502	1	1	0	170801	103215.80	108.53985426	34.22416315	25.90	0.0150	-0.0400	-1.0510	2.03	30	29	1
21503	1	1	0	170801	103215.90	108.53985883	34.22416465	25.90	-0.0030	0.0410	-0.9340	2.03	30	29	1
21504	1	1	0	170801	103216.00	108.53986334	34.22416616	25.90	0.0430	-0.0150	-1.0400	1.94	30	29	1
21505	1	1	0	170801	103216.10	108.53986791	34.22416765	25.90	0.0070	-0.0180	-1.0490	1.94	30	29	1
21506	1	1	0	170801	103216.20	108.53987245	34.22416917	25.90	-0.0100	-0.0520	-0.9500	1.94	30	29	1
21507	1	1	0	170801	103216.30	108.53987696	34.22417066	25.90	-0.0470	-0.0260	-1.0750	1.94	30	29	1
21508	1	1	0	170801	103216.40	108.53988145	34.22417217	25.90	-0.0400	-0.0210	-0.9610	1.94	30	29	1
21509	1	1	0	170801	103216.50	108.53988596	34.22417363	25.90	-0.0060	-0.0090	-1.0660	1.94	30	29	1
21510	1	1	0	170801	103216.60	108.53989042	34.22417512	25.90	0.0300	-0.0690	-0.9850	1.93	30	28	1
21511	1	1	0	170801	103216.70	108.53989493	34.22417662	25.90	0.0040	0.0010	-0.9790	1.93	30	29	1
21512	1	1	0	170801	103216.80	108.53989943	34.22417810	25.90	0.0230	-0.0140	-0.9770	1.93	30	29	1
21513	1	1	0	170801	103216.90	108.53990392	34.22417960	25.90	0.0650	0.0100	-1.0360	2.00	30	29	1
21514	1	1	0	170801	103217.00	108.53990846	34.22418111	25.90	0.0350	-0.0490	-1.0350	2.00	30	29	1
21515	1	1	0	170801	103217.10	108.53991302	34.22418262	25.90	0.0470	0.0110	-0.9850	2.00	30	29	1
21516	1	1	0	170801	103217.20	108.53991761	34.22418416	25.90	-0.0060	-0.0250	-1.0250	3.17	30	29	1
21517	1	1	0	170801	103217.30	108.53992221	34.22418568	25.90	0.0050	-0.0140	-0.9820	3.17	30	29	1
21518	1	1	0	170801	103217.40	108.53992689	34.22418722	25.90	0.0110	-0.0190	-1.0350	3.17	30	29	1
21519	1	1	0	170801	103217.50	108.53993151	34.22418876	25.90	-0.0280	-0.0230	-0.9800	3.47	30	29	1
21520	1	1	0	170801	103217.60	108.53993618	34.22419031	25.90	0.0020	0.0200	-0.9920	3.47	30	29	1
21521	1	1	0	170801	103217.70	108.53994082	34.22419185	25.90	-0.0010	0.0070	-0.9670	3.47	30	29	1
21522	1	1	0	170801	103217.80	108.53994547	34.22419340	25.90	-0.0030	-0.0080	-1.0290	2.70	30	29	1
21523	1	1	0	170801	103217.90	108.53995009	34.22419493	25.90	0.0290	-0.0080	-1.0150	2.70	30	29	1
21524	1	1	0	170801	103218.00	108.53995472	34.22419647	25.90	-0.0260	0.0080	-0.9520	2.70	30	29	1
21525	1	1	0	170801	103218.10	108.53995932	34.22419802	25.90	0.0170	-0.0060	-1.0280	2.34	30	29	1
21526	1	1	0	170801	103218.20	108.53996385	34.22419957	25.90	-0.0180	-0.0090	-0.9990	2.34	30	29	1
21527	1	1	0	170801	103218.30	108.53996848	34.22420112	25.90	-0.0220	-0.0130	-1.0460	2.34	30	29	1
21528	1	1	0	170801	103218.40	108.53997312	34.22420268	25.90	0.0130	-0.0190	-1.0270	2.22	30	29	1
21529	1	1	0	170801	103218.50	108.53997771	34.22420423	25.90	-0.0270	-0.0040	-0.9580	2.22	30	29	1
21530	1	1	0	170801	103218.60	108.53998234	34.22420579	25.90	-0.0190	0.0090	-1.0440	2.22	30	29	1
21531	1	1	0	170801	103218.70	108.53998692	34.22420735	25.90	-0.0500	-0.0180	-0.9700	2.13	30	29	1