1771	1	1	0	170803	093508.80	108.53608748	34.22312771	35.15	-0.0070	0.0480	-0.9190	2.88	40	40	1
1772	1	1	0	170803	093508.90	108.53609395	34.22312914	35.15	-0.0110	0.0200	-1.0160	2.88	40	39	1
1773	1	1	0	170803	093509.00	108.53610045	34.22313062	35.15	-0.0080	0.0540	-1.0680	3.89	40	39	1
1774	1	1	0	170803	093509.10	108.53610691	34.22313205	35.15	0.0060	-0.0320	-0.9700	3.89	40	39	1
1775	1	1	0	170803	093509.20	108.53611354	34.22313349	35.15	-0.0170	0.0430	-0.9200	3.89	40	39	1
1776	1	1	0	170803	093509.30	108.53611996	34.22313490	35.15	-0.0450	0.1390	-0.9820	3.89	40	40	1
1777	1	1	0	170803	093509.40	108.53612657	34.22313633	35.15	0.0250	-0.0350	-0.9960	3.47	40	40	1
1778	1	1	0	170803	093509.50	108.53613304	34.22313779	35.15	0.1990	0.0360	-0.9730	3.47	40	40	1
1779	1	1	0	170803	093509.60	108.53613951	34.22313932	35.15	0.1040	0.0290	-1.0120	3.47	40	40	1
1780	1	1	0	170803	093509.70	108.53614599	34.22314082	35.15	0.1020	-0.0080	-0.9570	2.72	40	40	1
1781	1	1	0	170803	093509.80	108.53615254	34.22314241	37.00	0.0390	0.0030	-1.0370	2.72	40	40	1
1782	1	1	0	170803	093509.90	108.53615904	34.22314392	37.00	0.0260	-0.0050	-1.0360	2.72	40	40	1
1783	1	1	0	170803	093510.00	108.53616560	34.22314555	37.00	0.0470	0.0350	-0.9990	2.13	40	40	1
1784	1	1	0	170803	093510.10	108.53617212	34.22314709	37.00	-0.0120	0.0360	-1.0100	2.13	40	40	1
1785	1	1	0	170803	093510.20	108.53617870	34.22314862	37.00	-0.0030	0.0090	-0.9890	2.13	40	40	1
1786	1	1	0	170803	093510.30	108.53618520	34.22315019	37.00	0.0060	-0.0110	-1.0350	2.13	40	40	1
1787	1	1	0	170803	093510.40	108.53619171	34.22315181	37.00	0.0150	-0.0590	-1.0040	2.13	40	40	1
1788	1	1	0	170803	093510.50	108.53619819	34.22315340	37.00	0.0140	-0.0400	-1.0100	2.13	40	40	1
1789	1	1	0	170803	093510.60	108.53620458	34.22315504	37.00	-0.0080	0.0450	-0.9670	2.03	40	40	1
1790	1	1	0	170803	093510.70	108.53621105	34.22315664	37.00	0.0110	-0.0410	-1.0290	2.03	40	40	1
1791	1	1	0	170803	093510.80	108.53621749	34.22315824	37.00	0.0030	0.0150	-1.0300	2.03	40	39	1
1792	1	1	0	170803	093510.90	108.53622393	34.22315985	37.00	0.0450	-0.0370	-0.9910	2.03	40	40	1
1793	1	1	0	170803	093511.00	108.53623040	34.22316140	37.00	-0.0400	-0.0120	-1.0470	2.03	40	39	1
1794	1	1	0	170803	093511.10	108.53623682	34.22316304	37.00	0.0370	0.0030	-0.9440	2.03	40	40	1
1795	1	1	0	170803	093511.20	108.53624345	34.22316457	35.15	0.0250	-0.0180	-0.9880	3.71	40	39	1
1796	1	1	0	170803	093511.30	108.53624987	34.22316617	35.15	-0.0400	-0.0770	-1.0390	3.71	40	40	1
1797	1	1	0	170803	093511.40	108.53625641	34.22316771	35.15	-0.0210	-0.0390	-1.0800	3.71	40	39	1
1798	1	1	0	170803	093511.50	108.53626279	34.22316936	35.15	-0.0190	-0.0260	-0.9590	4.03	40	40	1
1799	1	1	0	170803	093511.60	108.53626926	34.22317089	35.15	-0.0690	0.0240	-1.0530	4.03	40	39	1
1800	1	1	0	170803	093511.70	108.53627564	34.22317253	35.15	0.0490	-0.0850	-0.9730	4.03	40	40	1
1801	1	1	0	170803	093511.80	108.53628211	34.22317409	35.15	0.0780	-0.0480	-1.0250	2.92	40	39	1
1802	1	1	0	170803	093511.90	108.53628849	34.22317572	35.15	-0.0250	0.0150	-1.0720	2.92	40	40	1
1803	1	1	0	170803	093512.00	108.53629479	34.22317729	35.15	0.1320	-0.0240	-1.0390	2.92	40	39	1
1804	1	1	0	170803	093512.10	108.53630119	34.22317896	35.15	0.0030	0.0220	-1.0420	2.43	40	40	1
1805	1	1	0	170803	093512.20	108.53630758	34.22318050	35.15	0.0970	0.0460	-0.9670	2.43	40	40	1
1806	1	1	0	170803	093512.30	108.53631399	34.22318220	37.00	0.0210	-0.0260	-0.9410	2.43	40	40	1
1807	1	1	0	170803	093512.40	108.53632039	34.22318375	37.00	0.0320	-0.0100	-0.9460	2.22	40	40	1
1808	1	1	0	170803	093512.50	108.53632684	34.22318540	37.00	0.0650	-0.0190	-1.0100	2.22	40	40	1
1809	1	1	0	170803	093512.60	108.53633326	34.22318700	37.00	-0.0200	0.0250	-1.0700	2.22	40	40	1
1810	1	1	0	170803	093512.70	108.53633972	34.22318874	37.00	0.0280	-0.0190	-0.9920	2.22	40	40	1
1811	1	1	0	170803	093512.80	108.53634625	34.22319030	37.00	-0.0190	0.0070	-0.9730	2.24	40	40	1
1812	1	1	0	170803	093512.90	108.53635272	34.22319192	37.00	0.0030	0.1080	-0.9810	2.24	40	40	1
1813	1	1	0	170803	093513.00	108.53635910	34.22319367	37.00	0.0210	-0.0250	-0.9430	2.19	40	40	1
1814	1	1	0	170803	093513.10	108.53636549	34.22319535	37.00	-0.0350	-0.0020	-1.0450	2.19	40	39	1
1815	1	1	0	170803	093513.20	108.53637187	34.22319710	37.00	-0.0220	-0.0350	-1.1110	2.19	40	40	1
1816	1	1	0	170803	093513.30	108.53637830	34.22319875	37.00	0.0320	-0.0230	-1.0470	2.19	40	39	1
1817	1	1	0	170803	093513.40	108.53638462	34.22320051	35.15	-0.0290	0.0100	-0.9680	2.40	40	40	1
1818	1	1	0	170803	093513.50	108.53639102	34.22320215	35.15	-0.0480	0.0510	-0.9630	2.40	40	39	1
1819	1	1	0	170803	093513.60	108.53639725	34.22320414	35.15	0.0610	-0.0360	-0.9550	2.40	40	39	1
1820	1	1	0	170803	093513.70	108.53640360	34.22320579	35.15	-0.0020	0.0170	-1.0270	4.19	40	39	1
1821	1	1	0	170803	093513.80	108.53640974	34.22320760	35.15	0.0100	0.0030	-0.9550	4.19	40	39	1
1822	1	1	0	170803	093513.90	108.53641612	34.22320922	35.15	0.0680	-0.0380	-1.0210	4.19	40	39	1
1823	1	1	0	170803	093514.00	108.53642232	34.22321103	35.15	0.0440	-0.0160	-0.9450	4.54	40	40	1
1824	1	1	0	170803	093514.10	108.53642870	34.22321267	35.15	0.0540	-0.0680	-0.9590	4.54	40	40	1
1825	1	1	0	170803	093514.20	108.53643506	34.22321445	35.15	-0.0270	-0.0090	-0.9990	4.54	40	40	1
1826	1	1	0	170803	093514.30	108.53644149	34.22321612	37.00	0.1150	-0.0610	-0.9190	4.45	40	40	1
1827	1	1	0	170803	093514.40	108.53644789	34.22321799	37.00	-0.0700	-0.0130	-1.1360	4.45	40	40	1
1828	1	1	0	170803	093514.50	108.53645434	34.22321967	37.00	0.0510	-0.0670	-1.0070	4.45	40	40	1
1829	1	1	0	170803	093514.60	108.53646087	34.22322152	37.00	0.0460	-0.0600	-1.0290	3.18	40	40	1
1830	1	1	0	170803	093514.70	108.53646734	34.22322323	37.00	-0.0270	-0.0500	-0.9750	3.18	40	40	1
1831	1	1	0	170803	093514.80	108.53647375	34.22322502	37.00	0.0160	0.0450	-1.0330	3.18	40	40	1
1832	1	1	0	170803	093514.90	108.53648020	34.22322673	37.00	-0.0030	0.0190	-0.9380	2.87	40	40	1
1833	1	1	0	170803	093515.00	108.53648653	34.22322839	37.00	0.0040	0.0010	-0.9120	2.87	40	40	1
1834	1	1	0	170803	093515.10	108.53649298	34.22323012	37.00	-0.0360	0.1210	-0.9790	2.87	40	40	1
1835	1	1	0	170803	093515.20	108.53649941	34.22323177	37.00	-0.0650	-0.0590	-1.0580	2.67	40	39	1
1836	1	1	0	170803	093515.30	108.53650579	34.22323349	37.00	0.0160	-0.0750	-0.9640	2.67	40	40	1
1837	1	1	0	170803	093515.40	108.53651215	34.22323516	37.00	-0.0340	0.0490	-1.0490	2.67	40	40	1
1838	1	1	0	170803	093515.50	108.53651853	34.22323688	35.15	-0.0540	0.0300	-0.9490	2.47	40	40	1
1839	1	1	0	170803	093515.60	108.53652482	34.22323865	35.15	0.0260	-0.0040	-1.0270	2.47	40	39	1
1840	1	1	0	170803	093515.70	108.53653117	34.22324036	35.15	-0.0140	-0.0090	-1.0380	2.47	40	39	1
1841	1	1	0	170803	093515.80	108.53653754	34.22324210	35.15	-0.0290	-0.0050	-1.0230	2.65	40	39	1
1842	1	1	0	170803	093515.90	108.53654388	34.22324379	35.15	-0.0740	0.0620	-1.0540	2.65	40	39	1
1843	1	1	0	170803	093516.00	108.53655018	34.22324552	35.15	-0.0160	0.0070	-1.0220	2.65	40	39	1
1844	1	1	0	170803	093516.10	108.53655650	34.22324722	35.15	-0.0390	0.0010	-1.0610	4.22	40	40	1
1845	1	1	0	170803	093516.20	108.53656279	34.22324901	35.15	0.1210	-0.0170	-1.0090	4.22	40	40	1
1846	1	1	0	170803	093516.30	108.53656913	34.22325070	35.15	-0.0270	0.0060	-1.0670	4.22	40	40	1
1847	1	1	0	170803	093516.40	108.53657552	34.22325248	35.15	0.0660	0.0070	-0.9810	4.74	40	40	1
1848	1	1	0	170803	093516.50	108.53658189	34.22325418	35.15	-0.0040	-0.0360	-1.0370	4.74	40	40	1
1849	1	1	0	170803	093516.60	108.53658834	34.22325592	35.15	0.0310	-0.0570	-1.0060	4.74	40	40	1
1850	1	1	0	170803	093516.70	108.53659474	34.22325766	37.00	0.0440	-0.0230	-1.0350	3.98	40	40	1
1851	1	1	0	170803	093516.80	108.53660125	34.22325939	37.00	0.0280	-0.0210	-1.0100	3.98	40	40	1
1852	1	1	0	170803	093516.90	108.53660772	34.22326110	37.00	0.0250	-0.0190	-0.9650	3.98	40	40	1
1853	1	1	0	170803	093517.00	108.53661433	34.22326278	37.00	-0.0320	-0.0250	-0.9350	3.20	40	40	1
1854	1	1	0	170803	093517.10	108.53662074	34.22326451	37.00	-0.0470	-0.0760	-0.9610	3.20	40	40	1
1855	1	1	0	170803	093517.20	108.53662725	34.22326614	37.00	0.0260	-0.0080	-1.0190	3.20	40	40	1
1856	1	1	0	170803	093517.30	108.53663366	34.22326787	37.00	0.0090	-0.0410	-1.0920	2.94	40	40	1
1857	1	1	0	170803	093517.40	108.53664006	34.22326955	37.00	0.0360	-0.0370	-1.0680	2.94	40	40	1
1858	1	1	0	170803	093517.50	108.53664644	34.22327127	35.15	-0.0220	-0.0030	-1.0150	2.94	40	39	1
1859	1	1	0	170803	093517.60	108.53665282	34.22327302	35.15	-0.0050	-0.0300	-1.0230	2.94	40	40	1
1860	1	1	0	170803	093517.70	108.53665921	34.22327475	35.15	0.0620	-0.0000	-1.0250	2.82	40	39	1
1861	1	1	0	170803	093517.80	108.53666574	34.22327639	35.15	-0.0120	0.0010	-0.9370	2.82	40	39	1
1862	1	1	0	170803	093517.90	108.53667208	34.22327810	35.15	-0.0050	-0.0410	-1.0540	2.82	40	39	1
1863	1	1	0	170803	093518.00	108.53667844	34.22327982	35.15	0.0580	-0.0120	-0.9710	2.54	40	39	1
1864	1	1	0	170803	093518.10	108.53668477	34.22328153	35.15	0.0080	-0.0660	-1.0290	2.54	40	39	1
1865	1	1	0	170803	093518.20	108.53669115	34.22328313	35.15	-0.0110	-0.0140	-0.9550	2.54	40	39	1
1866	1	1	0	170803	093518.30	108.53669744	34.22328483	35.15	0.0170	-0.0580	-0.9820	3.50	40	39	1
1867	1	1	0	170803	093518.40	108.53670380	34.22328642	35.15	0.1540	-0.0160	-0.9560	3.50	40	39	1
1868	1	1	0	170803	093518.50	108.53671015	34.22328813	35.15	0.0480	-0.0170	-1.0540	3.50	40	40	1
1869	1	1	0	170803	093518.60	108.53671649	34.22328979	35.15	0.0770	-0.0670	-0.9890	4.21	40	39	1
1870	1	1	0	170803	093518.70	108.53672285	34.22329152	35.15	0.1210	-0.0700	-0.9820	4.21	40	40	1
1871	1	1	0	170803	093518.80	108.53672927	34.22329325	35.15	0.0840	-0.0250	-0.9470	4.21	40	40	1
1872	1	1	0	170803	093518.90	108.53673566	34.22329499	37.00	0.0950	-0.0190	-0.9370	4.43	40	40	1
1873	1	1	0	170803	093519.00	108.53674206	34.22329673	37.00	0.0980	0.0850	-0.9230	4.43	40	40	1
1874	1	1	0	170803	093519.10	108.53674849	34.22329845	37.00	0.0480	-0.0490	-1.0190	4.43	40	40	1
1875	1	1	0	170803	093519.20	108.53675497	34.22330013	37.00	-0.0070	0.0100	-1.1100	3.43	40	40	1
1876	1	1	0	170803	093519.30	108.53676141	34.22330184	37.00	0.0110	0.1070	-0.9660	3.43	40	40	1
1877	1	1	0	170803	093519.40	108.53676786	34.22330350	37.00	-0.0090	0.0870	-0.9520	3.43	40	40	1
1878	1	1	0	170803	093519.50	108.53677427	34.22330520	37.00	-0.0010	-0.0220	-0.9960	2.96	40	40	1
1879	1	1	0	170803	093519.60	108.53678069	34.22330685	37.00	0.0120	0.0560	-1.0300	2.96	40	39	1
1880	1	1	0	170803	093519.70	108.53678711	34.22330848	37.00	-0.0370	-0.0570	-0.9960	2.96	40	40	1
1881	1	1	0	170803	093519.80	108.53679348	34.22331013	37.00	-0.0270	0.0180	-1.0800	2.76	40	40	1
1882	1	1	0	170803	093519.90	108.53679988	34.22331177	35.15	-0.0480	0.0700	-1.1120	2.76	40	39	1
1883	1	1	0	170803	093520.00	108.53680626	34.22331330	35.15	-0.0490	0.0070	-1.0160	2.76	40	39	1
1884	1	1	0	170803	093520.10	108.53681261	34.22331494	35.15	0.0050	0.0460	-0.9380	2.54	40	39	1
1885	1	1	0	170803	093520.20	108.53681902	34.22331647	35.15	-0.0100	-0.0460	-1.0460	2.54	40	40	1
1886	1	1	0	170803	093520.30	108.53682537	34.22331810	35.15	0.0320	-0.0140	-1.0490	2.54	40	39	1
1887	1	1	0	170803	093520.40	108.53683174	34.22331976	35.15	-0.0480	-0.1130	-1.0440	4.04	40	40	1
1888	1	1	0	170803	093520.50	108.53683813	34.22332141	35.15	-0.0460	-0.0680	-1.0360	4.04	40	39	1
1889	1	1	0	170803	093520.60	108.53684459	34.22332307	35.15	0.0070	-0.0160	-1.0490	4.04	40	40	1
1890	1	1	0	170803	093520.70	108.53685098	34.22332474	35.15	0.0520	-0.0460	-0.9150	4.58	40	40	1
1891	1	1	0	170803	093520.80	108.53685748	34.22332645	37.00	0.0300	-0.0410	-0.9690	4.58	40	40	1
1892	1	1	0	170803	093520.90	108.53686392	34.22332812	37.00	0.0490	-0.0220	-0.9780	4.58	40	40	1
1893	1	1	0	170803	093521.00	108.53687040	34.22332989	37.00	0.0260	0.0520	-1.0160	3.88	40	40	1
1894	1	1	0	170803	093521.10	108.53687683	34.22333159	37.00	0.0110	-0.0300	-0.9850	3.88	40	40	1
1895	1	1	0	170803	093521.20	108.53688337	34.22333329	37.00	0.0070	-0.0210	-1.0280	3.88	40	40	1
1896	1	1	0	170803	093521.30	108.53688983	34.22333498	37.00	0.0400	0.0080	-0.9740	3.88	40	40	1
1897	1	1	0	170803	093521.40	108.53689636	34.22333658	37.00	0.0080	0.0230	-0.9640	2.96	40	40	1
1898	1	1	0	170803	093521.50	108.53690280	34.22333824	37.00	0.0140	0.0060	-0.9810	2.96	40	39	1
1899	1	1	0	170803	093521.60	108.53690923	34.22333989	37.00	0.0650	0.0420	-0.9630	2.96	40	39	1
1900	1	1	0	170803	093521.70	108.53691567	34.22334156	37.00	-0.0410	-0.0310	-1.0460	2.77	40	39	1
1901	1	1	0	170803	093521.80	108.53692202	34.22334320	37.00	-0.0720	0.0380	-1.0140	2.77	40	39	1
1902	1	1	0	170803	093521.90	108.53692838	34.22334488	35.15	0.0240	0.0120	-0.9430	2.77	40	39	1
1903	1	1	0	170803	093522.00	108.53693484	34.22334655	35.15	0.0080	-0.0770	-1.0290	2.67	40	39	1
1904	1	1	0	170803	093522.10	108.53694119	34.22334825	35.15	0.0050	0.0090	-1.0550	2.67	40	39	1
1905	1	1	0	170803	093522.20	108.53694756	34.22334974	35.15	-0.0150	-0.0420	-1.0280	2.67	40	39	1
1906	1	1	0	170803	093522.30	108.53695390	34.22335141	35.15	0.0390	-0.0690	-0.9270	4.30	40	39	1
1907	1	1	0	170803	093522.40	108.53696027	34.22335289	35.15	-0.0500	0.0040	-1.0180	4.30	40	40	1
1908	1	1	0	170803	093522.50	108.53696662	34.22335454	35.15	-0.0280	0.0400	-1.0950	4.30	40	40	1
1909	1	1	0	170803	093522.60	108.53697276	34.22335603	35.15	0.0410	-0.0440	-1.0300	4.76	40	39	1
1910	1	1	0	170803	093522.70	108.53697911	34.22335768	35.15	0.0380	-0.0310	-1.0780	4.76	40	40	1
1911	1	1	0	170803	093522.80	108.53698535	34.22335922	35.15	0.1420	0.0080	-1.1250	4.76	40	39	1
1912	1	1	0	170803	093522.90	108.53699176	34.22336093	37.00	-0.0030	-0.0300	-1.1250	3.86	40	40	1
1913	1	1	0	170803	093523.00	108.53699838	34.22336253	37.00	-0.0320	0.0430	-0.7230	3.86	40	40	1
1914	1	1	0	170803	093523.10	108.53700474	34.22336425	37.00	0.0410	0.0610	-0.9270	3.86	40	40	1
1915	1	1	0	170803	093523.20	108.53701127	34.22336581	37.00	0.0570	-0.0070	-1.1360	3.10	40	39	1
1916	1	1	0	170803	093523.30	108.53701768	34.22336755	37.00	-0.0300	-0.0310	-1.0870	3.10	40	40	1
1917	1	1	0	170803	093523.40	108.53702421	34.22336925	37.00	0.0090	-0.0500	-0.9630	3.10	40	39	1
1918	1	1	0	170803	093523.50	108.53703061	34.22337090	37.00	-0.0160	-0.0030	-1.0110	2.82	40	39	1
1919	1	1	0	170803	093523.60	108.53703700	34.22337256	35.15	0.0040	0.0170	-0.9880	2.82	40	39	1
1920	1	1	0	170803	093523.70	108.53704338	34.22337425	35.15	-0.0040	-0.0050	-0.9520	2.82	40	39	1
1921	1	1	0	170803	093523.80	108.53704984	34.22337578	35.15	-0.0180	-0.0500	-1.0430	2.66	40	39	1
1922	1	1	0	170803	093523.90	108.53705617	34.22337744	35.15	0.0090	-0.0010	-0.9570	2.66	40	39	1
1923	1	1	0	170803	093524.00	108.53706250	34.22337883	35.15	0.0700	-0.0550	-0.9010	2.66	40	39	1
1924	1	1	0	170803	093524.10	108.53706883	34.22338051	35.15	0.1070	-0.0350	-1.0460	3.07	40	39	1
1925	1	1	0	170803	093524.20	108.53707540	34.22338213	35.15	0.0490	-0.0350	-1.0630	3.07	40	40	1
1926	1	1	0	170803	093524.30	108.53708174	34.22338381	35.15	0.0580	-0.0140	-0.9830	3.07	40	40	1
1927	1	1	0	170803	093524.40	108.53708819	34.22338545	35.15	0.0690	-0.0360	-1.0120	4.63	40	40	1
1928	1	1	0	170803	093524.50	108.53709459	34.22338714	35.15	0.0850	-0.0350	-1.0040	4.63	40	40	1
1929	1	1	0	170803	093524.60	108.53710100	34.22338893	37.00	0.0320	-0.0490	-0.9330	4.63	40	40	1
1930	1	1	0	170803	093524.70	108.53710744	34.22339062	37.00	0.0560	-0.0000	-0.9240	4.55	40	40	1
1931	1	1	0	170803	093524.80	108.53711393	34.22339252	37.00	0.0090	-0.0250	-0.8970	4.55	40	40	1
1932	1	1	0	170803	093524.90	108.53712035	34.22339422	37.00	-0.0130	-0.0370	-0.9820	4.55	40	40	1
1933	1	1	0	170803	093525.00	108.53712669	34.22339611	37.00	0.0500	-0.0060	-1.0690	3.10	40	40	1
1934	1	1	0	170803	093525.10	108.53713311	34.22339784	37.00	-0.0200	-0.0100	-1.0660	3.10	40	40	1
1935	1	1	0	170803	093525.20	108.53713945	34.22339967	37.00	0.0590	-0.0350	-0.9260	3.10	40	40	1
1936	1	1	0	170803	093525.30	108.53714587	34.22340138	37.00	-0.0140	0.0290	-0.9010	3.10	40	40	1
1937	1	1	0	170803	093525.40	108.53715218	34.22340317	37.00	-0.0940	-0.0650	-1.0800	2.66	40	40	1
1938	1	1	0	170803	093525.50	108.53715858	34.22340486	37.00	0.0730	0.0190	-0.8900	2.66	40	40	1
1939	1	1	0	170803	093525.60	108.53716493	34.22340658	37.00	0.0250	0.0000	-0.9610	2.66	40	40	1
1940	1	1	0	170803	093525.70	108.53717135	34.22340825	37.00	0.0350	0.0440	-1.0370	2.24	40	40	1
1941	1	1	0	170803	093525.80	108.53717772	34.22340988	35.15	0.0120	-0.0520	-1.0240	2.24	40	39	1
1942	1	1	0	170803	093525.90	108.53718410	34.22341159	35.15	0.0000	-0.0680	-1.0120	2.24	40	40	1
1943	1	1	0	170803	093526.00	108.53719056	34.22341326	35.15	0.0400	-0.0690	-0.8970	2.08	40	39	1
1944	1	1	0	170803	093526.10	108.53719693	34.22341493	35.15	-0.0020	-0.0490	-0.9320	2.08	40	40	1
1945	1	1	0	170803	093526.20	108.53720334	34.22341659	35.15	-0.0450	-0.0180	-1.0140	2.08	40	39	1
1946	1	1	0	170803	093526.30	108.53720971	34.22341825	35.15	0.0260	-0.0500	-1.0540	2.05	40	40	1
1947	1	1	0	170803	093526.40	108.53721612	34.22341985	35.15	-0.0090	-0.0290	-1.0580	2.05	40	39	1
1948	1	1	0	170803	093526.50	108.53722247	34.22342151	35.15	0.0540	0.0110	-1.0230	2.05	40	39	1
1949	1	1	0	170803	093526.60	108.53722888	34.22342311	35.15	0.0490	0.0130	-1.0130	1.94	40	39	1
1950	1	1	0	170803	093526.70	108.53723525	34.22342476	35.15	0.0130	-0.0260	-1.0060	1.94	40	40	1
1951	1	1	0	170803	093526.80	108.53724163	34.22342652	35.15	0.0530	0.0300	-1.0110	1.94	40	40	1
1952	1	1	0	170803	093526.90	108.53724806	34.22342812	35.15	0.0130	-0.0820	-1.0480	1.89	40	40	1
1953	1	1	0	170803	093527.00	108.53725454	34.22342969	37.00	0.0590	-0.0300	-1.0380	1.89	40	40	1
1954	1	1	0	170803	093527.10	108.53726101	34.22343130	37.00	0.0660	0.0120	-1.0690	1.89	40	40	1
1955	1	1	0	170803	093527.20	108.53726747	34.22343295	37.00	0.0590	-0.0400	-0.9910	3.42	40	40	1
1956	1	1	0	170803	093527.30	108.53727399	34.22343455	37.00	0.0040	-0.0080	-0.9500	3.42	40	40	1
1957	1	1	0	170803	093527.40	108.53728040	34.22343626	37.00	0.0420	-0.0200	-1.0850	3.42	40	40	1
1958	1	1	0	170803	093527.50	108.53728688	34.22343787	37.00	-0.0400	-0.1330	-1.0160	3.86	40	40	1
1959	1	1	0	170803	093527.60	108.53729331	34.22343952	37.00	0.0130	-0.0550	-1.0320	3.86	40	40	1
1960	1	1	0	170803	093527.70	108.53729978	34.22344111	37.00	-0.0070	0.0730	-0.8760	3.86	40	40	1
1961	1	1	0	170803	093527.80	108.53730613	34.22344266	37.00	-0.0650	0.0110	-1.0160	2.86	40	40	1
1962	1	1	0	170803	093527.90	108.53731257	34.22344425	37.00	0.0230	-0.0100	-1.0390	2.86	40	40	1
1963	1	1	0	170803	093528.00	108.53731894	34.22344575	37.00	0.0130	0.0440	-1.0650	2.86	40	40	1
1964	1	1	0	170803	093528.10	108.53732541	34.22344735	37.00	0.0280	0.0330	-0.9810	2.18	40	40	1
1965	1	1	0	170803	093528.20	108.53733182	34.22344891	37.00	-0.0290	0.0360	-0.9690	2.18	40	40	1
1966	1	1	0	170803	093528.30	108.53733824	34.22345051	35.15	-0.0370	0.0040	-0.9550	2.18	40	39	1
1967	1	1	0	170803	093528.40	108.53734462	34.22345199	35.15	0.0390	-0.0130	-0.9690	1.82	40	40	1
1968	1	1	0	170803	093528.50	108.53735103	34.22345356	35.15	-0.0100	-0.0140	-0.9500	1.82	40	39	1
1969	1	1	0	170803	093528.60	108.53735745	34.22345507	35.15	-0.0060	-0.0250	-0.9750	1.82	40	40	1
1970	1	1	0	170803	093528.70	108.53736386	34.22345664	35.15	-0.0140	-0.0350	-0.9710	1.82	40	39	1
1971	1	1	0	170803	093528.80	108.53737032	34.22345815	35.15	-0.0170	-0.0120	-1.0050	1.77	40	39	1
1972	1	1	0	170803	093528.90	108.53737668	34.22345971	35.15	0.0150	-0.0230	-0.9570	1.77	40	39	1
1973	1	1	0	170803	093529.00	108.53738312	34.22346125	35.15	0.1570	0.0290	-1.0400	1.80	40	40	1
1974	1	1	0	170803	093529.10	108.53738953	34.22346283	35.15	-0.0490	0.0110	-1.1220	1.80	40	40	1
1975	1	1	0	170803	093529.20	108.53739599	34.22346443	35.15	0.0790	0.0030	-0.9360	1.80	40	40	1
1976	1	1	0	170803	093529.30	108.53740242	34.22346600	35.15	0.0470	0.0480	-0.9940	1.80	40	40	1
1977	1	1	0	170803	093529.40	108.53740897	34.22346754	37.00	0.0280	-0.0220	-0.9400	2.25	40	40	1
1978	1	1	0	170803	093529.50	108.53741546	34.22346913	37.00	0.0490	-0.0490	-1.0880	2.25	40	40	1
1979	1	1	0	170803	093529.60	108.53742184	34.22347087	37.00	0.0040	0.0040	-0.9880	2.25	40	40	1
1980	1	1	0	170803	093529.70	108.53742833	34.22347247	37.00	0.0060	-0.0250	-0.9240	3.87	40	40	1
1981	1	1	0	170803	093529.80	108.53743480	34.22347411	37.00	0.0210	-0.0650	-0.9950	3.87	40	40	1
1982	1	1	0	170803	093529.90	108.53744125	34.22347574	37.00	0.0110	-0.1050	-0.9010	3.87	40	40	1
1983	1	1	0	170803	093530.00	108.53744764	34.22347720	37.00	0.0150	-0.0050	-0.9830	3.62	40	40	1
1984	1	1	0	170803	093530.10	108.53745412	34.22347883	37.00	0.0480	-0.0630	-0.9760	3.62	40	40	1
1985	1	1	0	170803	093530.20	108.53746064	34.22348042	37.00	-0.0310	-0.0130	-0.9790	3.62	40	40	1
1986	1	1	0	170803	093530.30	108.53746707	34.22348206	37.00	0.0240	-0.0660	-0.9350	2.43	40	40	1
1987	1	1	0	170803	093530.40	108.53747351	34.22348371	37.00	0.0010	-0.0540	-1.0140	2.43	40	40	1
1988	1	1	0	170803	093530.50	108.53747996	34.22348534	37.00	-0.0460	-0.0170	-1.0520	2.43	40	40	1
1989	1	1	0	170803	093530.60	108.53748644	34.22348693	37.00	0.0780	-0.0440	-1.0190	1.87	40	40	1
1990	1	1	0	170803	093530.70	108.53749285	34.22348857	37.00	-0.0160	-0.0440	-0.9420	1.87	40	40	1
1991	1	1	0	170803	093530.80	108.53749933	34.22349017	35.15	-0.0570	-0.0830	-0.9700	1.87	40	39	1
1992	1	1	0	170803	093530.90	108.53750572	34.22349181	35.15	0.0060	-0.0070	-0.9950	1.82	40	40	1
1993	1	1	0	170803	093531.00	108.53751217	34.22349341	35.15	-0.0440	-0.0170	-1.0000	1.82	40	39	1
1994	1	1	0	170803	093531.10	108.53751855	34.22349507	35.15	0.0480	-0.0820	-1.0540	1.82	40	39	1
1995	1	1	0	170803	093531.20	108.53752481	34.22349683	35.15	-0.0250	-0.0510	-1.0410	1.78	40	39	1
1996	1	1	0	170803	093531.30	108.53753115	34.22349848	35.15	-0.0110	-0.0420	-1.0370	1.78	40	39	1
1997	1	1	0	170803	093531.40	108.53753751	34.22350009	35.15	0.0140	0.0180	-1.0150	1.78	40	40	1
1998	1	1	0	170803	093531.50	108.53754385	34.22350171	35.15	-0.0260	-0.0550	-0.9460	1.77	40	39	1
1999	1	1	0	170803	093531.60	108.53755014	34.22350335	35.15	0.0100	-0.0100	-1.0740	1.77	40	40	1
2000	1	1	0	170803	093531.70	108.53755651	34.22350500	35.15	0.0350	0.0180	-1.0670	1.77	40	39	1
2001	1	1	0	170803	093531.80	108.53756284	34.22350665	35.15	0.0200	0.0560	-1.0690	2.93	40	40	1
2002	1	1	0	170803	093531.90	108.53756928	34.22350830	35.15	0.0320	-0.0950	-0.9880	2.93	40	40	1
2003	1	1	0	170803	093532.00	108.53757564	34.22351006	37.00	0.0180	0.0650	-1.0180	2.93	40	40	1
2004	1	1	0	170803	093532.10	108.53758212	34.22351168	37.00	0.0560	0.0030	-1.0200	3.96	40	40	1
2005	1	1	0	170803	093532.20	108.53758865	34.22351338	37.00	0.0500	0.0480	-0.9630	3.96	40	40	1
2006	1	1	0	170803	093532.30	108.53759511	34.22351503	37.00	-0.0390	0.0370	-0.9520	3.96	40	40	1
2007	1	1	0	170803	093532.40	108.53760167	34.22351665	37.00	0.0060	0.1360	-1.0830	2.67	40	40	1
2008	1	1	0	170803	093532.50	108.53760816	34.22351832	37.00	-0.0050	-0.0910	-1.0560	2.67	40	40	1
2009	1	1	0	170803	093532.60	108.53761467	34.22351995	37.00	0.0020	-0.0310	-0.9870	2.67	40	40	1
2010	1	1	0	170803	093532.70	108.53762115	34.22352159	37.00	0.0520	-0.0310	-1.0390	2.18	40	40	1
2011	1	1	0	170803	093532.80	108.53762761	34.22352309	37.00	0.0300	-0.0160	-0.9890	2.18	40	40	1
2012	1	1	0	170803	093532.90	108.53763408	34.22352474	37.00	0.0270	-0.0040	-1.0040	2.18	40	40	1
2013	1	1	0	170803	093533.00	108.53764026	34.22352658	37.00	-0.0020	-0.0200	-0.9920	1.86	40	40	1
2014	1	1	0	170803	093533.10	108.53764674	34.22352820	37.00	-0.0350	-0.0430	-0.9610	1.86	40	40	1
2015	1	1	0	170803	093533.20	108.53765296	34.22352996	37.00	0.0170	0.0200	-0.9400	1.86	40	40	1
2016	1	1	0	170803	093533.30	108.53765940	34.22353156	37.00	0.0230	-0.1690	-1.0580	1.81	40	40	1
2017	1	1	0	170803	093533.40	108.53766561	34.22353328	37.00	-0.0020	-0.0120	-1.0920	1.81	40	39	1
2018	1	1	0	170803	093533.50	108.53767204	34.22353489	35.15	0.0110	-0.0300	-1.1050	1.81	40	40	1
2019	1	1	0	170803	093533.60	108.53767832	34.22353653	35.15	0.0340	-0.0440	-0.9420	1.81	40	39	1
2020	1	1	0	170803	093533.70	108.53768474	34.22353814	35.15	0.0320	0.0190	-0.9890	1.90	40	40	1
2021	1	1	0	170803	093533.80	108.53769134	34.22353949	35.15	0.0080	-0.0240	-0.9770	1.90	40	39	1
2022	1	1	0	170803	093533.90	108.53769772	34.22354110	35.15	0.0150	-0.0310	-0.9500	1.90	40	40	1
2023	1	1	0	170803	093534.00	108.53770424	34.22354248	35.15	0.0170	0.0080	-1.0510	1.92	40	39	1
2024	1	1	0	170803	093534.10	108.53771063	34.22354409	35.15	0.0440	0.0200	-0.9700	1.92	40	40	1
2025	1	1	0	170803	093534.20	108.53771726	34.22354552	35.15	0.0300	-0.0450	-0.9700	1.92	40	40	1
2026	1	1	0	170803	093534.30	108.53772368	34.22354713	35.15	0.0750	0.0160	-0.8710	2.52	40	40	1
2027	1	1	0	170803	093534.40	108.53773035	34.22354860	35.15	-0.0010	-0.0440	-1.0760	2.52	40	40	1
2028	1	1	0	170803	093534.50	108.53773679	34.22355024	37.00	0.0430	-0.0810	-1.0220	2.52	40	40	1
2029	1	1	0	170803	093534.60	108.53774347	34.22355178	37.00	-0.0080	-0.0580	-1.0730	3.93	40	40	1
2030	1	1	0	170803	093534.70	108.53774995	34.22355343	37.00	0.0740	-0.0490	-1.0110	3.93	40	40	1
2031	1	1	0	170803	093534.80	108.53775657	34.22355509	37.00	-0.0310	-0.0130	-1.0120	3.93	40	40	1
2032	1	1	0	170803	093534.90	108.53776305	34.22355674	37.00	-0.0100	-0.0390	-0.9930	4.30	40	40	1
2033	1	1	0	170803	093535.00	108.53776964	34.22355841	37.00	-0.0000	-0.0290	-0.9930	4.30	40	40	1
2034	1	1	0	170803	093535.10	108.53777614	34.22356007	37.00	0.0180	-0.0270	-1.0200	4.30	40	40	1
2035	1	1	0	170803	093535.20	108.53778261	34.22356171	37.00	0.0040	-0.0150	-0.9330	3.01	40	40	1
2036	1	1	0	170803	093535.30	108.53778908	34.22356338	37.00	-0.0240	0.0330	-1.0230	3.01	40	40	1
2037	1	1	0	170803	093535.40	108.53779548	34.22356502	37.00	0.0060	0.0060	-0.9370	3.01	40	40	1
2038	1	1	0	170803	093535.50	108.53780192	34.22356666	37.00	-0.0520	0.0240	-0.9650	2.62	40	40	1
2039	1	1	0	170803	093535.60	108.53780828	34.22356830	37.00	0.0260	0.0340	-1.0330	2.62	40	40	1
2040	1	1	0	170803	093535.70	108.53781472	34.22356994	37.00	-0.0110	0.0180	-1.0160	2.62	40	39	1
2041	1	1	0	170803	093535.80	108.53782107	34.22357154	35.15	-0.0460	-0.0350	-1.0060	2.29	40	39	1
2042	1	1	0	170803	093535.90	108.53782744	34.22357318	35.15	0.0160	-0.0180	-0.9540	2.29	40	39	1
2043	1	1	0	170803	093536.00	108.53783379	34.22357477	35.15	-0.0170	-0.0120	-1.0520	2.29	40	39	1
2044	1	1	0	170803	093536.10	108.53784017	34.22357641	35.15	-0.0400	-0.0320	-1.0190	2.55	40	39	1
2045	1	1	0	170803	093536.20	108.53784650	34.22357803	35.15	0.0060	0.0240	-1.0170	2.55	40	39	1
2046	1	1	0	170803	093536.30	108.53785285	34.22357964	35.15	0.0050	-0.0310	-1.0170	2.55	40	39	1
2047	1	1	0	170803	093536.40	108.53785924	34.22358125	35.15	0.0880	0.0070	-0.9400	3.96	40	39	1
2048	1	1	0	170803	093536.50	108.53786560	34.22358287	35.15	0.1070	0.0350	-1.0540	3.96	40	39	1
2049	1	1	0	170803	093536.60	108.53787204	34.22358450	35.15	0.0930	-0.0740	-0.9800	3.96	40	40	1
2050	1	1	0	170803	093536.70	108.53787845	34.22358612	35.15	0.0340	0.0330	-1.0400	4.32	40	40	1
2051	1	1	0	170803	093536.80	108.53788501	34.22358772	35.15	0.0300	-0.0730	-1.0390	4.32	40	40	1
2052	1	1	0	170803	093536.90	108.53789145	34.22358932	35.15	0.1340	-0.0010	-1.0170	4.32	40	40	1
2053	1	1	0	170803	093537.00	108.53789808	34.22359092	37.00	-0.0140	-0.0290	-1.0260	3.47	40	40	1
2054	1	1	0	170803	093537.10	108.53790456	34.22359254	37.00	0.0320	-0.0410	-1.0660	3.47	40	40	1
2055	1	1	0	170803	093537.20	108.53791118	34.22359402	37.00	-0.0070	-0.0330	-0.9730	3.47	40	40	1
2056	1	1	0	170803	093537.30	108.53791765	34.22359563	37.00	0.0340	-0.0510	-1.0070	3.47	40	40	1
2057	1	1	0	170803	093537.40	108.53792429	34.22359704	37.00	0.0040	-0.0010	-0.9660	2.70	40	40	1
2058	1	1	0	170803	093537.50	108.53793073	34.22359866	37.00	-0.0560	-0.0330	-0.9930	2.70	40	40	1
2059	1	1	0	170803	093537.60	108.53793723	34.22360016	37.00	0.0220	-0.0150	-0.9530	2.70	40	39	1
2060	1	1	0	170803	093537.70	108.53794366	34.22360177	37.00	-0.0290	0.0060	-0.9700	2.40	40	40	1
2061	1	1	0	170803	093537.80	108.53795010	34.22360331	37.00	-0.0440	-0.0520	-0.9790	2.40	40	39	1
2062	1	1	0	170803	093537.90	108.53795652	34.22360491	35.15	0.0360	-0.0590	-1.0360	2.40	40	40	1
2063	1	1	0	170803	093538.00	108.53796299	34.22360636	35.15	-0.0430	-0.0840	-1.0200	2.10	40	39	1
2064	1	1	0	170803	093538.10	108.53796935	34.22360797	35.15	-0.0080	-0.0290	-0.9310	2.10	40	39	1
2065	1	1	0	170803	093538.20	108.53797573	34.22360943	35.15	0.0260	-0.0710	-1.0450	2.10	40	39	1
2066	1	1	0	170803	093538.30	108.53798210	34.22361106	35.15	-0.0060	-0.0820	-1.0590	2.00	40	39	1
2067	1	1	0	170803	093538.40	108.53798851	34.22361254	35.15	-0.1100	-0.1260	-1.0620	2.00	40	39	1
2068	1	1	0	170803	093538.50	108.53799490	34.22361420	35.15	-0.0560	-0.0800	-0.9560	2.00	40	40	1
2069	1	1	0	170803	093538.60	108.53800137	34.22361576	35.15	-0.0200	-0.0750	-1.0030	3.32	40	40	1
2070	1	1	0	170803	093538.70	108.53800778	34.22361744	37.00	0.0170	-0.1270	-1.0570	3.32	40	40	1
2071	1	1	0	170803	093538.80	108.53801425	34.22361907	37.00	0.0440	0.0310	-0.9990	3.32	40	40	1
2072	1	1	0	170803	093538.90	108.53802071	34.22362075	37.00	0.0330	-0.0770	-0.9810	4.17	40	40	1
2073	1	1	0	170803	093539.00	108.53802737	34.22362224	37.00	0.0420	0.0210	-1.0140	4.17	40	40	1
2074	1	1	0	170803	093539.10	108.53803384	34.22362390	37.00	-0.0050	-0.0260	-1.0060	4.17	40	40	1
2075	1	1	0	170803	093539.20	108.53804044	34.22362546	37.00	-0.0300	0.0140	-1.0110	4.09	40	40	1
2076	1	1	0	170803	093539.30	108.53804688	34.22362714	37.00	-0.0190	-0.0000	-0.9410	4.09	40	40	1
2077	1	1	0	170803	093539.40	108.53805346	34.22362871	37.00	0.0060	-0.0270	-0.9810	4.09	40	40	1
2078	1	1	0	170803	093539.50	108.53805989	34.22363038	37.00	0.0010	-0.0650	-1.0910	2.97	40	39	1
2079	1	1	0	170803	093539.60	108.53806643	34.22363201	37.00	0.0350	0.0140	-0.9750	2.97	40	40	1
2080	1	1	0	170803	093539.70	108.53807284	34.22363369	37.00	-0.0550	-0.0350	-1.0000	2.97	40	39	1
2081	1	1	0	170803	093539.80	108.53807933	34.22363532	37.00	-0.0310	0.0510	-0.9870	2.65	40	40	1
2082	1	1	0	170803	093539.90	108.53808569	34.22363702	35.15	0.0280	-0.0190	-0.9530	2.65	40	39	1
2083	1	1	0	170803	093540.00	108.53809208	34.22363869	35.15	-0.0100	0.0750	-1.0300	2.65	40	39	1
2084	1	1	0	170803	093540.10	108.53809842	34.22364039	35.15	-0.0140	-0.0120	-1.0470	2.31	40	39	1
2085	1	1	0	170803	093540.20	108.53810471	34.22364214	35.15	0.0380	-0.0260	-0.9840	2.31	40	39	1
2086	1	1	0	170803	093540.30	108.53811106	34.22364386	35.15	-0.0220	0.0340	-0.9710	2.31	40	39	1
2087	1	1	0	170803	093540.40	108.53811695	34.22364587	35.15	-0.0030	-0.0230	-0.9120	2.08	40	39	1
2088	1	1	0	170803	093540.50	108.53812326	34.22364763	35.15	0.1420	-0.0400	-0.9580	2.08	40	39	1
2089	1	1	0	170803	093540.60	108.53812933	34.22364966	35.15	0.0650	-0.0470	-0.9460	2.08	40	40	1
2090	1	1	0	170803	093540.70	108.53813569	34.22365142	35.15	0.1010	-0.0060	-1.0290	2.79	40	40	1
2091	1	1	0	170803	093540.80	108.53814189	34.22365339	35.15	0.0180	0.0360	-1.0030	2.79	40	40	1
2092	1	1	0	170803	093540.90	108.53814827	34.22365517	37.00	0.0150	-0.0420	-1.0610	2.79	40	40	1
2093	1	1	0	170803	093541.00	108.53815459	34.22365712	37.00	0.0220	0.0080	-1.1270	4.15	40	40	1
2094	1	1	0	170803	093541.10	108.53816102	34.22365889	37.00	0.0260	-0.0300	-0.9790	4.15	40	40	1
2095	1	1	0	170803	093541.20	108.53816743	34.22366077	37.00	0.0030	-0.0310	-0.9500	4.15	40	40	1
2096	1	1	0	170803	093541.30	108.53817387	34.22366253	37.00	-0.0110	0.0530	-1.0340	4.27	40	40	1
2097	1	1	0	170803	093541.40	108.53818030	34.22366433	37.00	-0.0040	0.0130	-0.9780	4.27	40	40	1
2098	1	1	0	170803	093541.50	108.53818670	34.22366607	37.00	-0.0290	-0.0320	-0.9320	4.27	40	40	1
2099	1	1	0	170803	093541.60	108.53819308	34.22366788	37.00	-0.0500	0.0350	-1.0080	4.27	40	39	1
2100	1	1	0	170803	093541.70	108.53819948	34.22366960	37.00	0.0180	-0.0830	-1.0260	3.32	40	40	1
2101	1	1	0	170803	093541.80	108.53820588	34.22367134	35.15	-0.0490	-0.0080	-0.9730	3.32	40	39	1
2102	1	1	0	170803	093541.90	108.53821225	34.22367306	35.15	0.0310	0.0010	-1.0130	3.32	40	40	1
2103	1	1	0	170803	093542.00	108.53821867	34.22367480	35.15	-0.0530	-0.0150	-1.0380	2.83	40	39	1
2104	1	1	0	170803	093542.10	108.53822499	34.22367654	35.15	0.0520	-0.0640	-0.9860	2.83	40	39	1
2105	1	1	0	170803	093542.20	108.53823126	34.22367831	35.15	-0.0250	-0.0160	-0.9150	2.83	40	39	1
2106	1	1	0	170803	093542.30	108.53823760	34.22368004	35.15	0.0300	0.0160	-1.0190	2.49	40	39	1
2107	1	1	0	170803	093542.40	108.53824382	34.22368183	35.15	0.1140	0.0160	-1.0100	2.49	40	39	1
2108	1	1	0	170803	093542.50	108.53825015	34.22368357	35.15	-0.0710	0.0090	-1.0340	2.49	40	40	1
2109	1	1	0	170803	093542.60	108.53825642	34.22368536	35.15	0.0150	-0.0420	-0.9820	2.30	40	40	1
2110	1	1	0	170803	093542.70	108.53826278	34.22368714	35.15	0.0420	-0.0340	-1.0170	2.30	40	40	1
2111	1	1	0	170803	093542.80	108.53826911	34.22368892	35.15	0.0870	-0.0190	-0.9910	2.30	40	40	1
2112	1	1	0	170803	093542.90	108.53827551	34.22369069	37.00	-0.0190	-0.0360	-1.0150	3.97	40	40	1
2113	1	1	0	170803	093543.00	108.53828186	34.22369251	37.00	0.0340	-0.0510	-0.9700	3.97	40	40	1
2114	1	1	0	170803	093543.10	108.53828828	34.22369429	37.00	0.0390	-0.0260	-1.0060	3.97	40	40	1
2115	1	1	0	170803	093543.20	108.53829472	34.22369613	37.00	0.0130	-0.0710	-0.9790	4.43	40	40	1
2116	1	1	0	170803	093543.30	108.53830113	34.22369792	37.00	0.0500	0.0410	-0.9640	4.43	40	40	1
2117	1	1	0	170803	093543.40	108.53830746	34.22369984	37.00	0.0270	-0.0260	-0.9710	4.43	40	40	1
2118	1	1	0	170803	093543.50	108.53831385	34.22370161	37.00	0.0280	-0.0620	-0.9400	3.88	40	40	1
2119	1	1	0	170803	093543.60	108.53832016	34.22370356	37.00	0.0190	-0.0160	-1.0430	3.88	40	40	1
2120	1	1	0	170803	093543.70	108.53832651	34.22370534	37.00	-0.0450	-0.0370	-0.9690	3.88	40	39	1
2121	1	1	0	170803	093543.80	108.53833276	34.22370709	35.15	0.0230	-0.0040	-1.0100	2.87	40	39	1
2122	1	1	0	170803	093543.90	108.53833910	34.22370888	35.15	-0.0020	-0.0070	-0.9570	2.87	40	39	1
2123	1	1	0	170803	093544.00	108.53834534	34.22371064	35.15	0.0060	-0.0280	-0.9710	2.87	40	39	1
2124	1	1	0	170803	093544.10	108.53835165	34.22371241	35.15	0.0130	-0.0420	-1.0140	2.53	40	39	1
2125	1	1	0	170803	093544.20	108.53835798	34.22371429	35.15	0.0390	-0.0150	-1.0430	2.53	40	39	1
2126	1	1	0	170803	093544.30	108.53836426	34.22371606	35.15	0.0170	-0.0060	-0.9360	2.53	40	39	1
2127	1	1	0	170803	093544.40	108.53837060	34.22371794	35.15	0.1650	0.0020	-1.0220	2.25	40	39	1
2128	1	1	0	170803	093544.50	108.53837690	34.22371973	35.15	-0.0270	-0.0620	-1.0790	2.25	40	40	1
2129	1	1	0	170803	093544.60	108.53838318	34.22372151	35.15	0.1310	0.0620	-1.0090	2.25	40	40	1
2130	1	1	0	170803	093544.70	108.53838952	34.22372332	35.15	0.0120	-0.0750	-1.0030	3.01	40	40	1
2131	1	1	0	170803	093544.80	108.53839594	34.22372505	35.15	0.0780	-0.0020	-0.9660	3.01	40	40	1
2132	1	1	0	170803	093544.90	108.53840233	34.22372688	37.00	0.0630	-0.0500	-0.9860	3.01	40	40	1
2133	1	1	0	170803	093545.00	108.53840870	34.22372867	37.00	-0.0190	0.0350	-1.0470	4.25	40	40	1
2134	1	1	0	170803	093545.10	108.53841511	34.22373049	37.00	0.0740	-0.0500	-0.9330	4.25	40	40	1
2135	1	1	0	170803	093545.20	108.53842156	34.22373236	37.00	-0.0280	-0.0180	-0.9820	4.25	40	40	1
2136	1	1	0	170803	093545.30	108.53842795	34.22373418	37.00	0.0000	-0.0260	-1.0900	4.25	40	40	1
2137	1	1	0	170803	093545.40	108.53843434	34.22373600	37.00	0.0530	0.0940	-0.9640	3.81	40	40	1
2138	1	1	0	170803	093545.50	108.53844073	34.22373780	37.00	-0.0180	0.0150	-0.9560	3.81	40	40	1
2139	1	1	0	170803	093545.60	108.53844710	34.22373968	37.00	0.0250	-0.0230	-1.0710	3.81	40	40	1
2140	1	1	0	170803	093545.70	108.53845347	34.22374147	37.00	-0.0500	0.1060	-0.9750	2.81	40	40	1
2141	1	1	0	170803	093545.80	108.53845987	34.22374327	37.00	-0.0280	0.0020	-0.9920	2.81	40	39	1
2142	1	1	0	170803	093545.90	108.53846621	34.22374505	35.15	-0.0190	-0.1270	-1.0450	2.81	40	40	1
2143	1	1	0	170803	093546.00	108.53847253	34.22374676	35.15	-0.0230	0.0380	-1.0380	2.50	40	39	1
2144	1	1	0	170803	093546.10	108.53847887	34.22374852	35.15	0.0540	0.0150	-1.0040	2.50	40	39	1
2145	1	1	0	170803	093546.20	108.53848519	34.22375031	35.15	-0.0180	-0.0280	-1.0180	2.50	40	39	1
2146	1	1	0	170803	093546.30	108.53849150	34.22375208	35.15	0.0100	0.0600	-1.0130	2.41	40	39	1
2147	1	1	0	170803	093546.40	108.53849779	34.22375383	35.15	-0.0320	-0.0410	-1.0130	2.41	40	40	1
2148	1	1	0	170803	093546.50	108.53850408	34.22375560	35.15	0.0260	0.0370	-0.9020	2.41	40	39	1
2149	1	1	0	170803	093546.60	108.53851039	34.22375743	35.15	-0.0850	0.0150	-1.0070	3.99	40	40	1
2150	1	1	0	170803	093546.70	108.53851674	34.22375919	35.15	0.0830	0.0230	-1.0860	3.99	40	40	1
2151	1	1	0	170803	093546.80	108.53852313	34.22376103	35.15	0.0120	-0.0120	-0.9890	3.99	40	40	1
2152	1	1	0	170803	093546.90	108.53852950	34.22376283	35.15	0.0330	0.0040	-0.9880	4.39	40	40	1
2153	1	1	0	170803	093547.00	108.53853591	34.22376461	37.00	0.0810	-0.0090	-0.9720	4.39	40	40	1
2154	1	1	0	170803	093547.10	108.53854234	34.22376640	37.00	0.0220	-0.0060	-1.0150	4.39	40	40	1
2155	1	1	0	170803	093547.20	108.53854878	34.22376819	37.00	0.0040	0.0030	-1.0160	4.24	40	40	1
2156	1	1	0	170803	093547.30	108.53855520	34.22377000	37.00	0.0630	0.0270	-0.9660	4.24	40	40	1
2157	1	1	0	170803	093547.40	108.53856164	34.22377180	37.00	-0.0040	-0.0040	-1.0430	4.24	40	40	1
2158	1	1	0	170803	093547.50	108.53856805	34.22377360	37.00	-0.0010	-0.0180	-0.9320	3.10	40	40	1
2159	1	1	0	170803	093547.60	108.53857444	34.22377537	37.00	0.0260	0.0030	-1.0850	3.10	40	40	1
2160	1	1	0	170803	093547.70	108.53858090	34.22377717	37.00	0.0230	-0.0390	-1.0390	3.10	40	40	1
2161	1	1	0	170803	093547.80	108.53858730	34.22377895	37.00	-0.0610	-0.0550	-0.9400	2.71	40	40	1
2162	1	1	0	170803	093547.90	108.53859369	34.22378075	37.00	0.0540	-0.0090	-0.9670	2.71	40	40	1
2163	1	1	0	170803	093548.00	108.53860010	34.22378260	37.00	0.0330	0.0040	-1.0720	2.71	40	40	1
2164	1	1	0	170803	093548.10	108.53860651	34.22378441	37.00	-0.0220	0.0440	-1.0290	2.14	40	40	1
2165	1	1	0	170803	093548.20	108.53861283	34.22378621	37.00	0.0070	0.0410	-0.9480	2.14	40	40	1
2166	1	1	0	170803	093548.30	108.53861921	34.22378800	37.00	0.0440	-0.0100	-0.9310	2.14	40	40	1
2167	1	1	0	170803	093548.40	108.53862549	34.22378997	37.00	0.0060	-0.0230	-0.9760	1.83	40	39	1
2168	1	1	0	170803	093548.50	108.53863186	34.22379175	37.00	0.0080	0.0370	-1.0240	1.83	40	40	1
2169	1	1	0	170803	093548.60	108.53863820	34.22379349	35.15	-0.0200	0.0050	-1.0500	1.83	40	39	1
2170	1	1	0	170803	093548.70	108.53864455	34.22379526	35.15	-0.0900	-0.0130	-1.0260	1.77	40	40	1
2171	1	1	0	170803	093548.80	108.53865089	34.22379704	35.15	-0.0020	-0.0010	-0.9730	1.77	40	39	1
2172	1	1	0	170803	093548.90	108.53865721	34.22379882	35.15	0.0260	-0.0720	-0.9870	1.77	40	40	1
2173	1	1	0	170803	093549.00	108.53866339	34.22380092	35.15	0.0200	-0.0370	-0.9270	2.50	40	39	1
2174	1	1	0	170803	093549.10	108.53866972	34.22380271	35.15	0.0760	-0.0180	-1.0350	2.50	40	40	1
2175	1	1	0	170803	093549.20	108.53867593	34.22380474	35.15	0.0810	0.0370	-1.0070	2.50	40	40	1
2176	1	1	0	170803	093549.30	108.53868227	34.22380652	35.15	0.0100	-0.0180	-0.9760	3.75	40	40	1
2177	1	1	0	170803	093549.40	108.53868855	34.22380850	35.15	0.0690	-0.0220	-0.9250	3.75	40	40	1
2178	1	1	0	170803	093549.50	108.53869492	34.22381030	37.00	0.0510	0.0020	-0.9650	3.75	40	40	1
2179	1	1	0	170803	093549.60	108.53870132	34.22381234	37.00	0.0140	-0.0520	-1.0750	3.75	40	40	1
2180	1	1	0	170803	093549.70	108.53870773	34.22381415	37.00	0.0260	0.0460	-1.0360	3.54	40	40	1
2181	1	1	0	170803	093549.80	108.53871412	34.22381610	37.00	-0.0230	-0.0460	-1.0280	3.54	40	40	1
2182	1	1	0	170803	093549.90	108.53872055	34.22381792	37.00	0.0450	0.0410	-1.0010	3.54	40	40	1
2183	1	1	0	170803	093550.00	108.53872689	34.22381986	37.00	-0.0320	-0.0430	-0.9900	2.23	40	40	1
2184	1	1	0	170803	093550.10	108.53873330	34.22382167	37.00	-0.0250	-0.0220	-1.0200	2.23	40	40	1
2185	1	1	0	170803	093550.20	108.53873966	34.22382369	37.00	0.0790	0.0100	-0.9260	2.23	40	40	1
2186	1	1	0	170803	093550.30	108.53874607	34.22382549	37.00	-0.0610	0.0880	-1.0720	1.87	40	40	1
2187	1	1	0	170803	093550.40	108.53875232	34.22382738	37.00	0.0580	0.0330	-0.9050	1.87	40	40	1
2188	1	1	0	170803	093550.50	108.53875871	34.22382919	37.00	-0.0060	-0.0370	-0.9800	1.87	40	40	1
2189	1	1	0	170803	093550.60	108.53876500	34.22383104	37.00	-0.0010	0.0330	-1.1060	1.81	40	40	1
2190	1	1	0	170803	093550.70	108.53877139	34.22383283	37.00	0.0100	-0.0130	-0.9860	1.81	40	40	1
2191	1	1	0	170803	093550.80	108.53877772	34.22383465	37.00	-0.0710	0.0600	-1.0140	1.81	40	40	1
2192	1	1	0	170803	093550.90	108.53878406	34.22383642	37.00	0.0040	-0.0120	-1.0050	1.80	40	40	1
2193	1	1	0	170803	093551.00	108.53879044	34.22383821	35.15	0.0240	0.0020	-1.0820	1.80	40	39	1
2194	1	1	0	170803	093551.10	108.53879681	34.22384000	35.15	-0.0460	0.0180	-1.0910	1.80	40	39	1
2195	1	1	0	170803	093551.20	108.53880316	34.22384173	35.15	0.0190	-0.0040	-0.9580	1.78	40	39	1
2196	1	1	0	170803	093551.30	108.53880948	34.22384350	35.15	-0.0040	0.0340	-0.9650	1.78	40	39	1
2197	1	1	0	170803	093551.40	108.53881575	34.22384526	35.15	0.0210	-0.0420	-1.0350	1.78	40	39	1
2198	1	1	0	170803	093551.50	108.53882209	34.22384704	35.15	-0.0130	-0.0290	-0.9560	3.34	40	39	1
2199	1	1	0	170803	093551.60	108.53882834	34.22384880	35.15	-0.0380	-0.0150	-0.9620	3.34	40	39	1
2200	1	1	0	170803	093551.70	108.53883466	34.22385055	35.15	-0.0300	-0.0250	-1.0390	3.34	40	39	1
2201	1	1	0	170803	093551.80	108.53884095	34.22385229	35.15	-0.0390	0.0030	-1.0520	3.82	40	40	1
2202	1	1	0	170803	093551.90	108.53884730	34.22385406	35.15	0.0170	-0.0110	-1.0110	3.82	40	40	1
2203	1	1	0	170803	093552.00	108.53885366	34.22385583	35.15	0.0280	-0.0450	-1.0230	3.82	40	40	1
2204	1	1	0	170803	093552.10	108.53886007	34.22385762	37.00	0.0070	-0.0370	-1.0500	2.91	40	40	1
2205	1	1	0	170803	093552.20	108.53886649	34.22385937	37.00	0.0130	-0.0270	-0.9440	2.91	40	40	1
2206	1	1	0	170803	093552.30	108.53887294	34.22386116	37.00	-0.0030	-0.0090	-1.0570	2.91	40	40	1
2207	1	1	0	170803	093552.40	108.53887939	34.22386293	37.00	0.0190	0.0070	-1.0350	2.27	40	40	1
2208	1	1	0	170803	093552.50	108.53888584	34.22386473	37.00	-0.0390	-0.0760	-1.0110	2.27	40	40	1
2209	1	1	0	170803	093552.60	108.53889224	34.22386653	37.00	0.0440	-0.0400	-0.9770	2.27	40	40	1
2210	1	1	0	170803	093552.70	108.53889869	34.22386834	37.00	-0.0370	0.0070	-0.9710	1.92	40	40	1
2211	1	1	0	170803	093552.80	108.53890510	34.22387013	37.00	0.0070	-0.0500	-0.9500	1.92	40	40	1
2212	1	1	0	170803	093552.90	108.53891153	34.22387192	37.00	0.0330	-0.0240	-0.9950	1.92	40	40	1
2213	1	1	0	170803	093553.00	108.53891799	34.22387367	37.00	0.0020	-0.0040	-0.9520	1.84	40	40	1
2214	1	1	0	170803	093553.10	108.53892441	34.22387546	37.00	0.0270	-0.0700	-0.9430	1.84	40	40	1
2215	1	1	0	170803	093553.20	108.53893079	34.22387719	37.00	-0.0210	-0.0100	-0.9830	1.84	40	40	1
2216	1	1	0	170803	093553.30	108.53893717	34.22387899	37.00	-0.0300	-0.0130	-1.0060	1.83	40	40	1
2217	1	1	0	170803	093553.40	108.53894352	34.22388076	37.00	-0.0470	0.0050	-1.0850	1.83	40	40	1
2218	1	1	0	170803	093553.50	108.53894987	34.22388255	37.00	0.0050	-0.0160	-0.9520	1.83	40	39	1
2219	1	1	0	170803	093553.60	108.53895624	34.22388431	35.15	-0.0750	-0.0850	-1.0070	1.83	40	39	1
2220	1	1	0	170803	093553.70	108.53896257	34.22388610	35.15	-0.0180	-0.0360	-1.0090	1.80	40	39	1
2221	1	1	0	170803	093553.80	108.53896898	34.22388787	35.15	-0.0400	0.0280	-1.0470	1.80	40	39	1
2222	1	1	0	170803	093553.90	108.53897530	34.22388967	35.15	-0.0140	-0.0530	-1.0370	1.80	40	39	1
2223	1	1	0	170803	093554.00	108.53898152	34.22389143	35.15	0.0320	-0.0270	-0.9840	2.73	40	40	1
2224	1	1	0	170803	093554.10	108.53898781	34.22389325	35.15	-0.0130	-0.0120	-1.0210	2.73	40	39	1
2225	1	1	0	170803	093554.20	108.53899407	34.22389503	35.15	0.0620	0.0100	-0.9970	2.73	40	40	1
2226	1	1	0	170803	093554.30	108.53900042	34.22389684	35.15	0.0220	-0.0270	-1.0480	3.85	40	40	1
2227	1	1	0	170803	093554.40	108.53900676	34.22389866	35.15	0.0600	-0.0850	-0.9250	3.85	40	40	1
2228	1	1	0	170803	093554.50	108.53901313	34.22390048	37.00	0.0600	0.0460	-0.9310	3.85	40	40	1
2229	1	1	0	170803	093554.60	108.53901953	34.22390228	37.00	0.0640	-0.0070	-0.9950	3.66	40	40	1
2230	1	1	0	170803	093554.70	108.53902598	34.22390412	37.00	0.0360	-0.0110	-1.0830	3.66	40	40	1
2231	1	1	0	170803	093554.80	108.53903242	34.22390594	37.00	0.0140	-0.0590	-0.9870	3.66	40	40	1
2232	1	1	0	170803	093554.90	108.53903884	34.22390777	37.00	0.0500	0.0380	-0.9550	2.75	40	40	1
2233	1	1	0	170803	093555.00	108.53904544	34.22390962	37.00	-0.0030	-0.0640	-0.9130	2.75	40	40	1
2234	1	1	0	170803	093555.10	108.53905184	34.22391145	37.00	-0.0160	-0.0480	-0.9650	2.75	40	40	1
2235	1	1	0	170803	093555.20	108.53905832	34.22391323	37.00	0.0370	-0.0440	-1.0590	2.03	40	40	1
2236	1	1	0	170803	093555.30	108.53906473	34.22391506	37.00	0.0100	-0.0050	-1.0540	2.03	40	40	1
2237	1	1	0	170803	093555.40	108.53907125	34.22391675	37.00	0.0150	0.0000	-0.9840	2.03	40	40	1
2238	1	1	0	170803	093555.50	108.53907762	34.22391859	37.00	-0.0200	-0.0480	-0.9750	1.88	40	40	1
2239	1	1	0	170803	093555.60	108.53908413	34.22392025	37.00	0.0080	0.0690	-1.0130	1.88	40	40	1
2240	1	1	0	170803	093555.70	108.53909052	34.22392206	37.00	-0.0030	-0.0290	-0.9910	1.88	40	40	1
2241	1	1	0	170803	093555.80	108.53909688	34.22392374	37.00	0.0540	-0.0290	-0.9200	1.85	40	40	1
2242	1	1	0	170803	093555.90	108.53910324	34.22392557	37.00	0.0040	-0.0230	-0.9750	1.85	40	40	1
2243	1	1	0	170803	093556.00	108.53910957	34.22392733	37.00	-0.0310	-0.0210	-0.9430	1.85	40	39	1
2244	1	1	0	170803	093556.10	108.53911588	34.22392912	35.15	-0.0130	-0.0120	-0.9590	1.77	40	39	1
2245	1	1	0	170803	093556.20	108.53912216	34.22393090	35.15	-0.0010	0.0060	-0.9740	1.77	40	39	1
2246	1	1	0	170803	093556.30	108.53912845	34.22393271	35.15	0.0030	-0.0390	-1.0930	1.77	40	39	1
2247	1	1	0	170803	093556.40	108.53913470	34.22393446	35.15	0.0190	-0.0530	-1.1020	1.97	40	39	1
2248	1	1	0	170803	093556.50	108.53914098	34.22393628	35.15	-0.0550	-0.0000	-0.9080	1.97	40	40	1
2249	1	1	0	170803	093556.60	108.53914725	34.22393808	35.15	0.1500	-0.0550	-1.0440	1.97	40	39	1
2250	1	1	0	170803	093556.70	108.53915358	34.22393991	35.15	-0.0510	-0.0310	-1.0490	3.61	40	40	1
2251	1	1	0	170803	093556.80	108.53915989	34.22394170	35.15	0.0470	-0.0010	-1.0280	3.61	40	40	1
2252	1	1	0	170803	093556.90	108.53916623	34.22394357	35.15	0.0170	-0.0810	-1.0420	3.61	40	40	1
2253	1	1	0	170803	093557.00	108.53917266	34.22394527	37.00	0.0820	-0.0330	-1.0370	3.82	40	40	1
2254	1	1	0	170803	093557.10	108.53917903	34.22394714	37.00	0.0070	0.0320	-0.9430	3.82	40	40	1
2255	1	1	0	170803	093557.20	108.53918544	34.22394883	37.00	0.0000	0.0140	-0.9550	3.82	40	40	1
2256	1	1	0	170803	093557.30	108.53919184	34.22395069	37.00	0.0740	-0.0620	-0.9260	2.77	40	40	1
2257	1	1	0	170803	093557.40	108.53919828	34.22395245	37.00	0.0290	-0.1700	-0.9370	2.77	40	40	1
2258	1	1	0	170803	093557.50	108.53920463	34.22395434	37.00	-0.0380	0.0180	-0.9880	2.77	40	40	1
2259	1	1	0	170803	093557.60	108.53921105	34.22395614	37.00	0.0020	-0.0420	-0.9370	2.77	40	40	1
2260	1	1	0	170803	093557.70	108.53921737	34.22395801	37.00	-0.0150	-0.0410	-1.0020	2.40	40	39	1
2261	1	1	0	170803	093557.80	108.53922368	34.22395998	37.00	0.0050	0.0480	-0.9880	2.40	40	40	1
2262	1	1	0	170803	093557.90	108.53923001	34.22396189	37.00	-0.0020	0.0300	-1.1260	2.40	40	39	1
2263	1	1	0	170803	093558.00	108.53923626	34.22396374	37.00	-0.0190	0.0160	-0.8350	2.26	40	39	1
2264	1	1	0	170803	093558.10	108.53924252	34.22396563	35.15	0.0070	0.0220	-0.9480	2.26	40	39	1
2265	1	1	0	170803	093558.20	108.53924877	34.22396749	35.15	-0.0280	-0.0410	-1.0340	2.26	40	39	1
2266	1	1	0	170803	093558.30	108.53925500	34.22396939	35.15	-0.0190	-0.0350	-1.0020	2.13	40	39	1
2267	1	1	0	170803	093558.40	108.53926119	34.22397120	35.15	0.1180	-0.0060	-1.0240	2.13	40	39	1
2268	1	1	0	170803	093558.50	108.53926749	34.22397313	35.15	0.0540	-0.0070	-1.0510	2.13	40	40	1
2269	1	1	0	170803	093558.60	108.53927378	34.22397504	35.15	0.0640	-0.0620	-0.9580	2.12	40	40	1
2270	1	1	0	170803	093558.70	108.53928010	34.22397695	35.15	0.0570	-0.0060	-0.9380	2.12	40	40	1
2271	1	1	0	170803	093558.80	108.53928648	34.22397885	37.00	0.0610	-0.0230	-0.9920	2.12	40	40	1
2272	1	1	0	170803	093558.90	108.53929282	34.22398079	37.00	0.1080	-0.0880	-0.9660	4.00	40	40	1
2273	1	1	0	170803	093559.00	108.53929920	34.22398266	37.00	0.0320	-0.0440	-1.1290	4.00	40	40	1
2274	1	1	0	170803	093559.10	108.53930557	34.22398457	37.00	-0.0050	0.0140	-0.9910	4.00	40	40	1
2275	1	1	0	170803	093559.20	108.53931197	34.22398645	37.00	0.0280	-0.0560	-1.0150	4.39	40	40	1
2276	1	1	0	170803	093559.30	108.53931831	34.22398838	37.00	-0.0810	-0.0550	-0.8920	4.39	40	40	1
2277	1	1	0	170803	093559.40	108.53932472	34.22399023	37.00	0.0330	-0.0290	-0.9440	4.39	40	40	1
2278	1	1	0	170803	093559.50	108.53933107	34.22399215	37.00	-0.0010	-0.0090	-1.1100	4.24	40	40	1
2279	1	1	0	170803	093559.60	108.53933743	34.22399406	37.00	-0.0340	-0.0550	-1.0780	4.24	40	40	1
2280	1	1	0	170803	093559.70	108.53934375	34.22399601	37.00	0.0360	0.0520	-0.9070	4.24	40	40	1
2281	1	1	0	170803	093559.80	108.53935009	34.22399794	37.00	0.0100	-0.1010	-1.0230	2.95	40	40	1
2282	1	1	0	170803	093559.90	108.53935638	34.22399989	37.00	-0.0090	0.0380	-0.9940	2.95	40	40	1
2283	1	1	0	170803	093600.00	108.53936271	34.22400179	35.15	-0.0290	0.0100	-1.0450	2.95	40	40	1
2284	1	1	0	170803	093600.10	108.53936897	34.22400373	35.15	-0.0140	-0.0530	-1.0210	2.79	40	40	1
2285	1	1	0	170803	093600.20	108.53937527	34.22400565	35.15	0.0160	-0.0420	-0.9880	2.79	40	39	1
2286	1	1	0	170803	093600.30	108.53938152	34.22400759	35.15	-0.0030	-0.0150	-1.0100	2.79	40	39	1
2287	1	1	0	170803	093600.40	108.53938779	34.22400950	35.15	0.0220	-0.0120	-1.0350	2.36	40	39	1
2288	1	1	0	170803	093600.50	108.53939403	34.22401145	35.15	-0.0430	-0.0350	-1.0050	2.36	40	39	1
2289	1	1	0	170803	093600.60	108.53940029	34.22401336	35.15	-0.0220	-0.0700	-1.0560	2.36	40	39	1
2290	1	1	0	170803	093600.70	108.53940652	34.22401530	35.15	0.0040	-0.0260	-0.9040	2.36	40	39	1
2291	1	1	0	170803	093600.80	108.53941279	34.22401723	35.15	-0.0890	0.0360	-1.0170	2.75	40	40	1
2292	1	1	0	170803	093600.90	108.53941903	34.22401920	35.15	0.0270	-0.0500	-0.9960	2.75	40	40	1
2293	1	1	0	170803	093601.00	108.53942533	34.22402115	35.15	0.0480	-0.0270	-0.9510	4.38	40	40	1
2294	1	1	0	170803	093601.10	108.53943162	34.22402313	37.00	0.0200	-0.0360	-1.0660	4.38	40	40	1
2295	1	1	0	170803	093601.20	108.53943796	34.22402511	37.00	0.0220	-0.0540	-1.0190	4.38	40	40	1
2296	1	1	0	170803	093601.30	108.53944428	34.22402711	37.00	0.0220	0.0580	-0.9880	4.48	40	40	1
2297	1	1	0	170803	093601.40	108.53945065	34.22402910	37.00	0.0250	-0.0980	-1.0300	4.48	40	40	1
2298	1	1	0	170803	093601.50	108.53945697	34.22403113	37.00	-0.0400	0.0030	-1.0840	4.48	40	40	1
2299	1	1	0	170803	093601.60	108.53946331	34.22403313	37.00	-0.0130	-0.0510	-0.9370	4.48	40	40	1
2300	1	1	0	170803	093601.70	108.53946959	34.22403516	37.00	-0.0260	-0.0680	-1.0210	2.93	40	40	1
2301	1	1	0	170803	093601.80	108.53947589	34.22403716	37.00	-0.0270	-0.0590	-1.0180	2.93	40	40	1
2302	1	1	0	170803	093601.90	108.53948218	34.22403918	37.00	0.0190	-0.0220	-1.0040	2.93	40	40	1
2303	1	1	0	170803	093602.00	108.53948845	34.22404117	37.00	-0.0050	0.0690	-0.9340	2.57	40	40	1
2304	1	1	0	170803	093602.10	108.53949472	34.22404318	37.00	0.0080	-0.0190	-1.0460	2.57	40	40	1
2305	1	1	0	170803	093602.20	108.53950098	34.22404515	35.15	0.0270	0.0230	-1.0640	2.57	40	39	1
2306	1	1	0	170803	093602.30	108.53950720	34.22404715	35.15	-0.0340	0.0240	-1.0280	2.34	40	39	1
2307	1	1	0	170803	093602.40	108.53951342	34.22404915	35.15	-0.0080	-0.0490	-1.0840	2.34	40	39	1
2308	1	1	0	170803	093602.50	108.53951963	34.22405118	35.15	0.0290	-0.1260	-0.8980	2.34	40	39	1
2309	1	1	0	170803	093602.60	108.53952584	34.22405318	35.15	-0.0580	0.0150	-1.0030	2.14	40	39	1
2310	1	1	0	170803	093602.70	108.53953204	34.22405517	35.15	0.0230	0.0260	-1.0010	2.14	40	39	1
2311	1	1	0	170803	093602.80	108.53953824	34.22405715	35.15	0.0570	-0.0050	-0.9000	2.14	40	39	1
2312	1	1	0	170803	093602.90	108.53954445	34.22405918	35.15	0.1250	-0.0120	-0.9870	3.97	40	39	1
2313	1	1	0	170803	093603.00	108.53955067	34.22406117	35.15	0.0790	-0.0150	-0.9840	3.97	40	40	1
2314	1	1	0	170803	093603.10	108.53955691	34.22406317	35.15	0.0860	-0.0240	-0.9270	3.97	40	40	1
2315	1	1	0	170803	093603.20	108.53956322	34.22406526	35.15	0.0470	0.0390	-1.0530	4.38	40	40	1
2316	1	1	0	170803	093603.30	108.53956950	34.22406727	37.00	0.0600	-0.0890	-1.0020	4.38	40	40	1
2317	1	1	0	170803	093603.40	108.53957589	34.22406942	37.00	0.0500	0.0010	-1.0910	4.38	40	40	1
2318	1	1	0	170803	093603.50	108.53958221	34.22407143	37.00	-0.0110	-0.0140	-0.9780	4.14	40	40	1
2319	1	1	0	170803	093603.60	108.53958860	34.22407356	37.00	-0.0080	-0.0360	-1.0160	4.14	40	40	1
2320	1	1	0	170803	093603.70	108.53959490	34.22407556	37.00	0.0260	0.0150	-0.9350	4.14	40	40	1
2321	1	1	0	170803	093603.80	108.53960124	34.22407757	37.00	-0.0240	-0.0340	-1.0130	2.88	40	40	1
2322	1	1	0	170803	093603.90	108.53960752	34.22407960	37.00	-0.0090	-0.0250	-0.9740	2.88	40	40	1
2323	1	1	0	170803	093604.00	108.53961377	34.22408160	37.00	-0.0130	-0.0030	-1.0150	2.88	40	40	1
2324	1	1	0	170803	093604.10	108.53962002	34.22408360	35.15	0.0370	-0.0500	-0.9930	2.57	40	40	1
2325	1	1	0	170803	093604.20	108.53962621	34.22408561	35.15	0.0220	0.0080	-0.9860	2.57	40	39	1
2326	1	1	0	170803	093604.30	108.53963245	34.22408762	35.15	0.0140	0.0290	-0.9900	2.57	40	39	1
2327	1	1	0	170803	093604.40	108.53963861	34.22408965	35.15	-0.0180	-0.0110	-0.9960	2.24	40	39	1
2328	1	1	0	170803	093604.50	108.53964483	34.22409165	35.15	-0.0200	0.0220	-0.9730	2.24	40	39	1
2329	1	1	0	170803	093604.60	108.53965099	34.22409368	35.15	-0.0060	0.0030	-0.9990	2.24	40	39	1
2330	1	1	0	170803	093604.70	108.53965720	34.22409567	35.15	-0.0200	0.0330	-1.0100	2.76	40	39	1
2331	1	1	0	170803	093604.80	108.53966339	34.22409769	35.15	-0.0470	0.0070	-1.0520	2.76	40	40	1
2332	1	1	0	170803	093604.90	108.53966963	34.22409970	35.15	0.0110	-0.0670	-0.9630	2.76	40	40	1
2333	1	1	0	170803	093605.00	108.53967587	34.22410172	35.15	-0.0010	-0.0470	-1.0630	4.14	40	40	1
2334	1	1	0	170803	093605.10	108.53968213	34.22410371	35.15	-0.0080	-0.0520	-0.9730	4.14	40	40	1
2335	1	1	0	170803	093605.20	108.53968843	34.22410575	37.00	-0.0240	-0.0080	-1.0210	4.14	40	40	1
2336	1	1	0	170803	093605.30	108.53969473	34.22410777	37.00	0.0060	-0.0090	-1.0540	4.24	40	40	1
2337	1	1	0	170803	093605.40	108.53970104	34.22410982	37.00	0.0120	-0.0220	-0.9480	4.24	40	40	1
2338	1	1	0	170803	093605.50	108.53970734	34.22411185	37.00	-0.0280	-0.0070	-1.0080	4.24	40	40	1
2339	1	1	0	170803	093605.60	108.53971371	34.22411398	37.00	-0.0290	-0.0380	-0.9430	4.24	40	40	1
2340	1	1	0	170803	093605.70	108.53971999	34.22411602	37.00	0.0530	0.0080	-1.0500	3.10	40	40	1
2341	1	1	0	170803	093605.80	108.53972622	34.22411815	37.00	-0.0010	-0.0360	-1.0310	3.10	40	40	1
2342	1	1	0	170803	093605.90	108.53973248	34.22412015	37.00	-0.0540	-0.0330	-0.9820	3.10	40	40	1
2343	1	1	0	170803	093606.00	108.53973867	34.22412220	37.00	-0.0150	-0.0230	-1.0260	2.77	40	39	1
2344	1	1	0	170803	093606.10	108.53974493	34.22412421	35.15	0.0270	-0.1040	-1.0670	2.77	40	39	1
2345	1	1	0	170803	093606.20	108.53975116	34.22412616	35.15	-0.0030	0.0020	-0.9620	2.77	40	39	1
2346	1	1	0	170803	093606.30	108.53975740	34.22412815	35.15	-0.0110	-0.0110	-0.9970	2.55	40	39	1
2347	1	1	0	170803	093606.40	108.53976352	34.22413023	35.15	-0.0240	-0.0130	-0.9410	2.55	40	39	1
2348	1	1	0	170803	093606.50	108.53976976	34.22413221	35.15	0.0420	0.0210	-1.0260	2.55	40	39	1
2349	1	1	0	170803	093606.60	108.53977588	34.22413424	35.15	-0.0490	-0.0000	-1.0180	2.25	40	39	1
2350	1	1	0	170803	093606.70	108.53978209	34.22413622	35.15	0.0860	-0.0010	-1.0320	2.25	40	40	1
2351	1	1	0	170803	093606.80	108.53978820	34.22413823	35.15	0.0200	0.0320	-1.0490	2.25	40	40	1
2352	1	1	0	170803	093606.90	108.53979444	34.22414022	35.15	0.0620	-0.0010	-0.9990	3.78	40	40	1
2353	1	1	0	170803	093607.00	108.53980061	34.22414223	35.15	-0.0090	-0.0720	-1.0790	3.78	40	40	1
2354	1	1	0	170803	093607.10	108.53980691	34.22414422	37.00	0.0520	-0.0380	-1.0410	3.78	40	40	1
2355	1	1	0	170803	093607.20	108.53981310	34.22414630	37.00	0.0510	0.0320	-1.0000	4.43	40	40	1
2356	1	1	0	170803	093607.30	108.53981942	34.22414830	37.00	-0.0320	-0.0380	-1.0730	4.43	40	40	1
2357	1	1	0	170803	093607.40	108.53982575	34.22415030	37.00	0.0120	-0.0000	-1.0650	4.43	40	40	1
2358	1	1	0	170803	093607.50	108.53983206	34.22415232	37.00	-0.0160	-0.0240	-0.9770	4.28	40	40	1
2359	1	1	0	170803	093607.60	108.53983839	34.22415426	37.00	-0.0040	-0.1100	-1.0070	4.28	40	40	1
2360	1	1	0	170803	093607.70	108.53984469	34.22415626	37.00	-0.0120	0.0260	-0.9940	4.28	40	40	1
2361	1	1	0	170803	093607.80	108.53985096	34.22415824	37.00	-0.0350	-0.0570	-1.0360	3.04	40	40	1
2362	1	1	0	170803	093607.90	108.53985723	34.22416024	37.00	0.0170	-0.0840	-1.0500	3.04	40	40	1
2363	1	1	0	170803	093608.00	108.53986350	34.22416221	37.00	0.0320	-0.0510	-1.1010	3.04	40	40	1
2364	1	1	0	170803	093608.10	108.53986980	34.22416423	37.00	0.0200	-0.1160	-1.0710	2.69	40	39	1
2365	1	1	0	170803	093608.20	108.53987612	34.22416619	37.00	0.0100	-0.0680	-0.9870	2.69	40	39	1
2366	1	1	0	170803	093608.30	108.53988235	34.22416820	35.15	0.0030	-0.0700	-0.9180	2.69	40	39	1
2367	1	1	0	170803	093608.40	108.53988858	34.22417020	35.15	0.0220	0.0000	-0.9970	2.49	40	40	1
2368	1	1	0	170803	093608.50	108.53989482	34.22417220	35.15	0.0340	-0.0710	-0.9170	2.49	40	40	1
2369	1	1	0	170803	093608.60	108.53990095	34.22417420	35.15	0.0280	0.0190	-0.9710	2.49	40	40	1
2370	1	1	0	170803	093608.70	108.53990719	34.22417622	35.15	0.0730	-0.0260	-0.9970	2.43	40	40	1
2371	1	1	0	170803	093608.80	108.53991343	34.22417828	35.15	0.0730	-0.0300	-0.9900	2.43	40	40	1
2372	1	1	0	170803	093608.90	108.53991971	34.22418033	37.00	0.0470	0.0130	-1.0200	2.43	40	40	1
2373	1	1	0	170803	093609.00	108.53992613	34.22418243	37.00	-0.0150	0.0180	-1.0330	4.29	40	40	1
2374	1	1	0	170803	093609.10	108.53993242	34.22418448	37.00	0.0460	-0.0240	-0.9140	4.29	40	40	1
2375	1	1	0	170803	093609.20	108.53993870	34.22418656	37.00	-0.0090	-0.0040	-0.9280	4.29	40	40	1
2376	1	1	0	170803	093609.30	108.53994500	34.22418861	37.00	0.0180	0.0400	-0.9870	4.58	40	40	1
2377	1	1	0	170803	093609.40	108.53995119	34.22419073	37.00	-0.0490	-0.0280	-1.0030	4.58	40	40	1
2378	1	1	0	170803	093609.50	108.53995747	34.22419280	37.00	-0.0130	-0.0120	-0.9680	4.58	40	40	1
2379	1	1	0	170803	093609.60	108.53996377	34.22419484	37.00	0.0020	-0.0030	-0.9900	4.58	40	40	1
2380	1	1	0	170803	093609.70	108.53997004	34.22419691	37.00	0.0050	-0.0360	-1.0450	3.29	40	40	1
2381	1	1	0	170803	093609.80	108.53997634	34.22419895	37.00	-0.0210	-0.0600	-0.9940	3.29	40	40	1
2382	1	1	0	170803	093609.90	108.53998257	34.22420105	37.00	-0.0070	-0.0490	-1.0020	3.29	40	40	1
2383	1	1	0	170803	093610.00	108.53998890	34.22420303	37.00	-0.0510	-0.0820	-1.0410	2.77	40	40	1