1525	1	1	0	170803	092733.70	108.53608854	34.22312795	42.55	-0.0530	-0.0400	-1.0140	2.94	50	47	1
1526	1	1	0	170803	092733.80	108.53609603	34.22312981	42.55	0.0100	-0.0620	-0.9860	2.94	50	46	1
1527	1	1	0	170803	092733.90	108.53610359	34.22313163	42.55	-0.0060	0.0820	-1.0510	2.94	50	47	1
1528	1	1	0	170803	092734.00	108.53611111	34.22313346	42.55	-0.0630	-0.0030	-1.0480	2.70	50	47	1
1529	1	1	0	170803	092734.10	108.53611866	34.22313527	42.55	-0.0240	0.0500	-0.8750	2.70	50	46	1
1530	1	1	0	170803	092734.20	108.53612617	34.22313712	42.55	0.0390	-0.0500	-0.8990	2.70	50	47	1
1531	1	1	0	170803	092734.30	108.53613370	34.22313892	42.55	0.0750	0.0110	-1.0090	2.61	50	46	1
1532	1	1	0	170803	092734.40	108.53614114	34.22314075	42.55	0.0470	-0.0340	-1.0590	2.61	50	47	1
1533	1	1	0	170803	092734.50	108.53614870	34.22314266	42.55	0.0770	-0.0310	-0.9180	2.61	50	47	1
1534	1	1	0	170803	092734.60	108.53615621	34.22314461	42.55	0.0340	0.0080	-1.0290	2.51	50	47	1
1535	1	1	0	170803	092734.70	108.53616378	34.22314649	42.55	-0.0300	-0.0380	-1.0380	2.51	50	47	1
1536	1	1	0	170803	092734.80	108.53617136	34.22314842	42.55	0.0540	-0.0900	-0.9580	2.51	50	47	1
1537	1	1	0	170803	092734.90	108.53617898	34.22315032	42.55	0.0570	0.0330	-0.9950	3.98	50	47	1
1538	1	1	0	170803	092735.00	108.53618657	34.22315223	42.55	0.0370	-0.0440	-1.0020	3.98	50	48	1
1539	1	1	0	170803	092735.10	108.53619419	34.22315414	42.55	-0.0130	0.0150	-0.9750	3.98	50	47	1
1540	1	1	0	170803	092735.20	108.53620181	34.22315611	42.55	0.0280	0.0060	-1.0010	4.38	50	47	1
1541	1	1	0	170803	092735.30	108.53620948	34.22315802	42.55	-0.0000	0.0430	-1.0660	4.38	50	47	1
1542	1	1	0	170803	092735.40	108.53621706	34.22315997	42.55	-0.0370	-0.0120	-0.9320	4.38	50	47	1
1543	1	1	0	170803	092735.50	108.53622467	34.22316187	42.55	0.0160	-0.0160	-0.9910	4.12	50	47	1
1544	1	1	0	170803	092735.60	108.53623234	34.22316376	42.55	0.0170	-0.0500	-0.9800	4.12	50	47	1
1545	1	1	0	170803	092735.70	108.53623995	34.22316567	42.55	-0.0300	0.0080	-1.0440	4.12	50	47	1
1546	1	1	0	170803	092735.80	108.53624766	34.22316746	42.55	0.0090	0.0050	-0.9890	3.54	50	47	1
1547	1	1	0	170803	092735.90	108.53625529	34.22316936	42.55	0.0070	0.0240	-1.0430	3.54	50	47	1
1548	1	1	0	170803	092736.00	108.53626288	34.22317114	42.55	0.0170	0.0090	-0.9890	3.54	50	47	1
1549	1	1	0	170803	092736.10	108.53627045	34.22317306	42.55	0.0230	0.0040	-1.0040	2.90	50	47	1
1550	1	1	0	170803	092736.20	108.53627796	34.22317498	42.55	-0.0220	-0.0130	-0.9690	2.90	50	47	1
1551	1	1	0	170803	092736.30	108.53628552	34.22317688	42.55	0.0210	-0.0430	-0.9190	2.90	50	47	1
1552	1	1	0	170803	092736.40	108.53629297	34.22317890	42.55	-0.0010	0.0460	-1.0540	2.71	50	47	1
1553	1	1	0	170803	092736.50	108.53630053	34.22318082	42.55	0.0710	0.0860	-0.9890	2.71	50	47	1
1554	1	1	0	170803	092736.60	108.53630801	34.22318287	42.55	-0.0200	-0.0030	-1.0670	2.71	50	47	1
1555	1	1	0	170803	092736.70	108.53631553	34.22318479	42.55	-0.0710	-0.0500	-1.0260	2.71	50	46	1
1556	1	1	0	170803	092736.80	108.53632297	34.22318685	42.55	0.0190	-0.0550	-1.0100	2.62	50	46	1
1557	1	1	0	170803	092736.90	108.53633047	34.22318875	42.55	0.0100	-0.0030	-0.9840	2.62	50	46	1
1558	1	1	0	170803	092737.00	108.53633790	34.22319079	42.55	-0.0450	0.0630	-1.0020	2.71	50	46	1
1559	1	1	0	170803	092737.10	108.53634540	34.22319268	42.55	0.0180	-0.0210	-1.0300	2.71	50	47	1
1560	1	1	0	170803	092737.20	108.53635279	34.22319466	42.55	0.0130	0.0070	-0.9590	2.71	50	47	1
1561	1	1	0	170803	092737.30	108.53636026	34.22319655	42.55	-0.0230	-0.0230	-0.9090	2.71	50	47	1
1562	1	1	0	170803	092737.40	108.53636765	34.22319848	42.55	0.0290	0.0250	-1.0830	4.19	50	47	1
1563	1	1	0	170803	092737.50	108.53637519	34.22320041	42.55	0.0350	0.0020	-1.1190	4.19	50	46	1
1564	1	1	0	170803	092737.60	108.53638283	34.22320224	42.55	0.0360	0.0150	-0.9740	4.19	50	47	1
1565	1	1	0	170803	092737.70	108.53639040	34.22320417	42.55	0.0090	-0.0260	-0.9640	4.43	50	47	1
1566	1	1	0	170803	092737.80	108.53639809	34.22320610	42.55	0.0900	-0.0020	-0.9080	4.43	50	47	1
1567	1	1	0	170803	092737.90	108.53640564	34.22320804	42.55	0.0600	-0.0160	-1.0330	4.43	50	47	1
1568	1	1	0	170803	092738.00	108.53641329	34.22320993	42.55	-0.0470	-0.0400	-1.1240	3.84	50	47	1
1569	1	1	0	170803	092738.10	108.53642093	34.22321188	42.55	0.0400	0.0100	-0.9550	3.84	50	47	1
1570	1	1	0	170803	092738.20	108.53642863	34.22321371	42.55	-0.0350	-0.0650	-1.0590	3.84	50	48	1
1571	1	1	0	170803	092738.30	108.53643625	34.22321567	42.55	0.0410	-0.1450	-0.9320	3.16	50	47	1
1572	1	1	0	170803	092738.40	108.53644397	34.22321748	42.55	0.0140	-0.0330	-1.1050	3.16	50	47	1
1573	1	1	0	170803	092738.50	108.53645160	34.22321943	42.55	0.0350	-0.1160	-0.8460	3.16	50	47	1
1574	1	1	0	170803	092738.60	108.53645935	34.22322124	42.55	-0.0680	-0.0050	-1.1480	2.79	50	47	1
1575	1	1	0	170803	092738.70	108.53646699	34.22322321	42.55	-0.0120	-0.0350	-1.0490	2.79	50	48	1
1576	1	1	0	170803	092738.80	108.53647463	34.22322514	42.55	0.0160	0.0210	-1.0250	2.79	50	47	1
1577	1	1	0	170803	092738.90	108.53648227	34.22322709	42.55	-0.0410	0.0060	-0.9160	2.70	50	47	1
1578	1	1	0	170803	092739.00	108.53648975	34.22322907	42.55	-0.0490	0.0530	-0.9530	2.70	50	47	1
1579	1	1	0	170803	092739.10	108.53649737	34.22323103	42.55	0.0000	-0.0770	-1.0470	2.70	50	47	1
1580	1	1	0	170803	092739.20	108.53650488	34.22323305	42.55	0.0660	-0.0010	-0.9600	2.58	50	47	1
1581	1	1	0	170803	092739.30	108.53651248	34.22323501	42.55	0.0260	0.0530	-1.0620	2.58	50	47	1
1582	1	1	0	170803	092739.40	108.53651998	34.22323705	42.55	-0.0420	-0.0230	-0.9870	2.58	50	47	1
1583	1	1	0	170803	092739.50	108.53652755	34.22323902	42.55	0.0040	-0.0090	-0.9570	2.49	50	47	1
1584	1	1	0	170803	092739.60	108.53653503	34.22324104	42.55	0.0090	-0.1100	-1.0270	2.49	50	47	1
1585	1	1	0	170803	092739.70	108.53654259	34.22324302	42.55	-0.0100	0.0660	-0.9730	2.49	50	47	1
1586	1	1	0	170803	092739.80	108.53655007	34.22324501	42.55	0.0540	-0.0520	-0.8930	2.49	50	47	1
1587	1	1	0	170803	092739.90	108.53655760	34.22324697	42.55	-0.0060	-0.1090	-1.0310	2.49	50	46	1
1588	1	1	0	170803	092740.00	108.53656505	34.22324891	42.55	-0.0110	0.0120	-1.0200	2.49	50	47	1
1589	1	1	0	170803	092740.10	108.53657256	34.22325088	42.55	-0.0360	0.0050	-0.9750	3.17	50	47	1
1590	1	1	0	170803	092740.20	108.53658000	34.22325285	42.55	-0.0350	-0.0140	-1.0480	3.17	50	46	1
1591	1	1	0	170803	092740.30	108.53658750	34.22325478	42.55	0.0010	-0.0050	-0.9810	3.17	50	47	1
1592	1	1	0	170803	092740.40	108.53659491	34.22325674	42.55	0.0450	0.0050	-1.0980	4.16	50	46	1
1593	1	1	0	170803	092740.50	108.53660243	34.22325870	42.55	-0.0190	-0.0010	-1.0560	4.16	50	46	1
1594	1	1	0	170803	092740.60	108.53660988	34.22326065	42.55	-0.0030	-0.0260	-0.8300	4.16	50	47	1
1595	1	1	0	170803	092740.70	108.53661734	34.22326259	42.55	0.0400	0.0200	-0.8910	4.16	50	46	1
1596	1	1	0	170803	092740.80	108.53662477	34.22326455	42.55	0.0360	0.0200	-1.0100	4.11	50	47	1
1597	1	1	0	170803	092740.90	108.53663224	34.22326650	42.55	0.0380	0.0540	-1.0040	4.11	50	47	1
1598	1	1	0	170803	092741.00	108.53663979	34.22326837	42.55	0.0370	0.0170	-1.0900	3.66	50	47	1
1599	1	1	0	170803	092741.10	108.53664732	34.22327033	42.55	0.0130	-0.0000	-1.0930	3.66	50	47	1
1600	1	1	0	170803	092741.20	108.53665493	34.22327225	42.55	0.0740	-0.0380	-1.0790	3.66	50	47	1
1601	1	1	0	170803	092741.30	108.53666249	34.22327423	42.55	0.0300	-0.0090	-1.0170	3.66	50	47	1
1602	1	1	0	170803	092741.40	108.53667013	34.22327619	42.55	0.0000	-0.0490	-1.0130	3.00	50	47	1
1603	1	1	0	170803	092741.50	108.53667771	34.22327817	42.55	0.0130	0.0100	-0.9240	3.00	50	47	1
1604	1	1	0	170803	092741.60	108.53668544	34.22328005	42.55	-0.0050	-0.0450	-1.0090	3.00	50	48	1
1605	1	1	0	170803	092741.70	108.53669306	34.22328204	42.55	0.0730	-0.0430	-1.0240	2.72	50	47	1
1606	1	1	0	170803	092741.80	108.53670069	34.22328401	42.55	0.0520	0.0440	-1.0520	2.72	50	47	1
1607	1	1	0	170803	092741.90	108.53670833	34.22328598	42.55	0.0050	-0.0050	-1.0140	2.72	50	47	1
1608	1	1	0	170803	092742.00	108.53671600	34.22328790	42.55	-0.0090	-0.0810	-0.9100	2.20	50	47	1
1609	1	1	0	170803	092742.10	108.53672361	34.22328989	42.55	-0.0010	0.0100	-0.9580	2.20	50	48	1
1610	1	1	0	170803	092742.20	108.53673131	34.22329177	42.55	-0.0090	0.0090	-0.9760	2.20	50	47	1
1611	1	1	0	170803	092742.30	108.53673890	34.22329374	42.55	0.0060	-0.0720	-0.9050	2.06	50	47	1
1612	1	1	0	170803	092742.40	108.53674652	34.22329563	42.55	-0.0090	-0.0240	-1.0870	2.06	50	47	1
1613	1	1	0	170803	092742.50	108.53675411	34.22329761	42.55	-0.0080	-0.0270	-1.1100	2.06	50	47	1
1614	1	1	0	170803	092742.60	108.53676168	34.22329957	42.55	0.0210	0.1010	-0.9080	1.97	50	47	1
1615	1	1	0	170803	092742.70	108.53676926	34.22330151	42.55	0.0070	0.0430	-1.0440	1.97	50	47	1
1616	1	1	0	170803	092742.80	108.53677706	34.22330330	42.55	0.0600	-0.1300	-1.1330	1.97	50	46	1
1617	1	1	0	170803	092742.90	108.53678463	34.22330526	42.55	-0.0770	0.1770	-1.0640	3.62	50	47	1
1618	1	1	0	170803	092743.00	108.53679221	34.22330714	42.55	-0.0760	-0.0760	-0.9130	3.62	50	47	1
1619	1	1	0	170803	092743.10	108.53679975	34.22330909	42.55	0.0150	0.0390	-0.9930	3.62	50	47	1
1620	1	1	0	170803	092743.20	108.53680723	34.22331104	42.55	-0.0020	-0.0410	-0.9150	3.94	50	47	1
1621	1	1	0	170803	092743.30	108.53681474	34.22331297	42.55	-0.0310	0.1000	-1.0020	3.94	50	46	1
1622	1	1	0	170803	092743.40	108.53682223	34.22331493	42.55	0.0170	-0.0840	-1.1270	3.94	50	46	1
1623	1	1	0	170803	092743.50	108.53682973	34.22331688	42.55	-0.0230	-0.0140	-1.0820	3.77	50	46	1
1624	1	1	0	170803	092743.60	108.53683723	34.22331883	42.55	0.0210	0.0490	-0.9730	3.77	50	46	1
1625	1	1	0	170803	092743.70	108.53684472	34.22332076	42.55	-0.0190	-0.0560	-1.0110	3.77	50	47	1
1626	1	1	0	170803	092743.80	108.53685233	34.22332272	42.55	-0.0050	-0.1170	-1.0070	3.16	50	47	1
1627	1	1	0	170803	092743.90	108.53685982	34.22332466	42.55	0.0640	0.0940	-1.0000	3.16	50	47	1
1628	1	1	0	170803	092744.00	108.53686738	34.22332658	42.55	0.0720	0.0210	-0.9740	3.16	50	47	1
1629	1	1	0	170803	092744.10	108.53687490	34.22332854	42.55	0.0460	0.0130	-0.9630	2.47	50	47	1
1630	1	1	0	170803	092744.20	108.53688251	34.22333047	42.55	0.0080	0.0510	-1.0380	2.47	50	47	1
1631	1	1	0	170803	092744.30	108.53689007	34.22333243	42.55	0.0920	-0.0180	-1.0220	2.47	50	47	1
1632	1	1	0	170803	092744.40	108.53689780	34.22333426	42.55	0.0440	-0.0840	-0.9480	2.15	50	47	1
1633	1	1	0	170803	092744.50	108.53690541	34.22333620	42.55	0.0470	0.0370	-1.0090	2.15	50	47	1
1634	1	1	0	170803	092744.60	108.53691318	34.22333803	42.55	-0.0390	-0.0140	-1.0570	2.15	50	47	1
1635	1	1	0	170803	092744.70	108.53692081	34.22334002	42.55	-0.0140	0.0890	-0.9050	2.15	50	47	1
1636	1	1	0	170803	092744.80	108.53692849	34.22334190	42.55	0.0160	-0.0520	-1.0160	2.01	50	48	1
1637	1	1	0	170803	092744.90	108.53693611	34.22334390	42.55	0.0100	-0.0100	-1.0410	2.01	50	47	1
1638	1	1	0	170803	092745.00	108.53694376	34.22334578	42.55	0.0200	-0.0070	-0.9570	1.89	50	47	1
1639	1	1	0	170803	092745.10	108.53695138	34.22334778	42.55	0.0270	0.0350	-0.9610	1.89	50	47	1
1640	1	1	0	170803	092745.20	108.53695895	34.22334980	42.55	-0.0080	-0.0050	-1.0880	1.89	50	47	1
1641	1	1	0	170803	092745.30	108.53696657	34.22335179	42.55	-0.0320	0.0010	-1.0260	1.89	50	48	1
1642	1	1	0	170803	092745.40	108.53697397	34.22335358	42.55	-0.0020	0.0180	-0.9920	1.77	50	47	1
1643	1	1	0	170803	092745.50	108.53698155	34.22335554	42.55	0.0020	0.0410	-1.0450	1.77	50	47	1
1644	1	1	0	170803	092745.60	108.53698894	34.22335731	42.55	0.0360	0.0150	-1.0250	1.77	50	47	1
1645	1	1	0	170803	092745.70	108.53699660	34.22335929	42.55	0.0460	-0.0280	-1.0130	3.30	50	47	1
1646	1	1	0	170803	092745.80	108.53700402	34.22336117	42.55	0.0870	0.0230	-1.2010	3.30	50	47	1
1647	1	1	0	170803	092745.90	108.53701153	34.22336321	42.55	0.0080	0.0570	-0.9380	3.30	50	47	1
1648	1	1	0	170803	092746.00	108.53701882	34.22336516	42.55	0.0270	0.0040	-1.1160	3.61	50	47	1
1649	1	1	0	170803	092746.10	108.53702638	34.22336709	42.55	0.0000	0.0020	-1.0100	3.61	50	47	1
1650	1	1	0	170803	092746.20	108.53703366	34.22336891	42.55	0.0400	-0.0290	-0.9850	3.61	50	47	1
1651	1	1	0	170803	092746.30	108.53704123	34.22337091	42.55	0.0040	0.0060	-0.9850	3.32	50	47	1
1652	1	1	0	170803	092746.40	108.53704866	34.22337281	42.55	-0.0160	-0.0310	-0.9490	3.32	50	47	1
1653	1	1	0	170803	092746.50	108.53705620	34.22337477	42.55	-0.0010	-0.0840	-1.0200	3.32	50	46	1
1654	1	1	0	170803	092746.60	108.53706387	34.22337674	42.55	0.0020	0.0230	-0.8880	2.65	50	47	1
1655	1	1	0	170803	092746.70	108.53707138	34.22337871	42.55	-0.0150	0.0360	-1.0320	2.65	50	47	1
1656	1	1	0	170803	092746.80	108.53707889	34.22338050	42.55	0.0050	-0.0490	-1.0040	2.65	50	47	1
1657	1	1	0	170803	092746.90	108.53708639	34.22338247	42.55	0.0080	-0.0450	-1.0540	2.13	50	47	1
1658	1	1	0	170803	092747.00	108.53709382	34.22338437	42.55	-0.0050	-0.0680	-1.0990	2.13	50	46	1
1659	1	1	0	170803	092747.10	108.53710134	34.22338631	42.55	0.0630	0.0430	-1.0840	2.13	50	47	1
1660	1	1	0	170803	092747.20	108.53710872	34.22338812	42.55	-0.0110	0.0630	-1.0000	1.89	50	47	1
1661	1	1	0	170803	092747.30	108.53711621	34.22339005	42.55	-0.0230	0.0200	-0.8960	1.89	50	46	1
1662	1	1	0	170803	092747.40	108.53712367	34.22339196	42.55	0.0330	-0.0910	-0.9720	1.89	50	47	1
1663	1	1	0	170803	092747.50	108.53713118	34.22339390	42.55	0.0620	-0.0340	-1.0290	1.76	50	47	1
1664	1	1	0	170803	092747.60	108.53713890	34.22339600	42.55	0.0050	0.0290	-1.0510	1.76	50	47	1
1665	1	1	0	170803	092747.70	108.53714645	34.22339795	42.55	0.0770	0.0090	-0.9530	1.76	50	47	1
1666	1	1	0	170803	092747.80	108.53715404	34.22340004	42.55	0.0150	0.1010	-1.1860	1.73	50	47	1
1667	1	1	0	170803	092747.90	108.53716162	34.22340199	42.55	0.0600	-0.0530	-0.9070	1.73	50	47	1
1668	1	1	0	170803	092748.00	108.53716921	34.22340393	42.55	0.0190	-0.0620	-0.9920	1.73	50	47	1
1669	1	1	0	170803	092748.10	108.53717682	34.22340588	42.55	-0.0280	0.0460	-1.0100	2.25	50	47	1
1670	1	1	0	170803	092748.20	108.53718436	34.22340767	42.55	0.0210	-0.0730	-0.9570	2.25	50	48	1
1671	1	1	0	170803	092748.30	108.53719201	34.22340965	42.55	0.0290	0.0620	-1.0260	2.25	50	47	1
1672	1	1	0	170803	092748.40	108.53719976	34.22341160	42.55	-0.0090	-0.0660	-0.9730	3.69	50	47	1
1673	1	1	0	170803	092748.50	108.53720737	34.22341357	42.55	0.0020	0.0600	-0.9940	3.69	50	48	1
1674	1	1	0	170803	092748.60	108.53721512	34.22341554	42.55	0.0230	-0.0410	-1.0180	3.69	50	47	1
1675	1	1	0	170803	092748.70	108.53722275	34.22341754	42.55	0.0200	-0.0380	-1.0640	3.69	50	47	1
1676	1	1	0	170803	092748.80	108.53723048	34.22341962	42.55	-0.0150	-0.0060	-1.0460	3.48	50	47	1
1677	1	1	0	170803	092748.90	108.53723813	34.22342159	42.55	-0.0370	-0.0220	-0.9920	3.48	50	47	1
1678	1	1	0	170803	092749.00	108.53724582	34.22342369	42.55	0.0400	-0.0220	-1.0590	2.91	50	47	1
1679	1	1	0	170803	092749.10	108.53725345	34.22342564	42.55	-0.0050	0.0910	-1.0430	2.91	50	47	1
1680	1	1	0	170803	092749.20	108.53726114	34.22342761	42.55	-0.0060	-0.0120	-0.9870	2.91	50	47	1
1681	1	1	0	170803	092749.30	108.53726875	34.22342955	42.55	-0.0180	-0.0660	-0.9610	2.91	50	47	1
1682	1	1	0	170803	092749.40	108.53727636	34.22343155	42.55	-0.0250	-0.0050	-1.0230	2.39	50	47	1
1683	1	1	0	170803	092749.50	108.53728396	34.22343351	42.55	0.0550	-0.0280	-0.9990	2.39	50	47	1
1684	1	1	0	170803	092749.60	108.53729162	34.22343557	42.55	-0.0180	0.0010	-1.0420	2.39	50	47	1
1685	1	1	0	170803	092749.70	108.53729922	34.22343751	42.55	-0.0150	0.0520	-0.9690	1.96	50	47	1
1686	1	1	0	170803	092749.80	108.53730680	34.22343956	42.55	0.0080	-0.0450	-0.9720	1.96	50	47	1
1687	1	1	0	170803	092749.90	108.53731433	34.22344150	42.55	0.0010	-0.0110	-1.0190	1.96	50	47	1
1688	1	1	0	170803	092750.00	108.53732187	34.22344350	42.55	-0.0480	-0.0190	-1.0840	1.84	50	46	1
1689	1	1	0	170803	092750.10	108.53732943	34.22344544	42.55	0.0170	0.0910	-0.9310	1.84	50	47	1
1690	1	1	0	170803	092750.20	108.53733690	34.22344743	42.55	0.0110	0.0320	-0.8880	1.84	50	46	1
1691	1	1	0	170803	092750.30	108.53734441	34.22344937	42.55	0.0340	-0.0570	-1.0430	1.69	50	47	1
1692	1	1	0	170803	092750.40	108.53735187	34.22345138	42.55	-0.0150	-0.0400	-1.0450	1.69	50	47	1
1693	1	1	0	170803	092750.50	108.53735938	34.22345331	42.55	-0.0020	-0.0960	-1.0720	1.69	50	46	1
1694	1	1	0	170803	092750.60	108.53736693	34.22345526	42.55	0.0460	-0.0690	-0.9560	2.47	50	47	1
1695	1	1	0	170803	092750.70	108.53737443	34.22345721	42.55	-0.0060	-0.0430	-1.0080	2.47	50	46	1
1696	1	1	0	170803	092750.80	108.53738192	34.22345924	42.55	0.1170	-0.0020	-0.9370	2.47	50	47	1
1697	1	1	0	170803	092750.90	108.53738945	34.22346121	42.55	0.0770	0.0260	-0.9430	3.43	50	47	1
1698	1	1	0	170803	092751.00	108.53739690	34.22346334	42.55	0.0070	-0.0420	-0.9490	3.43	50	47	1
1699	1	1	0	170803	092751.10	108.53740445	34.22346533	42.55	0.0220	-0.0030	-1.1000	3.43	50	47	1
1700	1	1	0	170803	092751.20	108.53741211	34.22346729	42.55	0.0310	-0.0340	-1.0380	3.27	50	47	1
1701	1	1	0	170803	092751.30	108.53741971	34.22346928	42.55	0.0530	0.0010	-0.9720	3.27	50	47	1
1702	1	1	0	170803	092751.40	108.53742737	34.22347135	42.55	-0.0440	-0.0360	-0.9630	3.27	50	47	1
1703	1	1	0	170803	092751.50	108.53743497	34.22347334	42.55	0.0450	0.0630	-0.8750	2.54	50	47	1
1704	1	1	0	170803	092751.60	108.53744286	34.22347555	42.55	0.0310	-0.0140	-0.9940	2.54	50	47	1
1705	1	1	0	170803	092751.70	108.53745048	34.22347756	42.55	0.0190	0.0250	-1.0470	2.54	50	47	1
1706	1	1	0	170803	092751.80	108.53745829	34.22347974	42.55	-0.0080	0.0130	-0.9560	2.37	50	47	1
1707	1	1	0	170803	092751.90	108.53746587	34.22348176	42.55	-0.0650	-0.0180	-0.9960	2.37	50	47	1
1708	1	1	0	170803	092752.00	108.53747363	34.22348389	42.55	0.0020	-0.0040	-0.9870	2.37	50	47	1
1709	1	1	0	170803	092752.10	108.53748121	34.22348592	42.55	0.0040	-0.0600	-1.0430	2.29	50	47	1
1710	1	1	0	170803	092752.20	108.53748883	34.22348809	42.55	0.0400	0.0470	-1.0040	2.29	50	47	1
1711	1	1	0	170803	092752.30	108.53749641	34.22349011	42.55	0.0050	-0.0160	-0.9690	2.29	50	47	1
1712	1	1	0	170803	092752.40	108.53750399	34.22349205	42.55	-0.0210	0.0100	-0.9450	2.23	50	47	1
1713	1	1	0	170803	092752.50	108.53751156	34.22349403	42.55	-0.0030	0.0510	-1.0100	2.23	50	47	1
1714	1	1	0	170803	092752.60	108.53751903	34.22349597	42.55	0.0110	0.0240	-0.9940	2.23	50	47	1
1715	1	1	0	170803	092752.70	108.53752660	34.22349796	42.55	0.0110	0.0410	-1.0240	2.23	50	47	1
1716	1	1	0	170803	092752.80	108.53753411	34.22349988	42.55	0.0150	0.0170	-0.9620	2.16	50	47	1
1717	1	1	0	170803	092752.90	108.53754164	34.22350185	42.55	-0.0230	-0.0320	-0.9740	2.16	50	47	1
1718	1	1	0	170803	092753.00	108.53754922	34.22350372	42.55	-0.1180	-0.0170	-0.9910	2.14	50	47	1
1719	1	1	0	170803	092753.10	108.53755675	34.22350571	42.55	0.0870	-0.0490	-1.0830	2.14	50	46	1
1720	1	1	0	170803	092753.20	108.53756427	34.22350762	42.55	-0.0240	-0.0050	-1.0400	2.14	50	47	1
1721	1	1	0	170803	092753.30	108.53757179	34.22350959	42.55	-0.0550	-0.0370	-0.9550	2.14	50	47	1
1722	1	1	0	170803	092753.40	108.53757930	34.22351150	42.55	0.0350	0.0190	-1.0200	2.16	50	46	1
1723	1	1	0	170803	092753.50	108.53758681	34.22351346	42.55	-0.0440	-0.0320	-1.0380	2.16	50	47	1
1724	1	1	0	170803	092753.60	108.53759443	34.22351547	42.55	-0.0540	0.0120	-0.9500	2.16	50	46	1
1725	1	1	0	170803	092753.70	108.53760190	34.22351743	42.55	-0.0050	0.0380	-0.9530	2.60	50	47	1
1726	1	1	0	170803	092753.80	108.53760930	34.22351937	42.55	-0.0230	-0.0270	-1.0810	2.60	50	47	1
1727	1	1	0	170803	092753.90	108.53761680	34.22352134	42.55	0.0510	-0.0730	-0.9420	2.60	50	46	1
1728	1	1	0	170803	092754.00	108.53762421	34.22352334	42.55	0.0420	-0.0330	-1.0190	4.08	50	47	1
1729	1	1	0	170803	092754.10	108.53763174	34.22352530	42.55	0.0230	0.0010	-1.0540	4.08	50	47	1
1730	1	1	0	170803	092754.20	108.53763924	34.22352725	42.55	0.0810	0.0250	-0.9630	4.08	50	47	1
1731	1	1	0	170803	092754.30	108.53764682	34.22352924	42.55	0.0480	0.0730	-1.0580	4.01	50	47	1
1732	1	1	0	170803	092754.40	108.53765432	34.22353129	42.55	-0.0320	0.0350	-0.9480	4.01	50	47	1
1733	1	1	0	170803	092754.50	108.53766189	34.22353324	42.55	0.0840	-0.0040	-1.0330	4.01	50	47	1
1734	1	1	0	170803	092754.60	108.53766949	34.22353543	42.55	0.0070	-0.0530	-1.1250	3.58	50	47	1
1735	1	1	0	170803	092754.70	108.53767711	34.22353739	42.55	0.0640	0.0860	-0.8600	3.58	50	47	1
1736	1	1	0	170803	092754.80	108.53768480	34.22353947	42.55	-0.0180	-0.0990	-0.9660	3.58	50	47	1
1737	1	1	0	170803	092754.90	108.53769242	34.22354142	42.55	-0.0270	-0.0120	-0.9650	2.92	50	47	1
1738	1	1	0	170803	092755.00	108.53770006	34.22354348	42.55	-0.0150	-0.0450	-1.0640	2.92	50	47	1
1739	1	1	0	170803	092755.10	108.53770764	34.22354543	42.55	0.0380	-0.0570	-1.0780	2.92	50	47	1
1740	1	1	0	170803	092755.20	108.53771534	34.22354737	42.55	0.0040	0.0890	-1.1300	2.61	50	47	1
1741	1	1	0	170803	092755.30	108.53772296	34.22354931	42.55	-0.0140	-0.1520	-1.0160	2.61	50	47	1
1742	1	1	0	170803	092755.40	108.53773054	34.22355116	42.55	-0.0010	-0.0080	-0.9630	2.61	50	47	1
1743	1	1	0	170803	092755.50	108.53773812	34.22355308	42.55	-0.0270	-0.0210	-1.0240	2.52	50	47	1
1744	1	1	0	170803	092755.60	108.53774571	34.22355489	42.55	-0.0010	-0.0060	-1.0100	2.52	50	47	1
1745	1	1	0	170803	092755.70	108.53775329	34.22355681	42.55	0.0010	-0.0850	-1.0110	2.52	50	47	1
1746	1	1	0	170803	092755.80	108.53776091	34.22355860	42.55	-0.0180	-0.0140	-0.9970	2.37	50	47	1
1747	1	1	0	170803	092755.90	108.53776845	34.22356050	42.55	-0.0130	-0.0690	-0.9530	2.37	50	47	1
1748	1	1	0	170803	092756.00	108.53777609	34.22356227	42.55	0.0300	-0.0390	-1.0000	2.37	50	47	1
1749	1	1	0	170803	092756.10	108.53778363	34.22356419	42.55	0.0350	-0.0270	-0.9970	2.32	50	47	1
1750	1	1	0	170803	092756.20	108.53779121	34.22356596	42.55	-0.0400	-0.0870	-1.0260	2.32	50	47	1
1751	1	1	0	170803	092756.30	108.53779873	34.22356788	42.55	0.0110	-0.0400	-0.9900	2.32	50	46	1
1752	1	1	0	170803	092756.40	108.53780628	34.22356969	42.55	0.0310	-0.0880	-1.0240	2.26	50	47	1
1753	1	1	0	170803	092756.50	108.53781380	34.22357159	42.55	-0.0170	-0.0270	-1.0210	2.26	50	46	1
1754	1	1	0	170803	092756.60	108.53782142	34.22357337	42.55	-0.0070	0.0220	-1.0050	2.26	50	47	1
1755	1	1	0	170803	092756.70	108.53782892	34.22357529	42.55	-0.0040	-0.0750	-0.9130	2.26	50	47	1
1756	1	1	0	170803	092756.80	108.53783651	34.22357714	42.55	0.0370	-0.0620	-1.0540	2.78	50	47	1
1757	1	1	0	170803	092756.90	108.53784406	34.22357909	42.55	0.0090	-0.0300	-1.0000	2.78	50	47	1
1758	1	1	0	170803	092757.00	108.53785155	34.22358101	42.55	0.0640	-0.0460	-1.0210	4.20	50	47	1
1759	1	1	0	170803	092757.10	108.53785911	34.22358297	42.55	0.0290	-0.0730	-1.0780	4.20	50	47	1
1760	1	1	0	170803	092757.20	108.53786660	34.22358495	42.55	0.0080	0.0980	-0.9760	4.20	50	47	1
1761	1	1	0	170803	092757.30	108.53787417	34.22358691	42.55	-0.0050	-0.1280	-1.0080	4.20	50	47	1
1762	1	1	0	170803	092757.40	108.53788179	34.22358881	42.55	0.0480	-0.0230	-1.0650	4.22	50	47	1
1763	1	1	0	170803	092757.50	108.53788939	34.22359079	42.55	-0.0250	-0.0640	-1.0470	4.22	50	47	1
1764	1	1	0	170803	092757.60	108.53789713	34.22359262	42.55	0.0130	-0.0820	-0.9940	4.22	50	47	1
1765	1	1	0	170803	092757.70	108.53790476	34.22359458	42.55	0.0000	0.0290	-1.0830	3.39	50	47	1
1766	1	1	0	170803	092757.80	108.53791251	34.22359640	42.55	-0.0170	-0.0150	-1.0950	3.39	50	47	1
1767	1	1	0	170803	092757.90	108.53792011	34.22359835	42.55	0.0290	-0.0200	-0.9670	3.39	50	47	1
1768	1	1	0	170803	092758.00	108.53792785	34.22360010	42.55	-0.0430	-0.0280	-1.0300	2.82	50	47	1
1769	1	1	0	170803	092758.10	108.53793541	34.22360207	42.55	0.0020	-0.0500	-1.0330	2.82	50	47	1
1770	1	1	0	170803	092758.20	108.53794298	34.22360396	42.55	0.0270	0.0400	-1.0480	2.82	50	47	1
1771	1	1	0	170803	092758.30	108.53795057	34.22360588	42.55	-0.0580	-0.0300	-0.9730	2.71	50	47	1
1772	1	1	0	170803	092758.40	108.53795803	34.22360779	42.55	-0.0180	0.0030	-1.0540	2.71	50	47	1
1773	1	1	0	170803	092758.50	108.53796560	34.22360974	42.55	0.0020	-0.0440	-0.9790	2.71	50	47	1
1774	1	1	0	170803	092758.60	108.53797309	34.22361164	42.55	-0.0090	-0.0060	-0.9750	2.50	50	47	1
1775	1	1	0	170803	092758.70	108.53798063	34.22361358	42.55	0.0010	-0.0460	-1.0480	2.50	50	47	1
1776	1	1	0	170803	092758.80	108.53798809	34.22361557	42.55	-0.0060	0.0050	-0.9590	2.50	50	47	1
1777	1	1	0	170803	092758.90	108.53799563	34.22361751	42.55	-0.0710	-0.0410	-0.9820	2.48	50	46	1
1778	1	1	0	170803	092759.00	108.53800304	34.22361952	42.55	-0.0490	-0.0940	-1.0250	2.48	50	46	1
1779	1	1	0	170803	092759.10	108.53801053	34.22362149	42.55	0.0200	-0.0100	-0.9890	2.48	50	46	1
1780	1	1	0	170803	092759.20	108.53801796	34.22362345	42.55	0.0260	-0.0870	-0.9790	2.35	50	46	1
1781	1	1	0	170803	092759.30	108.53802545	34.22362544	42.55	-0.0110	-0.0750	-1.1090	2.35	50	47	1
1782	1	1	0	170803	092759.40	108.53803290	34.22362741	42.55	-0.0020	-0.0120	-0.9480	2.35	50	47	1
1783	1	1	0	170803	092759.50	108.53804041	34.22362935	42.55	-0.0150	-0.0380	-1.0850	2.39	50	47	1
1784	1	1	0	170803	092759.60	108.53804794	34.22363128	42.55	0.0180	0.0140	-0.9970	2.39	50	47	1
1785	1	1	0	170803	092759.70	108.53805546	34.22363327	42.55	0.0730	0.0180	-0.9760	2.39	50	47	1
1786	1	1	0	170803	092759.80	108.53806311	34.22363513	42.55	0.0500	0.0320	-1.0110	3.44	50	47	1
1787	1	1	0	170803	092759.90	108.53807068	34.22363710	42.55	0.0550	0.0120	-0.9660	3.44	50	47	1
1788	1	1	0	170803	092800.00	108.53807835	34.22363900	42.55	-0.0120	0.0180	-0.9430	3.44	50	47	1
1789	1	1	0	170803	092800.10	108.53808593	34.22364100	42.55	0.0250	0.0080	-0.9390	4.44	50	47	1
1790	1	1	0	170803	092800.20	108.53809360	34.22364289	42.55	0.0120	0.0000	-0.9220	4.44	50	47	1
1791	1	1	0	170803	092800.30	108.53810119	34.22364489	42.55	0.0330	-0.0170	-1.0350	4.44	50	47	1
1792	1	1	0	170803	092800.40	108.53810886	34.22364681	42.55	0.0050	0.0290	-0.9400	4.47	50	47	1
1793	1	1	0	170803	092800.50	108.53811645	34.22364882	42.55	0.0280	-0.0480	-0.9620	4.47	50	47	1
1794	1	1	0	170803	092800.60	108.53812412	34.22365073	42.55	-0.0320	0.0170	-0.9980	4.47	50	47	1
1795	1	1	0	170803	092800.70	108.53813167	34.22365273	42.55	-0.0020	0.0350	-0.9100	4.47	50	47	1
1796	1	1	0	170803	092800.80	108.53813932	34.22365469	42.55	-0.0540	-0.0190	-1.0500	4.20	50	47	1
1797	1	1	0	170803	092800.90	108.53814685	34.22365669	42.55	0.0020	-0.0260	-0.9700	4.20	50	47	1
1798	1	1	0	170803	092801.00	108.53815440	34.22365870	42.55	-0.0410	-0.0060	-1.0760	3.37	50	47	1
1799	1	1	0	170803	092801.10	108.53816192	34.22366071	42.55	0.0270	-0.0480	-1.0300	3.37	50	47	1
1800	1	1	0	170803	092801.20	108.53816950	34.22366273	42.55	0.0410	0.0040	-0.9180	3.37	50	47	1
1801	1	1	0	170803	092801.30	108.53817701	34.22366472	42.55	0.0040	0.0200	-1.0390	3.37	50	46	1
1802	1	1	0	170803	092801.40	108.53818462	34.22366676	42.55	-0.0170	-0.0230	-0.9150	2.84	50	47	1
1803	1	1	0	170803	092801.50	108.53819209	34.22366875	42.55	-0.0660	0.0190	-0.9740	2.84	50	46	1
1804	1	1	0	170803	092801.60	108.53819967	34.22367069	42.55	-0.0400	-0.0200	-1.0810	2.84	50	47	1
1805	1	1	0	170803	092801.70	108.53820715	34.22367267	42.55	0.0210	-0.0830	-0.9200	2.62	50	47	1
1806	1	1	0	170803	092801.80	108.53821474	34.22367456	42.55	0.0510	0.0360	-1.0700	2.62	50	46	1
1807	1	1	0	170803	092801.90	108.53822222	34.22367656	42.55	0.0250	-0.0170	-1.0240	2.62	50	47	1
1808	1	1	0	170803	092802.00	108.53822972	34.22367856	42.55	0.0490	-0.0610	-0.9810	2.51	50	47	1
1809	1	1	0	170803	092802.10	108.53823723	34.22368058	42.55	0.0590	0.0540	-1.0190	2.51	50	47	1
1810	1	1	0	170803	092802.20	108.53824478	34.22368259	42.55	0.0130	-0.0740	-1.0220	2.51	50	47	1
1811	1	1	0	170803	092802.30	108.53825231	34.22368460	42.55	0.0390	-0.0330	-0.9950	2.45	50	47	1
1812	1	1	0	170803	092802.40	108.53825976	34.22368673	42.55	0.0090	-0.0230	-1.0520	2.45	50	47	1
1813	1	1	0	170803	092802.50	108.53826733	34.22368877	42.55	0.0560	-0.0440	-0.9440	2.45	50	47	1
1814	1	1	0	170803	092802.60	108.53827477	34.22369086	42.55	-0.0000	-0.0940	-1.0330	2.40	50	47	1
1815	1	1	0	170803	092802.70	108.53828235	34.22369292	42.55	0.0230	-0.0060	-0.9720	2.40	50	47	1
1816	1	1	0	170803	092802.80	108.53828981	34.22369504	42.55	-0.0070	0.0910	-1.0710	2.40	50	47	1
1817	1	1	0	170803	092802.90	108.53829740	34.22369710	42.55	-0.0180	-0.2180	-1.0180	2.34	50	47	1
1818	1	1	0	170803	092803.00	108.53830486	34.22369920	42.55	0.0510	0.0190	-0.9580	2.34	50	47	1
1819	1	1	0	170803	092803.10	108.53831244	34.22370124	42.55	0.0250	-0.0920	-1.0300	2.34	50	47	1
1820	1	1	0	170803	092803.20	108.53831988	34.22370342	42.55	0.0040	-0.0000	-1.0070	3.39	50	47	1
1821	1	1	0	170803	092803.30	108.53832742	34.22370546	42.55	0.0280	-0.0010	-0.8560	3.39	50	47	1
1822	1	1	0	170803	092803.40	108.53833490	34.22370753	42.55	0.0110	0.0070	-1.0420	3.39	50	47	1
1823	1	1	0	170803	092803.50	108.53834245	34.22370957	42.55	-0.0040	0.0200	-1.0600	3.94	50	47	1
1824	1	1	0	170803	092803.60	108.53834999	34.22371154	42.55	0.0020	-0.0260	-1.0300	3.94	50	47	1
1825	1	1	0	170803	092803.70	108.53835753	34.22371360	42.55	0.0050	-0.0470	-1.0000	3.94	50	47	1
1826	1	1	0	170803	092803.80	108.53836509	34.22371560	42.55	-0.0450	0.0660	-0.8820	4.38	50	47	1
1827	1	1	0	170803	092803.90	108.53837259	34.22371764	42.55	0.0280	-0.0190	-0.8790	4.38	50	46	1
1828	1	1	0	170803	092804.00	108.53838007	34.22371967	42.55	-0.0000	0.0370	-1.0490	4.38	50	46	1
1829	1	1	0	170803	092804.10	108.53838755	34.22372173	42.55	0.0370	-0.0480	-0.9810	3.81	50	46	1
1830	1	1	0	170803	092804.20	108.53839501	34.22372373	42.55	0.0120	-0.0160	-0.9870	3.81	50	46	1
1831	1	1	0	170803	092804.30	108.53840250	34.22372576	42.55	-0.0370	-0.0270	-1.0100	3.81	50	47	1
1832	1	1	0	170803	092804.40	108.53841017	34.22372766	42.55	-0.0810	0.0160	-1.0230	3.16	50	46	1
1833	1	1	0	170803	092804.50	108.53841763	34.22372970	42.55	0.0530	0.0720	-0.9320	3.16	50	47	1
1834	1	1	0	170803	092804.60	108.53842518	34.22373171	42.55	0.0480	-0.0310	-0.9930	3.16	50	47	1
1835	1	1	0	170803	092804.70	108.53843263	34.22373374	42.55	0.0060	-0.0390	-0.9530	3.16	50	46	1
1836	1	1	0	170803	092804.80	108.53844013	34.22373578	42.55	-0.0160	0.0610	-0.9630	2.73	50	47	1
1837	1	1	0	170803	092804.90	108.53844759	34.22373785	42.55	0.0280	-0.1640	-0.9900	2.73	50	47	1
1838	1	1	0	170803	092805.00	108.53845504	34.22373996	42.55	0.0840	0.0580	-1.0950	2.56	50	47	1
1839	1	1	0	170803	092805.10	108.53846257	34.22374200	42.55	0.0080	-0.0800	-1.1350	2.56	50	47	1
1840	1	1	0	170803	092805.20	108.53847007	34.22374423	42.55	0.0080	0.0310	-0.9220	2.56	50	47	1
1841	1	1	0	170803	092805.30	108.53847759	34.22374631	42.55	-0.0090	-0.0720	-1.0230	2.56	50	47	1
1842	1	1	0	170803	092805.40	108.53848522	34.22374866	42.55	0.0140	0.0150	-1.0040	2.51	50	47	1
1843	1	1	0	170803	092805.50	108.53849279	34.22375074	42.55	0.0170	-0.0210	-1.0380	2.51	50	47	1
1844	1	1	0	170803	092805.60	108.53850023	34.22375304	42.55	0.0070	-0.0740	-1.0300	2.51	50	47	1
1845	1	1	0	170803	092805.70	108.53850780	34.22375512	42.55	0.0390	-0.0040	-0.9960	2.42	50	47	1
1846	1	1	0	170803	092805.80	108.53851522	34.22375739	42.55	-0.0090	0.0000	-1.1150	2.42	50	47	1
1847	1	1	0	170803	092805.90	108.53852280	34.22375946	42.55	0.0370	0.0460	-0.9960	2.42	50	47	1
1848	1	1	0	170803	092806.00	108.53853024	34.22376167	42.55	-0.0310	0.0260	-1.0240	2.40	50	47	1
1849	1	1	0	170803	092806.10	108.53853779	34.22376374	42.55	-0.0230	-0.0420	-1.0050	2.40	50	47	1
1850	1	1	0	170803	092806.20	108.53854524	34.22376595	42.55	-0.0000	-0.0120	-0.9980	2.40	50	47	1
1851	1	1	0	170803	092806.30	108.53855277	34.22376801	42.55	-0.0190	0.0260	-1.0110	3.06	50	47	1
1852	1	1	0	170803	092806.40	108.53856021	34.22377017	42.55	-0.0100	-0.0110	-1.0490	3.06	50	47	1
1853	1	1	0	170803	092806.50	108.53856770	34.22377223	42.55	0.0250	-0.0040	-1.0710	3.06	50	47	1
1854	1	1	0	170803	092806.60	108.53857511	34.22377436	42.55	-0.0650	0.0630	-1.0850	3.89	50	46	1
1855	1	1	0	170803	092806.70	108.53858262	34.22377642	42.55	0.0470	-0.1140	-1.0110	3.89	50	47	1
1856	1	1	0	170803	092806.80	108.53859001	34.22377856	42.55	0.0390	-0.0590	-0.9750	3.89	50	46	1
1857	1	1	0	170803	092806.90	108.53859746	34.22378061	42.55	0.0080	0.0230	-0.9490	3.81	50	47	1
1858	1	1	0	170803	092807.00	108.53860485	34.22378269	42.55	-0.0520	0.0110	-1.0250	3.81	50	47	1
1859	1	1	0	170803	092807.10	108.53861233	34.22378473	42.55	0.0180	-0.0510	-1.0590	3.81	50	46	1
1860	1	1	0	170803	092807.20	108.53861971	34.22378680	42.55	0.0910	0.0220	-1.0190	3.27	50	47	1
1861	1	1	0	170803	092807.30	108.53862718	34.22378885	42.55	0.0240	-0.0450	-1.0250	3.27	50	47	1
1862	1	1	0	170803	092807.40	108.53863465	34.22379092	42.55	0.0290	0.0220	-1.0300	3.27	50	47	1
1863	1	1	0	170803	092807.50	108.53864215	34.22379298	42.55	0.0200	-0.0470	-0.9760	2.44	50	47	1
1864	1	1	0	170803	092807.60	108.53864971	34.22379508	42.55	0.0840	0.0850	-0.9190	2.44	50	47	1
1865	1	1	0	170803	092807.70	108.53865721	34.22379719	42.55	0.0240	-0.0140	-0.9260	2.44	50	47	1
1866	1	1	0	170803	092807.80	108.53866477	34.22379929	42.55	0.0470	0.0230	-0.9620	2.16	50	47	1
1867	1	1	0	170803	092807.90	108.53867233	34.22380141	42.55	0.0400	-0.0430	-1.0040	2.16	50	47	1
1868	1	1	0	170803	092808.00	108.53867991	34.22380355	42.55	0.0310	-0.0320	-0.9380	2.16	50	47	1
1869	1	1	0	170803	092808.10	108.53868748	34.22380566	42.55	0.0250	0.0450	-0.9720	1.99	50	47	1
1870	1	1	0	170803	092808.20	108.53869508	34.22380782	42.55	0.0290	-0.0010	-0.9700	1.99	50	47	1
1871	1	1	0	170803	092808.30	108.53870263	34.22380994	42.55	0.0450	-0.0200	-1.0500	1.99	50	47	1
1872	1	1	0	170803	092808.40	108.53871020	34.22381208	42.55	-0.0300	-0.0540	-1.0080	1.87	50	47	1
1873	1	1	0	170803	092808.50	108.53871774	34.22381421	42.55	-0.0330	-0.1140	-0.9650	1.87	50	47	1
1874	1	1	0	170803	092808.60	108.53872529	34.22381634	42.55	-0.0190	0.0060	-1.0080	1.87	50	47	1
1875	1	1	0	170803	092808.70	108.53873283	34.22381847	42.55	-0.0440	-0.0220	-1.0430	1.87	50	47	1
1876	1	1	0	170803	092808.80	108.53874038	34.22382065	42.55	0.0130	0.0700	-1.0210	1.81	50	47	1
1877	1	1	0	170803	092808.90	108.53874788	34.22382280	42.55	-0.0380	0.0010	-1.0610	1.81	50	47	1
1878	1	1	0	170803	092809.00	108.53875536	34.22382493	42.55	0.0480	0.0050	-0.9670	1.77	50	47	1
1879	1	1	0	170803	092809.10	108.53876285	34.22382705	42.55	-0.0550	0.0110	-1.0590	1.77	50	47	1
1880	1	1	0	170803	092809.20	108.53877031	34.22382918	42.55	-0.0200	-0.0300	-1.0220	1.77	50	47	1
1881	1	1	0	170803	092809.30	108.53877778	34.22383132	42.55	0.0360	-0.0580	-1.0090	1.77	50	47	1
1882	1	1	0	170803	092809.40	108.53878525	34.22383347	42.55	-0.0230	-0.0810	-1.0630	1.74	50	47	1
1883	1	1	0	170803	092809.50	108.53879270	34.22383560	42.55	0.0450	-0.0170	-0.9610	1.74	50	47	1
1884	1	1	0	170803	092809.60	108.53880015	34.22383772	42.55	-0.0290	0.0260	-1.0100	1.74	50	47	1
1885	1	1	0	170803	092809.70	108.53880758	34.22383985	42.55	-0.0260	-0.0350	-0.9470	1.79	50	46	1
1886	1	1	0	170803	092809.80	108.53881485	34.22384201	42.55	-0.0410	-0.0470	-1.0440	1.79	50	47	1
1887	1	1	0	170803	092809.90	108.53882227	34.22384418	42.55	0.0330	-0.0750	-1.0340	1.79	50	46	1
1888	1	1	0	170803	092810.00	108.53882953	34.22384639	42.55	0.0090	0.0170	-0.9570	3.11	50	47	1
1889	1	1	0	170803	092810.10	108.53883697	34.22384856	42.55	-0.1050	-0.0580	-1.0000	3.11	50	47	1
1890	1	1	0	170803	092810.20	108.53884428	34.22385080	42.55	-0.0090	-0.0910	-0.9790	3.11	50	47	1
1891	1	1	0	170803	092810.30	108.53885170	34.22385300	42.55	0.0790	-0.0470	-1.0090	3.68	50	47	1
1892	1	1	0	170803	092810.40	108.53885894	34.22385538	42.55	0.0100	-0.0290	-1.0270	3.68	50	47	1
1893	1	1	0	170803	092810.50	108.53886643	34.22385758	42.55	0.0350	0.0210	-1.0500	3.68	50	47	1
1894	1	1	0	170803	092810.60	108.53887372	34.22385999	42.55	0.0770	-0.0260	-1.0880	3.28	50	47	1
1895	1	1	0	170803	092810.70	108.53888122	34.22386223	42.55	0.0380	-0.0570	-1.0000	3.28	50	47	1
1896	1	1	0	170803	092810.80	108.53888859	34.22386454	42.55	-0.0130	-0.0400	-1.0550	3.28	50	47	1
1897	1	1	0	170803	092810.90	108.53889612	34.22386679	42.55	0.0750	-0.0240	-1.0240	2.56	50	48	1
1898	1	1	0	170803	092811.00	108.53890359	34.22386904	42.55	0.0080	-0.0460	-0.9820	2.56	50	47	1
1899	1	1	0	170803	092811.10	108.53891111	34.22387129	42.55	-0.0300	-0.0260	-0.8980	2.56	50	47	1
1900	1	1	0	170803	092811.20	108.53891858	34.22387355	42.55	0.0010	-0.0320	-0.9630	2.19	50	48	1
1901	1	1	0	170803	092811.30	108.53892612	34.22387578	42.55	0.0230	-0.0250	-0.9850	2.19	50	47	1
1902	1	1	0	170803	092811.40	108.53893362	34.22387799	42.55	-0.0050	0.0140	-1.0140	2.19	50	47	1
1903	1	1	0	170803	092811.50	108.53894113	34.22388022	42.55	0.0230	-0.0880	-1.0320	1.98	50	47	1
1904	1	1	0	170803	092811.60	108.53894867	34.22388240	42.55	0.0270	0.0380	-1.0280	1.98	50	47	1
1905	1	1	0	170803	092811.70	108.53895617	34.22388462	42.55	-0.0300	0.0010	-0.9320	1.98	50	47	1
1906	1	1	0	170803	092811.80	108.53896369	34.22388689	42.55	0.0030	0.0280	-0.9960	1.87	50	47	1
1907	1	1	0	170803	092811.90	108.53897120	34.22388911	42.55	-0.0100	-0.0520	-1.0370	1.87	50	47	1
1908	1	1	0	170803	092812.00	108.53897876	34.22389126	42.55	-0.0120	-0.0130	-0.9200	1.87	50	47	1
1909	1	1	0	170803	092812.10	108.53898623	34.22389347	42.55	0.0140	-0.0090	-0.9420	1.77	50	47	1
1910	1	1	0	170803	092812.20	108.53899376	34.22389558	42.55	-0.0030	-0.0840	-1.0260	1.77	50	47	1
1911	1	1	0	170803	092812.30	108.53900124	34.22389780	42.55	-0.0320	-0.0540	-1.0450	1.77	50	47	1
1912	1	1	0	170803	092812.40	108.53900872	34.22389991	42.55	-0.0140	0.0710	-0.9900	1.84	50	47	1
1913	1	1	0	170803	092812.50	108.53901614	34.22390209	42.55	-0.0600	-0.0280	-1.0680	1.84	50	47	1
1914	1	1	0	170803	092812.60	108.53902359	34.22390417	42.55	0.0260	0.0050	-1.0080	1.84	50	46	1
1915	1	1	0	170803	092812.70	108.53903104	34.22390636	42.55	-0.0460	0.0280	-1.1160	1.84	50	46	1
1916	1	1	0	170803	092812.80	108.53903864	34.22390834	42.55	0.0590	0.0430	-0.9500	1.82	50	47	1
1917	1	1	0	170803	092812.90	108.53904607	34.22391051	42.55	-0.0520	0.0540	-0.9590	1.82	50	46	1
1918	1	1	0	170803	092813.00	108.53905366	34.22391261	42.55	0.0720	0.0720	-0.9620	2.15	50	47	1
1919	1	1	0	170803	092813.10	108.53906105	34.22391480	42.55	0.0330	-0.0160	-1.0430	2.15	50	47	1
1920	1	1	0	170803	092813.20	108.53906858	34.22391690	42.55	0.0340	-0.0140	-1.0820	2.15	50	47	1
1921	1	1	0	170803	092813.30	108.53907600	34.22391906	42.55	-0.0830	0.1070	-0.9470	2.15	50	47	1
1922	1	1	0	170803	092813.40	108.53908356	34.22392099	42.55	0.0180	0.0070	-1.0540	3.64	50	47	1
1923	1	1	0	170803	092813.50	108.53909102	34.22392316	42.55	0.0310	0.0150	-1.0710	3.64	50	47	1
1924	1	1	0	170803	092813.60	108.53909863	34.22392509	42.55	0.0080	-0.0670	-1.0340	3.64	50	47	1
1925	1	1	0	170803	092813.70	108.53910615	34.22392725	42.55	0.0560	-0.0220	-1.0300	3.70	50	47	1
1926	1	1	0	170803	092813.80	108.53911378	34.22392922	42.55	0.0500	-0.0120	-0.9450	3.70	50	48	1
1927	1	1	0	170803	092813.90	108.53912128	34.22393140	42.55	0.0660	-0.0420	-0.9360	3.70	50	47	1
1928	1	1	0	170803	092814.00	108.53912888	34.22393343	42.55	0.0520	0.0560	-0.9860	2.96	50	47	1
1929	1	1	0	170803	092814.10	108.53913645	34.22393559	42.55	0.0120	-0.1120	-1.0280	2.96	50	47	1
1930	1	1	0	170803	092814.20	108.53914406	34.22393766	42.55	-0.0070	0.0610	-0.9900	2.96	50	47	1
1931	1	1	0	170803	092814.30	108.53915161	34.22393983	42.55	0.0260	-0.0600	-0.9330	2.67	50	47	1
1932	1	1	0	170803	092814.40	108.53915913	34.22394206	42.55	-0.0310	-0.0370	-0.9190	2.67	50	47	1
1933	1	1	0	170803	092814.50	108.53916664	34.22394425	42.55	-0.0020	0.0050	-0.9880	2.67	50	47	1
1934	1	1	0	170803	092814.60	108.53917420	34.22394643	42.55	0.0180	0.0060	-1.0880	2.27	50	47	1
1935	1	1	0	170803	092814.70	108.53918172	34.22394861	42.55	-0.0200	-0.0250	-0.9820	2.27	50	47	1
1936	1	1	0	170803	092814.80	108.53918924	34.22395068	42.55	-0.0350	-0.0370	-0.9910	2.27	50	47	1
1937	1	1	0	170803	092814.90	108.53919676	34.22395286	42.55	-0.0190	-0.0660	-0.9420	2.03	50	47	1
1938	1	1	0	170803	092815.00	108.53920429	34.22395491	42.55	0.0010	-0.0070	-1.0890	2.03	50	47	1
1939	1	1	0	170803	092815.10	108.53921177	34.22395710	42.55	0.0290	-0.0310	-1.1960	2.03	50	47	1
1940	1	1	0	170803	092815.20	108.53921926	34.22395920	42.55	0.0130	0.0130	-0.9950	2.17	50	47	1
1941	1	1	0	170803	092815.30	108.53922672	34.22396141	42.55	-0.0410	-0.0050	-1.0050	2.17	50	46	1
1942	1	1	0	170803	092815.40	108.53923419	34.22396355	42.55	-0.0680	0.0000	-0.8920	2.17	50	47	1
1943	1	1	0	170803	092815.50	108.53924160	34.22396575	42.55	-0.0060	0.0490	-0.8500	2.19	50	46	1
1944	1	1	0	170803	092815.60	108.53924899	34.22396788	42.55	0.0100	0.0200	-1.0650	2.19	50	46	1
1945	1	1	0	170803	092815.70	108.53925635	34.22397009	42.55	-0.0580	-0.1170	-1.0370	2.19	50	46	1
1946	1	1	0	170803	092815.80	108.53926368	34.22397230	42.55	0.0170	-0.0400	-1.0270	2.24	50	46	1
1947	1	1	0	170803	092815.90	108.53927107	34.22397452	42.55	-0.0420	0.0170	-1.0550	2.24	50	47	1
1948	1	1	0	170803	092816.00	108.53927842	34.22397671	42.55	0.0050	-0.0240	-0.9310	2.24	50	47	1
1949	1	1	0	170803	092816.10	108.53928577	34.22397892	42.55	0.0010	-0.0260	-1.0100	2.60	50	46	1
1950	1	1	0	170803	092816.20	108.53929312	34.22398112	42.55	0.0450	0.0330	-0.9360	2.60	50	47	1
1951	1	1	0	170803	092816.30	108.53930049	34.22398334	42.55	0.0630	0.0150	-1.0890	2.60	50	46	1
1952	1	1	0	170803	092816.40	108.53930792	34.22398551	42.55	0.0530	-0.0180	-0.9950	4.03	50	47	1
1953	1	1	0	170803	092816.50	108.53931533	34.22398774	42.55	0.0550	-0.0170	-1.0590	4.03	50	47	1
1954	1	1	0	170803	092816.60	108.53932290	34.22398989	42.55	0.0230	-0.0760	-1.0190	4.03	50	47	1
1955	1	1	0	170803	092816.70	108.53933031	34.22399217	42.55	0.0490	0.0420	-1.0090	4.03	50	47	1
1956	1	1	0	170803	092816.80	108.53933789	34.22399439	42.55	0.0250	-0.0080	-1.0970	4.16	50	47	1
1957	1	1	0	170803	092816.90	108.53934534	34.22399668	42.55	0.0740	-0.0170	-0.8970	4.16	50	47	1
1958	1	1	0	170803	092817.00	108.53935288	34.22399891	42.55	0.0470	0.0610	-1.0200	3.84	50	47	1
1959	1	1	0	170803	092817.10	108.53936036	34.22400121	42.55	-0.0160	-0.0230	-0.9810	3.84	50	47	1
1960	1	1	0	170803	092817.20	108.53936792	34.22400345	42.55	0.0550	-0.0200	-0.9800	3.84	50	47	1
1961	1	1	0	170803	092817.30	108.53937539	34.22400575	42.55	-0.0120	-0.0260	-1.0090	3.84	50	47	1
1962	1	1	0	170803	092817.40	108.53938291	34.22400803	42.55	-0.0210	-0.0100	-1.1050	3.02	50	47	1
1963	1	1	0	170803	092817.50	108.53939037	34.22401036	42.55	-0.0150	-0.0930	-1.0490	3.02	50	47	1
1964	1	1	0	170803	092817.60	108.53939774	34.22401271	42.55	0.0420	0.0210	-0.9830	3.02	50	47	1
1965	1	1	0	170803	092817.70	108.53940517	34.22401501	42.55	-0.0010	0.0160	-1.0880	2.67	50	47	1
1966	1	1	0	170803	092817.80	108.53941250	34.22401736	42.55	-0.0360	-0.0720	-1.0220	2.67	50	47	1
1967	1	1	0	170803	092817.90	108.53941991	34.22401968	42.55	-0.0320	0.0100	-0.9570	2.67	50	47	1
1968	1	1	0	170803	092818.00	108.53942730	34.22402187	42.55	-0.0190	-0.0150	-0.9740	2.57	50	47	1
1969	1	1	0	170803	092818.10	108.53943470	34.22402418	42.55	0.0350	0.0120	-1.0440	2.57	50	47	1
1970	1	1	0	170803	092818.20	108.53944209	34.22402651	42.55	-0.0240	-0.0710	-1.1380	2.57	50	46	1
1971	1	1	0	170803	092818.30	108.53944947	34.22402881	42.55	-0.0700	0.0710	-0.9670	2.44	50	47	1
1972	1	1	0	170803	092818.40	108.53945685	34.22403112	42.55	0.0640	-0.0210	-0.8620	2.44	50	46	1
1973	1	1	0	170803	092818.50	108.53946422	34.22403342	42.55	0.0210	0.0910	-1.0590	2.44	50	47	1
1974	1	1	0	170803	092818.60	108.53947149	34.22403577	42.55	-0.0330	-0.0070	-1.0590	2.44	50	47	1
1975	1	1	0	170803	092818.70	108.53947886	34.22403806	42.55	-0.0020	0.0500	-0.9320	2.44	50	46	1
1976	1	1	0	170803	092818.80	108.53948613	34.22404037	42.55	-0.0150	-0.0630	-0.9840	2.44	50	47	1
1977	1	1	0	170803	092818.90	108.53949349	34.22404264	42.55	0.0420	0.1110	-0.9580	2.57	50	47	1
1978	1	1	0	170803	092819.00	108.53950085	34.22404496	42.55	0.0420	-0.0450	-0.9210	2.57	50	47	1
1979	1	1	0	170803	092819.10	108.53950820	34.22404725	42.55	0.0330	-0.0130	-0.9960	2.57	50	47	1
1980	1	1	0	170803	092819.20	108.53951562	34.22404958	42.55	0.0330	-0.0460	-1.0950	4.06	50	47	1
1981	1	1	0	170803	092819.30	108.53952302	34.22405189	42.55	-0.0220	-0.0220	-0.9660	4.06	50	47	1
1982	1	1	0	170803	092819.40	108.53953041	34.22405432	42.55	0.0320	0.0350	-0.9340	4.06	50	47	1
1983	1	1	0	170803	092819.50	108.53953781	34.22405664	42.55	0.0010	0.0020	-0.9620	4.41	50	47	1
1984	1	1	0	170803	092819.60	108.53954527	34.22405908	42.55	-0.0030	0.0040	-1.0210	4.41	50	47	1
1985	1	1	0	170803	092819.70	108.53955265	34.22406143	42.55	-0.0380	-0.0200	-1.0720	4.41	50	47	1
1986	1	1	0	170803	092819.80	108.53956008	34.22406380	42.55	-0.0370	0.0460	-1.0520	3.96	50	47	1
1987	1	1	0	170803	092819.90	108.53956744	34.22406613	42.55	0.0080	-0.0490	-1.0420	3.96	50	47	1
1988	1	1	0	170803	092820.00	108.53957475	34.22406855	42.55	-0.0110	-0.0000	-1.0470	3.96	50	47	1
1989	1	1	0	170803	092820.10	108.53958212	34.22407091	42.55	0.0310	-0.0170	-0.9200	3.23	50	47	1
1990	1	1	0	170803	092820.20	108.53958942	34.22407335	42.55	-0.0660	-0.1050	-1.0380	3.23	50	47	1
1991	1	1	0	170803	092820.30	108.53959673	34.22407574	42.55	0.0180	-0.0630	-0.9150	3.23	50	46	1
1992	1	1	0	170803	092820.40	108.53960401	34.22407816	42.55	-0.0170	-0.0160	-1.0140	2.82	50	47	1
1993	1	1	0	170803	092820.50	108.53961132	34.22408054	42.55	-0.0040	-0.0340	-1.0180	2.82	50	46	1
1994	1	1	0	170803	092820.60	108.53961855	34.22408294	42.55	0.0710	-0.0950	-1.0390	2.82	50	46	1
1995	1	1	0	170803	092820.70	108.53962585	34.22408534	42.55	-0.0110	0.0040	-1.0800	2.82	50	47	1
1996	1	1	0	170803	092820.80	108.53963312	34.22408775	42.55	0.0250	-0.0620	-1.0040	2.64	50	47	1
1997	1	1	0	170803	092820.90	108.53964043	34.22409018	42.55	0.0580	-0.0450	-0.9470	2.64	50	47	1
1998	1	1	0	170803	092821.00	108.53964775	34.22409263	42.55	0.0230	-0.0040	-1.0480	2.52	50	47	1
1999	1	1	0	170803	092821.10	108.53965512	34.22409506	42.55	0.0860	-0.0210	-1.0420	2.52	50	47	1
2000	1	1	0	170803	092821.20	108.53966250	34.22409753	42.55	0.0270	0.0010	-1.0120	2.52	50	47	1
2001	1	1	0	170803	092821.30	108.53966988	34.22409998	42.55	0.0610	-0.0440	-0.9730	2.52	50	47	1
2002	1	1	0	170803	092821.40	108.53967731	34.22410244	42.55	0.0500	-0.0190	-0.9460	2.51	50	47	1
2003	1	1	0	170803	092821.50	108.53968469	34.22410489	42.55	-0.0010	0.0210	-1.0030	2.51	50	47	1
2004	1	1	0	170803	092821.60	108.53969211	34.22410734	42.55	0.0130	-0.0390	-1.0440	2.51	50	47	1
2005	1	1	0	170803	092821.70	108.53969949	34.22410982	42.55	0.0100	-0.0090	-0.9770	2.40	50	47	1
2006	1	1	0	170803	092821.80	108.53970687	34.22411234	42.55	0.0460	-0.0190	-0.9990	2.40	50	47	1
2007	1	1	0	170803	092821.90	108.53971424	34.22411482	42.55	-0.0500	-0.0350	-1.0490	2.40	50	47	1
2008	1	1	0	170803	092822.00	108.53972150	34.22411740	42.55	0.0600	-0.0360	-0.9120	3.58	50	47	1
2009	1	1	0	170803	092822.10	108.53972886	34.22411987	42.55	-0.0200	-0.0140	-1.0750	3.58	50	47	1
2010	1	1	0	170803	092822.20	108.53973610	34.22412243	42.55	0.0470	-0.0540	-0.9540	3.58	50	47	1
2011	1	1	0	170803	092822.30	108.53974344	34.22412488	42.55	0.0050	-0.0450	-1.0420	4.31	50	47	1
2012	1	1	0	170803	092822.40	108.53975064	34.22412743	42.55	-0.0240	0.0190	-0.9400	4.31	50	47	1
2013	1	1	0	170803	092822.50	108.53975797	34.22412992	42.55	-0.0130	-0.0060	-0.9660	4.31	50	47	1
2014	1	1	0	170803	092822.60	108.53976520	34.22413243	42.55	0.0660	0.0240	-0.9790	3.94	50	47	1
2015	1	1	0	170803	092822.70	108.53977251	34.22413489	42.55	0.0100	-0.0520	-1.0460	3.94	50	47	1
2016	1	1	0	170803	092822.80	108.53977973	34.22413735	42.55	0.0320	0.0870	-1.0100	3.94	50	47	1
2017	1	1	0	170803	092822.90	108.53978703	34.22413976	42.55	-0.0050	-0.0080	-0.9070	2.98	50	46	1
2018	1	1	0	170803	092823.00	108.53979433	34.22414215	42.55	-0.0140	-0.0100	-0.9400	2.98	50	46	1
2019	1	1	0	170803	092823.10	108.53980163	34.22414455	42.55	-0.0020	0.0630	-1.0440	2.98	50	46	1
2020	1	1	0	170803	092823.20	108.53980891	34.22414694	42.55	0.0200	0.0050	-0.9850	2.74	50	46	1
2021	1	1	0	170803	092823.30	108.53981622	34.22414934	42.55	0.0230	0.0060	-1.0020	2.74	50	47	1
2022	1	1	0	170803	092823.40	108.53982347	34.22415178	42.55	0.0140	-0.0560	-0.9880	2.74	50	47	1
2023	1	1	0	170803	092823.50	108.53983077	34.22415421	42.55	0.0510	0.0160	-0.9940	2.58	50	47	1
2024	1	1	0	170803	092823.60	108.53983808	34.22415666	42.55	0.0260	-0.0690	-0.9340	2.58	50	47	1
2025	1	1	0	170803	092823.70	108.53984541	34.22415909	42.55	0.0260	-0.0080	-1.0570	2.58	50	47	1
2026	1	1	0	170803	092823.80	108.53985262	34.22416169	42.55	0.0430	0.0050	-0.9920	2.52	50	47	1
2027	1	1	0	170803	092823.90	108.53985998	34.22416414	42.55	0.0040	-0.1730	-1.0250	2.52	50	47	1
2028	1	1	0	170803	092824.00	108.53986732	34.22416670	42.55	0.0290	-0.0240	-1.0380	2.52	50	47	1
2029	1	1	0	170803	092824.10	108.53987472	34.22416919	42.55	-0.0210	-0.0440	-0.9890	2.83	50	47	1
2030	1	1	0	170803	092824.20	108.53988210	34.22417178	42.55	0.0310	0.0710	-0.9090	2.83	50	47	1
2031	1	1	0	170803	092824.30	108.53988949	34.22417424	42.55	-0.0170	-0.0310	-1.0770	2.83	50	47	1
2032	1	1	0	170803	092824.40	108.53989685	34.22417681	42.55	0.0580	0.0190	-0.9190	4.03	50	47	1
2033	1	1	0	170803	092824.50	108.53990422	34.22417927	42.55	-0.0350	-0.0210	-1.0380	4.03	50	47	1
2034	1	1	0	170803	092824.60	108.53991159	34.22418178	42.55	-0.0040	-0.0380	-1.0240	4.03	50	47	1
2035	1	1	0	170803	092824.70	108.53991899	34.22418422	42.55	0.0450	0.0220	-1.0140	4.03	50	47	1
2036	1	1	0	170803	092824.80	108.53992640	34.22418671	42.55	-0.0090	0.0310	-1.0450	4.32	50	47	1
2037	1	1	0	170803	092824.90	108.53993376	34.22418916	42.55	-0.0330	-0.1310	-1.0490	4.32	50	47	1
2038	1	1	0	170803	092825.00	108.53994118	34.22419164	42.55	0.0040	-0.0050	-0.9680	3.77	50	47	1
2039	1	1	0	170803	092825.10	108.53994852	34.22419406	42.55	0.0080	0.0000	-1.0440	3.77	50	47	1
2040	1	1	0	170803	092825.20	108.53995584	34.22419653	42.55	-0.0270	-0.0180	-1.0090	3.77	50	47	1
2041	1	1	0	170803	092825.30	108.53996316	34.22419894	42.55	0.0160	-0.0130	-1.0000	3.77	50	46	1
2042	1	1	0	170803	092825.40	108.53997053	34.22420122	42.55	0.0140	0.0050	-1.0150	3.14	50	47	1
2043	1	1	0	170803	092825.50	108.53997786	34.22420360	42.55	-0.0240	-0.0400	-1.0430	3.14	50	46	1
2044	1	1	0	170803	092825.60	108.53998505	34.22420613	42.55	-0.0300	-0.0080	-0.9670	3.14	50	46	1