509	4	2	1	170803	093325.20	108.53990642	34.22530677	37.00	0.1450	-0.0010	-0.9660	1.03	NULL	NULL	0
510	4	2	1	170803	093325.30	108.53990027	34.22530424	37.00	0.0810	-0.0300	-0.9980	1.03	NULL	NULL	0
511	4	2	1	170803	093325.40	108.53989401	34.22530158	37.00	0.0460	-0.0400	-1.0350	1.03	NULL	NULL	0
512	4	2	1	170803	093325.50	108.53988774	34.22529911	37.00	-0.0130	-0.0420	-0.9780	1.03	NULL	NULL	0
513	4	2	1	170803	093325.60	108.53988148	34.22529637	37.00	-0.0260	-0.0180	-1.0420	1.15	NULL	NULL	0
514	4	2	1	170803	093325.70	108.53987522	34.22529390	37.00	-0.0090	0.0730	-1.0000	1.15	NULL	NULL	0
515	4	2	1	170803	093325.80	108.53986894	34.22529141	37.00	-0.0130	0.0510	-0.9640	1.15	NULL	NULL	0
516	4	2	1	170803	093325.90	108.53986262	34.22528894	37.00	0.0560	-0.0740	-0.9790	1.31	NULL	NULL	0
517	4	2	1	170803	093326.00	108.53985649	34.22528607	37.00	0.0360	0.0440	-1.0260	1.31	NULL	NULL	0
518	4	2	1	170803	093326.10	108.53985016	34.22528352	37.00	0.0190	0.0370	-0.9820	1.31	NULL	NULL	0
519	4	2	1	170803	093326.20	108.53984384	34.22528114	37.00	-0.0430	-0.0140	-1.0250	1.42	NULL	NULL	0
520	4	2	1	170803	093326.30	108.53983753	34.22527868	37.00	-0.0580	-0.0370	-1.0150	1.42	NULL	NULL	0
521	4	2	1	170803	093326.40	108.53983104	34.22527523	37.00	-0.1600	0.0300	-0.9820	1.42	NULL	NULL	0
522	4	2	1	170803	093326.50	108.53982479	34.22527286	37.00	-0.0780	-0.0760	-0.9350	1.41	NULL	NULL	0
523	4	2	1	170803	093326.60	108.53981863	34.22527195	37.00	-0.0210	-0.0230	-1.0190	1.41	NULL	NULL	0
524	4	2	1	170803	093326.70	108.53981246	34.22526956	37.00	0.0100	-0.0010	-1.0610	1.41	NULL	NULL	0
525	4	2	1	170803	093326.80	108.53980596	34.22526623	37.00	-0.1190	-0.0060	-0.9850	1.28	NULL	NULL	0
526	4	2	1	170803	093326.90	108.53979979	34.22526390	37.00	-0.0350	-0.0400	-0.9620	1.28	NULL	NULL	0
527	4	2	1	170803	093327.00	108.53979381	34.22526149	35.15	-0.0330	-0.0060	-0.9950	1.28	NULL	NULL	0
528	4	2	1	170803	093327.10	108.53978772	34.22525923	35.15	0.0140	-0.0700	-1.0080	1.47	NULL	NULL	0
529	4	2	1	170803	093327.20	108.53978172	34.22525729	35.15	0.0070	-0.0460	-1.0520	1.47	NULL	NULL	0
530	4	2	1	170803	093327.30	108.53977564	34.22525509	35.15	-0.1290	-0.0400	-1.0850	1.47	NULL	NULL	0
531	4	2	1	170803	093327.40	108.53976972	34.22525359	35.15	-0.0480	-0.0330	-1.0170	103.07	NULL	NULL	0
532	4	2	1	170803	093327.50	108.53976364	34.22525145	35.15	-0.0520	-0.0150	-0.9370	103.07	NULL	NULL	0
533	4	2	1	170803	093327.60	108.53975755	34.22524907	35.15	0.0640	-0.0010	-0.9400	103.07	NULL	NULL	0
534	4	2	1	170803	093327.70	108.53975150	34.22524690	35.15	0.1380	-0.0390	-0.9940	2.01	NULL	NULL	0
535	4	2	1	170803	093327.80	108.53974549	34.22524495	35.15	0.1210	-0.0410	-0.9270	2.01	NULL	NULL	0
536	4	2	1	170803	093327.90	108.53973941	34.22524284	35.15	0.1240	-0.0480	-1.0070	2.01	NULL	NULL	0
537	4	2	1	170803	093328.00	108.53973350	34.22524131	35.15	0.1400	-0.0160	-1.0030	103.07	NULL	NULL	0
538	4	2	1	170803	093328.10	108.53972742	34.22523912	35.15	0.0880	-0.0700	-0.9800	103.07	NULL	NULL	0
539	4	2	1	170803	093328.20	108.53972139	34.22523676	35.15	-0.0260	-0.0410	-1.0190	103.07	NULL	NULL	0
540	4	2	1	170803	093328.30	108.53971530	34.22523450	35.15	-0.0480	-0.0730	-1.0010	1.63	NULL	NULL	0
541	4	2	1	170803	093328.40	108.53970920	34.22523220	35.15	-0.0210	0.0210	-0.9480	1.63	NULL	NULL	0
542	4	2	1	170803	093328.50	108.53970306	34.22522998	35.15	0.0010	0.0020	-0.9670	1.63	NULL	NULL	0
543	4	2	1	170803	093328.60	108.53969699	34.22522753	35.15	0.1150	0.0110	-1.0020	1.63	NULL	NULL	0
544	4	2	1	170803	093328.70	108.53969082	34.22522531	37.00	0.0540	-0.0550	-1.0790	1.63	NULL	NULL	0
545	4	2	1	170803	093328.80	108.53968445	34.22522256	37.00	0.0900	-0.0710	-1.0030	1.63	NULL	NULL	0
546	4	2	1	170803	093328.90	108.53967824	34.22522028	37.00	0.1350	-0.0230	-0.9640	1.63	NULL	NULL	0
547	4	2	1	170803	093329.00	108.53967218	34.22521861	37.00	0.0710	-0.0870	-0.9940	1.63	NULL	NULL	0
548	4	2	1	170803	093329.10	108.53966595	34.22521634	37.00	0.0570	-0.0590	-0.9550	1.63	NULL	NULL	0
549	4	2	1	170803	093329.20	108.53965961	34.22521386	37.00	0.0740	-0.0610	-1.0080	1.63	NULL	NULL	0
550	4	2	1	170803	093329.30	108.53965332	34.22521158	37.00	0.0500	-0.1010	-0.9760	1.63	NULL	NULL	0
551	4	2	1	170803	093329.40	108.53964698	34.22520970	37.00	-0.0030	-0.0410	-1.0270	1.63	NULL	NULL	0
552	4	2	1	170803	093329.50	108.53964070	34.22520741	37.00	-0.0090	-0.0520	-1.0140	1.63	NULL	NULL	0
553	4	2	1	170803	093329.60	108.53963421	34.22520458	37.00	0.0430	-0.0480	-0.9780	1.63	NULL	NULL	0
554	4	2	1	170803	093329.70	108.53962789	34.22520224	37.00	0.0270	-0.1450	-1.0090	1.63	NULL	NULL	0
555	4	2	1	170803	093329.80	108.53962165	34.22519990	37.00	0.0480	-0.0540	-0.9980	1.63	NULL	NULL	0
556	4	2	1	170803	093329.90	108.53961536	34.22519757	37.00	0.0380	-0.0910	-0.9600	20.73	NULL	NULL	0
557	4	2	1	170803	093330.00	108.53960899	34.22519513	37.00	-0.0890	-0.0550	-1.0090	20.73	NULL	NULL	0
558	4	2	1	170803	093330.10	108.53960278	34.22519283	37.00	-0.1120	0.0060	-0.9590	20.73	NULL	NULL	0
559	4	2	1	170803	093330.20	108.53959657	34.22519066	37.00	-0.0140	-0.0720	-0.9730	3.19	NULL	NULL	0
560	4	2	1	170803	093330.30	108.53959042	34.22518836	37.00	0.0420	-0.0600	-1.0570	3.19	NULL	NULL	0
561	4	2	1	170803	093330.40	108.53958428	34.22518608	37.00	0.0480	-0.0010	-1.0570	3.19	NULL	NULL	0
562	4	2	1	170803	093330.50	108.53957815	34.22518378	37.00	-0.0460	-0.0470	-1.0040	2.62	NULL	NULL	0
563	4	2	1	170803	093330.60	108.53957202	34.22518120	35.15	-0.1150	-0.0560	-0.9900	2.62	NULL	NULL	0
564	4	2	1	170803	093330.70	108.53956598	34.22517898	35.15	-0.1000	-0.0540	-0.9450	2.62	NULL	NULL	0
565	4	2	1	170803	093330.80	108.53956004	34.22517679	35.15	0.0350	-0.0030	-0.9810	1.72	NULL	NULL	0
566	4	2	1	170803	093330.90	108.53955403	34.22517456	35.15	0.0530	-0.1100	-0.9940	1.72	NULL	NULL	0
567	4	2	1	170803	093331.00	108.53954835	34.22517196	35.15	-0.0990	-0.0550	-1.0580	1.72	NULL	NULL	0
568	4	2	1	170803	093331.10	108.53954243	34.22516973	35.15	-0.0150	0.0090	-1.0320	1.43	NULL	NULL	0
569	4	2	1	170803	093331.20	108.53953637	34.22516763	35.15	-0.0020	-0.1330	-1.0180	1.43	NULL	NULL	0
570	4	2	1	170803	093331.30	108.53953042	34.22516546	35.15	0.0320	-0.0610	-0.9660	1.43	NULL	NULL	0
571	4	2	1	170803	093331.40	108.53952504	34.22516340	35.15	-0.0180	-0.0700	-0.9870	21.15	NULL	NULL	0
572	4	2	1	170803	093331.50	108.53951914	34.22516124	35.15	-0.0030	-0.0300	-0.9370	21.15	NULL	NULL	0
573	4	2	1	170803	093331.60	108.53951368	34.22515950	35.15	-0.0660	0.0250	-0.9450	21.15	NULL	NULL	0
574	4	2	1	170803	093331.70	108.53950774	34.22515741	33.30	-0.0950	-0.0300	-1.0270	1.24	NULL	NULL	0
575	4	2	1	170803	093331.80	108.53950256	34.22515490	35.15	-0.0270	-0.0840	-1.0050	1.24	NULL	NULL	0
576	4	2	1	170803	093331.90	108.53949657	34.22515291	35.15	-0.0410	0.0070	-1.0120	1.24	NULL	NULL	0
577	4	2	1	170803	093332.00	108.53949112	34.22515180	35.15	0.1050	-0.0980	-0.9300	103.58	NULL	NULL	0
578	4	2	1	170803	093332.10	108.53948517	34.22514965	35.15	-0.1430	-0.0070	-1.0360	103.58	NULL	NULL	0
579	4	2	1	170803	093332.20	108.53947869	34.22514649	33.30	-0.1400	-0.0540	-0.9850	103.58	NULL	NULL	0
580	4	2	1	170803	093332.30	108.53947276	34.22514434	35.15	-0.0060	-0.0680	-1.0160	103.07	NULL	NULL	0
581	4	2	1	170803	093332.40	108.53946677	34.22514159	35.15	0.0890	-0.0730	-1.0120	103.07	NULL	NULL	0
582	4	2	1	170803	093332.50	108.53946084	34.22513947	35.15	0.1090	-0.0350	-1.0290	103.07	NULL	NULL	0
583	4	2	1	170803	093332.60	108.53945551	34.22513925	35.15	0.1140	-0.0940	-0.9740	1.17	NULL	NULL	0
584	4	2	1	170803	093332.70	108.53944944	34.22513714	35.15	0.1240	0.0240	-1.0090	1.17	NULL	NULL	0
585	4	2	1	170803	093332.80	108.53944294	34.22513452	35.15	0.0910	0.0080	-0.9620	1.17	NULL	NULL	0
586	4	2	1	170803	093332.90	108.53943681	34.22513245	35.15	0.0640	-0.0820	-1.0280	1.17	NULL	NULL	0
587	4	2	1	170803	093333.00	108.53942994	34.22512856	37.00	0.0770	0.0490	-0.9860	21.15	NULL	NULL	0
588	4	2	1	170803	093333.10	108.53942370	34.22512644	37.00	0.0200	0.0280	-1.0500	21.15	NULL	NULL	0
589	4	2	1	170803	093333.20	108.53941646	34.22512432	37.00	0.0590	-0.0070	-0.9630	1.21	NULL	NULL	0
590	4	2	1	170803	093333.30	108.53941013	34.22512221	37.00	0.0760	-0.0500	-0.9700	1.21	NULL	NULL	0
591	4	2	1	170803	093333.40	108.53940347	34.22511996	37.00	0.1260	-0.0680	-0.9760	1.21	NULL	NULL	0
592	4	2	1	170803	093333.50	108.53939707	34.22511786	37.00	0.0400	-0.0770	-1.0640	1.21	NULL	NULL	0
593	4	2	1	170803	093333.60	108.53939097	34.22511604	37.00	0.0980	-0.0150	-1.0410	1.21	NULL	NULL	0
594	4	2	1	170803	093333.70	108.53938449	34.22511395	37.00	0.1050	-0.0040	-1.0360	1.21	NULL	NULL	0
595	4	2	1	170803	093333.80	108.53937794	34.22511284	37.00	0.0400	-0.0080	-1.0430	1.21	NULL	NULL	0
596	4	2	1	170803	093333.90	108.53937139	34.22511072	37.00	0.0080	0.0220	-0.9860	2.72	NULL	NULL	0
597	4	2	1	170803	093334.00	108.53936491	34.22510891	37.00	0.1240	0.0280	-1.0140	2.72	NULL	NULL	0
598	4	2	1	170803	093334.10	108.53935835	34.22510682	37.00	-0.0280	0.0300	-1.0360	2.72	NULL	NULL	0
599	4	2	1	170803	093334.20	108.53935138	34.22510456	38.85	-0.0010	-0.0380	-1.0250	3.49	NULL	NULL	0
600	4	2	1	170803	093334.30	108.53934478	34.22510252	38.85	0.0140	0.0060	-1.0680	3.49	NULL	NULL	0
601	4	2	1	170803	093334.40	108.53933873	34.22510070	38.85	-0.0120	-0.0110	-1.0500	3.49	NULL	NULL	0
602	4	2	1	170803	093334.50	108.53933206	34.22509864	38.85	-0.0250	-0.0630	-1.0190	4.45	NULL	NULL	0
603	4	2	1	170803	093334.60	108.53932535	34.22509645	38.85	-0.0070	-0.0050	-0.9680	4.45	NULL	NULL	0
604	4	2	1	170803	093334.70	108.53931865	34.22509441	38.85	0.0010	-0.1160	-1.0260	4.45	NULL	NULL	0
605	4	2	1	170803	093334.80	108.53931183	34.22509243	38.85	0.0270	-0.0590	-0.9980	4.66	NULL	NULL	0
606	4	2	1	170803	093334.90	108.53930516	34.22509039	38.85	0.0800	-0.0080	-0.9600	4.66	NULL	NULL	0
607	4	2	1	170803	093335.00	108.53929842	34.22508827	38.85	-0.0700	-0.0820	-1.0390	4.66	NULL	NULL	0
608	4	2	1	170803	093335.10	108.53929175	34.22508623	38.85	-0.0390	-0.0410	-0.9760	2.70	NULL	NULL	0
609	4	2	1	170803	093335.20	108.53928539	34.22508405	38.85	-0.0290	-0.0840	-0.9870	2.70	NULL	NULL	0
610	4	2	1	170803	093335.30	108.53927876	34.22508200	38.85	-0.0650	-0.0470	-0.9510	2.70	NULL	NULL	0
611	4	2	1	170803	093335.40	108.53927191	34.22507941	37.00	-0.0530	-0.0490	-0.9980	104.64	NULL	NULL	0
612	4	2	1	170803	093335.50	108.53926532	34.22507741	37.00	0.0040	-0.1170	-0.9050	104.64	NULL	NULL	0
613	4	2	1	170803	093335.60	108.53925883	34.22507546	37.00	0.0180	-0.0840	-0.9920	104.64	NULL	NULL	0
614	4	2	1	170803	093335.70	108.53925232	34.22507348	37.00	0.0100	-0.0570	-1.0320	1.99	NULL	NULL	0
615	4	2	1	170803	093335.80	108.53924585	34.22507144	37.00	0.0370	-0.0320	-1.0060	1.99	NULL	NULL	0
616	4	2	1	170803	093335.90	108.53923939	34.22506939	37.00	-0.0520	-0.0210	-1.0620	1.99	NULL	NULL	0
617	4	2	1	170803	093336.00	108.53923302	34.22506730	37.00	0.0380	-0.0370	-0.8950	22.42	NULL	NULL	0
618	4	2	1	170803	093336.10	108.53922661	34.22506530	37.00	-0.0750	0.0370	-1.0390	22.42	NULL	NULL	0
619	4	2	1	170803	093336.20	108.53922031	34.22506376	37.00	-0.0200	0.0100	-1.0110	22.42	NULL	NULL	0
620	4	2	1	170803	093336.30	108.53921390	34.22506182	37.00	0.0040	-0.0480	-0.9920	21.15	NULL	NULL	0
621	4	2	1	170803	093336.40	108.53920732	34.22506001	37.00	0.0270	-0.0430	-0.9760	21.15	NULL	NULL	0
622	4	2	1	170803	093336.50	108.53920093	34.22505807	37.00	0.0230	-0.0490	-0.9550	21.15	NULL	NULL	0
623	4	2	1	170803	093336.60	108.53919474	34.22505606	37.00	-0.0890	-0.0700	-0.9660	21.15	NULL	NULL	0
624	4	2	1	170803	093336.70	108.53918841	34.22505412	37.00	-0.1020	0.0490	-0.9560	21.15	NULL	NULL	0
625	4	2	1	170803	093336.80	108.53918221	34.22505235	37.00	-0.0300	-0.0950	-1.0500	21.15	NULL	NULL	0
626	4	2	1	170803	093336.90	108.53917589	34.22505044	37.00	-0.0090	-0.0730	-1.0430	21.15	NULL	NULL	0
627	4	2	1	170803	093337.00	108.53916964	34.22504853	35.15	-0.0000	-0.0330	-1.0350	2.75	NULL	NULL	0
628	4	2	1	170803	093337.10	108.53916334	34.22504667	35.15	-0.0450	-0.0230	-0.9650	2.75	NULL	NULL	0
629	4	2	1	170803	093337.20	108.53915714	34.22504520	35.15	0.0060	-0.0850	-0.9760	2.91	NULL	NULL	0
630	4	2	1	170803	093337.30	108.53915080	34.22504335	37.00	0.0400	-0.0960	-0.9910	2.91	NULL	NULL	0
631	4	2	1	170803	093337.40	108.53914453	34.22504142	35.15	0.1040	-0.0250	-0.9610	2.91	NULL	NULL	0
632	4	2	1	170803	093337.50	108.53913823	34.22503960	35.15	0.1150	0.0090	-0.9920	2.91	NULL	NULL	0
633	4	2	1	170803	093337.60	108.53913192	34.22503773	35.15	0.1060	-0.0230	-1.0180	2.91	NULL	NULL	0
634	4	2	1	170803	093337.70	108.53912558	34.22503589	37.00	0.0430	-0.0580	-1.0300	2.91	NULL	NULL	0
635	4	2	1	170803	093337.80	108.53911924	34.22503406	37.00	0.0230	-0.0070	-0.9930	2.91	NULL	NULL	0
636	4	2	1	170803	093337.90	108.53911282	34.22503222	37.00	0.0120	-0.0770	-0.9820	3.22	NULL	NULL	0
637	4	2	1	170803	093338.00	108.53910643	34.22503047	37.00	-0.0020	-0.0670	-0.9590	3.22	NULL	NULL	0
638	4	2	1	170803	093338.10	108.53910002	34.22502870	37.00	-0.0040	-0.0260	-0.9520	3.22	NULL	NULL	0
639	4	2	1	170803	093338.20	108.53909346	34.22502646	37.00	0.0910	0.0040	-0.9650	3.12	NULL	NULL	0
640	4	2	1	170803	093338.30	108.53908705	34.22502460	37.00	0.0830	-0.0210	-0.9960	3.12	NULL	NULL	0
641	4	2	1	170803	093338.40	108.53908047	34.22502221	37.00	0.1200	-0.0480	-0.9310	3.12	NULL	NULL	0
642	4	2	1	170803	093338.50	108.53907406	34.22502036	37.00	0.1240	-0.0210	-0.9600	2.73	NULL	NULL	0
643	4	2	1	170803	093338.60	108.53906786	34.22501906	37.00	0.0410	-0.0350	-0.9980	2.73	NULL	NULL	0
644	4	2	1	170803	093338.70	108.53906147	34.22501725	37.00	-0.0090	-0.0320	-1.0120	2.73	NULL	NULL	0
645	4	2	1	170803	093338.80	108.53905500	34.22501516	37.00	-0.0530	-0.0790	-0.9970	22.99	NULL	NULL	0
646	4	2	1	170803	093338.90	108.53904862	34.22501331	37.00	-0.0560	-0.0550	-0.9570	22.99	NULL	NULL	0
647	4	2	1	170803	093339.00	108.53904218	34.22501129	37.00	-0.0450	-0.0400	-0.9660	22.99	NULL	NULL	0
648	4	2	1	170803	093339.10	108.53903581	34.22500942	37.00	-0.0800	-0.0410	-1.0000	1.94	NULL	NULL	0
649	4	2	1	170803	093339.20	108.53902962	34.22500840	37.00	0.0420	-0.0930	-0.9090	1.94	NULL	NULL	0
650	4	2	1	170803	093339.30	108.53902329	34.22500655	35.15	0.0190	-0.0280	-0.9370	1.94	NULL	NULL	0
651	4	2	1	170803	093339.40	108.53901705	34.22500410	37.00	0.0540	-0.0390	-0.9730	1.63	NULL	NULL	0
652	4	2	1	170803	093339.50	108.53901073	34.22500227	35.15	-0.0250	-0.0150	-1.0150	1.63	NULL	NULL	0
653	4	2	1	170803	093339.60	108.53900443	34.22500048	35.15	0.0680	-0.1080	-1.0080	1.63	NULL	NULL	0
654	4	2	1	170803	093339.70	108.53899811	34.22499866	35.15	0.0520	-0.0500	-0.9830	1.83	NULL	NULL	0
655	4	2	1	170803	093339.80	108.53899164	34.22499718	35.15	0.0220	-0.0280	-1.0320	1.83	NULL	NULL	0
656	4	2	1	170803	093339.90	108.53898530	34.22499536	37.00	0.0430	-0.0610	-1.0660	1.83	NULL	NULL	0
657	4	2	1	170803	093340.00	108.53897902	34.22499364	35.15	0.1180	0.0160	-0.9640	21.15	NULL	NULL	0
658	4	2	1	170803	093340.10	108.53897269	34.22499182	35.15	0.0310	0.0090	-1.0720	21.15	NULL	NULL	0
659	4	2	1	170803	093340.20	108.53896605	34.22498924	37.00	0.0360	-0.0430	-1.0190	21.15	NULL	NULL	0
660	4	2	1	170803	093340.30	108.53895964	34.22498743	37.00	0.0530	-0.0200	-0.9870	103.07	NULL	NULL	0
661	4	2	1	170803	093340.40	108.53895317	34.22498598	37.00	0.0290	-0.0470	-0.9800	103.07	NULL	NULL	0
662	4	2	1	170803	093340.50	108.53894678	34.22498415	37.00	0.0150	-0.0300	-0.9860	103.07	NULL	NULL	0
663	4	2	1	170803	093340.60	108.53894055	34.22498292	37.00	0.0370	-0.0550	-0.9170	2.60	NULL	NULL	0
664	4	2	1	170803	093340.70	108.53893409	34.22498113	37.00	0.0400	0.0380	-0.9890	2.60	NULL	NULL	0
665	4	2	1	170803	093340.80	108.53892761	34.22497924	37.00	0.0740	-0.1050	-0.9940	2.60	NULL	NULL	0
666	4	2	1	170803	093340.90	108.53892110	34.22497744	37.00	0.0460	-0.0650	-1.0060	2.60	NULL	NULL	0
667	4	2	1	170803	093341.00	108.53891452	34.22497549	37.00	0.0440	0.0090	-1.0470	21.72	NULL	NULL	0
668	4	2	1	170803	093341.10	108.53890801	34.22497370	37.00	0.0300	-0.0570	-0.9990	21.72	NULL	NULL	0
669	4	2	1	170803	093341.20	108.53890136	34.22497151	37.00	0.0270	-0.0330	-1.0570	4.79	NULL	NULL	0
670	4	2	1	170803	093341.30	108.53889477	34.22496971	37.00	0.0500	-0.0210	-1.0290	4.79	NULL	NULL	0
671	4	2	1	170803	093341.40	108.53888821	34.22496837	37.00	0.1040	-0.0360	-1.0170	4.79	NULL	NULL	0
672	4	2	1	170803	093341.50	108.53888163	34.22496656	37.00	0.0250	0.0110	-1.0290	4.79	NULL	NULL	0
673	4	2	1	170803	093341.60	108.53887515	34.22496510	37.00	0.0270	-0.0790	-0.9480	4.79	NULL	NULL	0
674	4	2	1	170803	093341.70	108.53886855	34.22496325	37.00	0.0760	-0.0100	-0.9850	4.79	NULL	NULL	0
675	4	2	1	170803	093341.80	108.53886191	34.22496142	37.00	0.0310	-0.0240	-0.9740	4.79	NULL	NULL	0
676	4	2	1	170803	093341.90	108.53885528	34.22495957	37.00	-0.0010	0.0190	-1.0190	3.74	NULL	NULL	0
677	4	2	1	170803	093342.00	108.53884857	34.22495736	37.00	-0.0350	-0.0130	-0.9950	3.74	NULL	NULL	0
678	4	2	1	170803	093342.10	108.53884189	34.22495552	37.00	0.0420	-0.0580	-1.0010	3.74	NULL	NULL	0
679	4	2	1	170803	093342.20	108.53883527	34.22495403	37.00	-0.0130	-0.0400	-1.0010	2.74	NULL	NULL	0
680	4	2	1	170803	093342.30	108.53882860	34.22495219	37.00	0.0450	-0.0480	-0.9710	2.74	NULL	NULL	0
681	4	2	1	170803	093342.40	108.53882192	34.22495024	37.00	-0.0500	-0.0220	-1.0830	2.74	NULL	NULL	0
682	4	2	1	170803	093342.50	108.53881530	34.22494842	37.00	-0.1090	-0.0390	-1.0550	2.31	NULL	NULL	0
683	4	2	1	170803	093342.60	108.53880874	34.22494672	37.00	-0.1180	0.0220	-1.0300	2.31	NULL	NULL	0
684	4	2	1	170803	093342.70	108.53880230	34.22494493	37.00	-0.1620	-0.0010	-0.9890	2.31	NULL	NULL	0
685	4	2	1	170803	093342.80	108.53879595	34.22494324	35.15	-0.0840	0.0420	-0.9340	2.18	NULL	NULL	0
686	4	2	1	170803	093342.90	108.53878969	34.22494149	35.15	-0.1120	0.0290	-0.9630	2.18	NULL	NULL	0
687	4	2	1	170803	093343.00	108.53878350	34.22493948	35.15	-0.1260	-0.0620	-0.9980	2.18	NULL	NULL	0
688	4	2	1	170803	093343.10	108.53877745	34.22493784	33.30	-0.0710	-0.0650	-1.0030	1.95	NULL	NULL	0
689	4	2	1	170803	093343.20	108.53877144	34.22493620	33.30	0.0100	-0.0380	-0.9890	1.95	NULL	NULL	0
690	4	2	1	170803	093343.30	108.53876545	34.22493453	33.30	-0.0020	0.0230	-1.0910	1.95	NULL	NULL	0
691	4	2	1	170803	093343.40	108.53875941	34.22493287	33.30	-0.0210	-0.0580	-0.9970	1.79	NULL	NULL	0
692	4	2	1	170803	093343.50	108.53875344	34.22493125	33.30	-0.0490	0.0020	-1.0170	1.79	NULL	NULL	0
693	4	2	1	170803	093343.60	108.53874740	34.22492927	33.30	-0.0780	-0.0080	-0.9790	1.79	NULL	NULL	0
694	4	2	1	170803	093343.70	108.53874145	34.22492765	33.30	-0.1040	-0.0350	-0.9540	2.79	NULL	NULL	0
695	4	2	1	170803	093343.80	108.53873554	34.22492604	33.30	-0.1410	-0.0670	-0.9630	2.79	NULL	NULL	0
696	4	2	1	170803	093343.90	108.53872962	34.22492444	33.30	-0.1170	0.0130	-0.9820	2.79	NULL	NULL	0
697	4	2	1	170803	093344.00	108.53872370	34.22492262	33.30	-0.0770	0.0000	-1.0080	3.25	NULL	NULL	0
698	4	2	1	170803	093344.10	108.53871783	34.22492097	33.30	0.0840	-0.0640	-1.0200	3.25	NULL	NULL	0
699	4	2	1	170803	093344.20	108.53871186	34.22491943	33.30	0.0150	-0.0550	-1.0110	3.25	NULL	NULL	0
700	4	2	1	170803	093344.30	108.53870590	34.22491779	33.30	0.0140	-0.0110	-1.0000	21.15	NULL	NULL	0
701	4	2	1	170803	093344.40	108.53870002	34.22491675	33.30	-0.0220	-0.0410	-1.0050	21.15	NULL	NULL	0
702	4	2	1	170803	093344.50	108.53869407	34.22491509	33.30	-0.0040	-0.0740	-1.0610	21.15	NULL	NULL	0
703	4	2	1	170803	093344.60	108.53868811	34.22491397	33.30	0.0310	-0.0860	-0.9890	21.15	NULL	NULL	0
704	4	2	1	170803	093344.70	108.53868207	34.22491231	33.30	0.0320	-0.0380	-1.0380	21.15	NULL	NULL	0
705	4	2	1	170803	093344.80	108.53867600	34.22491062	35.15	0.0640	-0.0040	-1.1030	21.15	NULL	NULL	0
706	4	2	1	170803	093344.90	108.53866985	34.22490897	35.15	0.1210	-0.0320	-0.9800	21.15	NULL	NULL	0
707	4	2	1	170803	093345.00	108.53866366	34.22490729	35.15	0.0750	0.0590	-1.0670	1.63	NULL	NULL	0
708	4	2	1	170803	093345.10	108.53865745	34.22490558	35.15	0.1070	0.0540	-1.0390	1.63	NULL	NULL	0
709	4	2	1	170803	093345.20	108.53865108	34.22490388	35.15	0.1400	-0.0430	-0.8400	1.63	NULL	NULL	0
710	4	2	1	170803	093345.30	108.53864479	34.22490217	35.15	0.1020	-0.0470	-0.9830	1.26	NULL	NULL	0
711	4	2	1	170803	093345.40	108.53863843	34.22490052	35.15	-0.0020	0.0650	-0.9920	1.26	NULL	NULL	0
712	4	2	1	170803	093345.50	108.53863210	34.22489881	35.15	-0.0200	0.0390	-1.0970	1.26	NULL	NULL	0
713	4	2	1	170803	093345.60	108.53862586	34.22489568	35.15	0.1400	-0.0610	-0.9070	1.26	NULL	NULL	0
714	4	2	1	170803	093345.70	108.53861949	34.22489397	35.15	0.0080	0.0700	-1.0230	1.26	NULL	NULL	0
715	4	2	1	170803	093345.80	108.53861318	34.22489270	35.15	-0.0160	-0.0250	-1.0220	1.26	NULL	NULL	0
716	4	2	1	170803	093345.90	108.53860680	34.22489106	35.15	0.0350	0.0390	-0.9840	1.25	NULL	NULL	0
717	4	2	1	170803	093346.00	108.53860042	34.22488930	35.15	-0.0070	0.0230	-1.0620	1.25	NULL	NULL	0
718	4	2	1	170803	093346.10	108.53859407	34.22488756	35.15	0.0090	-0.0800	-1.0440	1.25	NULL	NULL	0
719	4	2	1	170803	093346.20	108.53858772	34.22488605	35.15	-0.0060	0.0500	-1.0860	1.19	NULL	NULL	0
720	4	2	1	170803	093346.30	108.53858139	34.22488439	35.15	0.0010	-0.0290	-0.9690	1.19	NULL	NULL	0
721	4	2	1	170803	093346.40	108.53857506	34.22488285	35.15	0.0760	-0.0120	-0.9790	1.19	NULL	NULL	0
722	4	2	1	170803	093346.50	108.53856877	34.22488112	35.15	0.0690	0.0080	-1.0510	1.78	NULL	NULL	0
723	4	2	1	170803	093346.60	108.53856231	34.22487963	35.15	0.0390	-0.0690	-1.0110	1.78	NULL	NULL	0
724	4	2	1	170803	093346.70	108.53855606	34.22487790	35.15	-0.0060	-0.0160	-0.9280	1.78	NULL	NULL	0
725	4	2	1	170803	093346.80	108.53854953	34.22487669	35.15	-0.1240	-0.0250	-1.0200	3.51	NULL	NULL	0
726	4	2	1	170803	093346.90	108.53854331	34.22487494	35.15	-0.0930	-0.0370	-0.9910	3.51	NULL	NULL	0
727	4	2	1	170803	093347.00	108.53853717	34.22487316	35.15	0.0190	-0.0060	-1.0520	3.51	NULL	NULL	0
728	4	2	1	170803	093347.10	108.53853097	34.22487145	35.15	-0.0590	-0.0320	-1.1010	3.88	NULL	NULL	0
729	4	2	1	170803	093347.20	108.53852478	34.22486969	35.15	0.0800	-0.0440	-1.0110	3.88	NULL	NULL	0
730	4	2	1	170803	093347.30	108.53851855	34.22486795	35.15	-0.0040	-0.0250	-0.9790	3.88	NULL	NULL	0
731	4	2	1	170803	093347.40	108.53851249	34.22486499	35.15	-0.0110	-0.0110	-1.0020	3.88	NULL	NULL	0
732	4	2	1	170803	093347.50	108.53850622	34.22486322	35.15	-0.0600	0.0490	-0.9450	3.88	NULL	NULL	0
733	4	2	1	170803	093347.60	108.53849976	34.22486215	35.15	-0.0250	-0.0670	-0.9590	3.88	NULL	NULL	0
734	4	2	1	170803	093347.70	108.53849350	34.22486036	35.15	0.0530	-0.0160	-1.0400	21.89	NULL	NULL	0
735	4	2	1	170803	093347.80	108.53848704	34.22485924	37.00	0.0570	0.0180	-1.0420	21.89	NULL	NULL	0
736	4	2	1	170803	093347.90	108.53848065	34.22485742	37.00	0.1020	-0.0020	-0.9570	21.89	NULL	NULL	0
737	4	2	1	170803	093348.00	108.53847449	34.22485497	37.00	0.0670	0.0300	-0.9560	103.73	NULL	NULL	0
738	4	2	1	170803	093348.10	108.53846805	34.22485318	37.00	0.0610	0.0580	-1.0030	103.73	NULL	NULL	0
739	4	2	1	170803	093348.20	108.53846153	34.22485105	37.00	0.0410	-0.0540	-1.1060	103.73	NULL	NULL	0
740	4	2	1	170803	093348.30	108.53845507	34.22484915	37.00	0.0640	-0.0340	-1.0540	103.05	NULL	NULL	0
741	4	2	1	170803	093348.40	108.53844857	34.22484752	37.00	0.0830	-0.0220	-1.0330	103.05	NULL	NULL	0
742	4	2	1	170803	093348.50	108.53844193	34.22484567	37.00	0.0790	-0.0660	-0.9700	103.05	NULL	NULL	0
743	4	2	1	170803	093348.60	108.53843537	34.22484420	37.00	0.1380	0.0410	-0.8810	2.11	NULL	NULL	0
744	4	2	1	170803	093348.70	108.53842880	34.22484232	37.00	0.0900	-0.0220	-0.8980	2.11	NULL	NULL	0
745	4	2	1	170803	093348.80	108.53842226	34.22484041	37.00	0.0020	0.0610	-0.9310	2.11	NULL	NULL	0
746	4	2	1	170803	093348.90	108.53841570	34.22483856	37.00	-0.0060	-0.0730	-1.0040	2.11	NULL	NULL	0
747	4	2	1	170803	093349.00	108.53840911	34.22483673	37.00	0.0940	0.0090	-1.0920	104.09	NULL	NULL	0
748	4	2	1	170803	093349.10	108.53840249	34.22483493	37.00	0.0420	-0.0510	-1.0310	104.09	NULL	NULL	0
749	4	2	1	170803	093349.20	108.53839595	34.22483237	37.00	-0.0420	0.0340	-1.0400	1.48	NULL	NULL	0
750	4	2	1	170803	093349.30	108.53838942	34.22483054	37.00	0.0520	-0.0170	-0.9220	1.48	NULL	NULL	0
751	4	2	1	170803	093349.40	108.53838282	34.22482866	37.00	-0.0050	-0.0040	-0.9860	1.48	NULL	NULL	0
752	4	2	1	170803	093349.50	108.53837632	34.22482680	37.00	-0.0290	0.0570	-1.0150	1.48	NULL	NULL	0
753	4	2	1	170803	093349.60	108.53836983	34.22482494	37.00	-0.0680	0.0190	-1.0130	1.38	NULL	NULL	0
754	4	2	1	170803	093349.70	108.53836342	34.22482301	37.00	0.0350	0.0380	-1.0070	1.38	NULL	NULL	0
755	4	2	1	170803	093349.80	108.53835705	34.22482118	35.15	0.0940	-0.0730	-0.9640	1.38	NULL	NULL	0
756	4	2	1	170803	093349.90	108.53835067	34.22481935	35.15	0.1320	-0.0320	-1.0800	1.30	NULL	NULL	0
757	4	2	1	170803	093350.00	108.53834417	34.22481628	35.15	0.1250	-0.0330	-0.9450	1.30	NULL	NULL	0
758	4	2	1	170803	093350.10	108.53833784	34.22481463	35.15	-0.1950	0.0360	-1.0890	1.30	NULL	NULL	0
759	4	2	1	170803	093350.20	108.53833155	34.22481262	37.00	-0.1020	0.0510	-1.0790	1.28	NULL	NULL	0
760	4	2	1	170803	093350.30	108.53832518	34.22481095	37.00	-0.0570	0.0100	-1.0090	1.28	NULL	NULL	0
761	4	2	1	170803	093350.40	108.53831850	34.22480861	35.15	0.0020	0.0430	-1.0280	1.28	NULL	NULL	0
762	4	2	1	170803	093350.50	108.53831216	34.22480690	35.15	0.0390	0.0160	-1.0110	1.94	NULL	NULL	0
763	4	2	1	170803	093350.60	108.53830597	34.22480557	35.15	0.1200	0.0410	-1.0280	1.94	NULL	NULL	0
764	4	2	1	170803	093350.70	108.53829959	34.22480392	35.15	0.0630	-0.0020	-1.0260	1.94	NULL	NULL	0
765	4	2	1	170803	093350.80	108.53829316	34.22480189	35.15	0.0160	0.0030	-1.0410	2.72	NULL	NULL	0
766	4	2	1	170803	093350.90	108.53828684	34.22480021	35.15	0.0070	-0.0150	-0.9970	2.72	NULL	NULL	0
767	4	2	1	170803	093351.00	108.53828049	34.22479800	35.15	0.0270	0.0270	-0.9690	2.72	NULL	NULL	0
768	4	2	1	170803	093351.10	108.53827420	34.22479636	35.15	-0.0200	0.0630	-1.0070	2.72	NULL	NULL	0
769	4	2	1	170803	093351.20	108.53826809	34.22479707	35.15	-0.0290	-0.0010	-1.1240	2.72	NULL	NULL	0
770	4	2	1	170803	093351.30	108.53826181	34.22479543	35.15	0.0260	-0.0190	-1.0430	2.72	NULL	NULL	0
771	4	2	1	170803	093351.40	108.53825566	34.22479315	35.15	0.0280	-0.0110	-0.9840	3.40	NULL	NULL	0
772	4	2	1	170803	093351.50	108.53824941	34.22479151	35.15	0.0830	0.0220	-0.9630	3.40	NULL	NULL	0
773	4	2	1	170803	093351.60	108.53824311	34.22478990	35.15	0.0490	-0.0280	-0.9150	3.40	NULL	NULL	0
774	4	2	1	170803	093351.70	108.53823686	34.22478823	35.15	0.0030	-0.0310	-0.9400	2.97	NULL	NULL	0
775	4	2	1	170803	093351.80	108.53823063	34.22478657	35.15	-0.0410	0.0080	-0.9650	2.97	NULL	NULL	0
776	4	2	1	170803	093351.90	108.53822436	34.22478495	35.15	-0.0450	-0.0470	-1.0380	2.97	NULL	NULL	0
777	4	2	1	170803	093352.00	108.53821798	34.22478349	35.15	0.0140	-0.0020	-1.1020	2.28	NULL	NULL	0
778	4	2	1	170803	093352.10	108.53821163	34.22478183	35.15	0.0130	-0.0710	-0.9490	2.28	NULL	NULL	0
779	4	2	1	170803	093352.20	108.53820513	34.22477970	35.15	0.0540	-0.0680	-1.0260	2.28	NULL	NULL	0
780	4	2	1	170803	093352.30	108.53819870	34.22477795	37.00	0.0940	-0.0420	-0.9570	1.80	NULL	NULL	0
781	4	2	1	170803	093352.40	108.53819222	34.22477658	37.00	0.1180	-0.0740	-0.9080	1.80	NULL	NULL	0
782	4	2	1	170803	093352.50	108.53818575	34.22477488	37.00	0.0670	0.0180	-1.0380	1.80	NULL	NULL	0
783	4	2	1	170803	093352.60	108.53817923	34.22477280	37.00	0.0610	-0.0350	-0.9650	1.55	NULL	NULL	0
784	4	2	1	170803	093352.70	108.53817269	34.22477107	37.00	0.1040	0.0350	-0.9850	1.55	NULL	NULL	0
785	4	2	1	170803	093352.80	108.53816614	34.22476898	37.00	0.1100	0.0030	-0.9920	1.55	NULL	NULL	0
786	4	2	1	170803	093352.90	108.53815957	34.22476724	37.00	0.1140	-0.0700	-0.9560	1.55	NULL	NULL	0
787	4	2	1	170803	093353.00	108.53815296	34.22476477	37.00	0.0420	-0.0420	-0.9930	21.16	NULL	NULL	0
788	4	2	1	170803	093353.10	108.53814639	34.22476300	37.00	-0.0030	-0.0000	-1.0140	21.16	NULL	NULL	0
789	4	2	1	170803	093353.20	108.53813985	34.22476122	37.00	-0.0060	0.0020	-1.0200	1.23	NULL	NULL	0
790	4	2	1	170803	093353.30	108.53813335	34.22475952	37.00	-0.0280	0.0160	-1.0220	1.23	NULL	NULL	0
791	4	2	1	170803	093353.40	108.53812677	34.22475823	37.00	-0.0150	-0.0330	-0.9600	1.23	NULL	NULL	0
792	4	2	1	170803	093353.50	108.53812033	34.22475651	37.00	0.0230	-0.0060	-0.9690	1.23	NULL	NULL	0
793	4	2	1	170803	093353.60	108.53811416	34.22475580	35.15	0.0080	-0.0050	-0.9480	1.23	NULL	NULL	0
794	4	2	1	170803	093353.70	108.53810774	34.22475408	37.00	0.0010	-0.0560	-0.9880	1.23	NULL	NULL	0
795	4	2	1	170803	093353.80	108.53810134	34.22475229	35.15	-0.0070	-0.0700	-0.9680	1.23	NULL	NULL	0
796	4	2	1	170803	093353.90	108.53809496	34.22475052	37.00	-0.0160	0.0220	-0.9860	1.19	NULL	NULL	0
797	4	2	1	170803	093354.00	108.53808863	34.22474894	35.15	0.0170	0.0370	-1.0020	1.19	NULL	NULL	0
798	4	2	1	170803	093354.10	108.53808228	34.22474726	35.15	-0.0900	-0.0020	-0.9930	1.19	NULL	NULL	0
799	4	2	1	170803	093354.20	108.53807569	34.22474430	35.15	-0.0510	-0.0630	-0.9910	1.25	NULL	NULL	0
800	4	2	1	170803	093354.30	108.53806942	34.22474260	35.15	-0.0470	0.0460	-1.0290	1.25	NULL	NULL	0
801	4	2	1	170803	093354.40	108.53806333	34.22474153	35.15	-0.0040	0.0090	-1.0000	1.25	NULL	NULL	0
802	4	2	1	170803	093354.50	108.53805704	34.22473984	35.15	0.0260	-0.0300	-0.9880	1.18	NULL	NULL	0
803	4	2	1	170803	093354.60	108.53805082	34.22473768	35.15	0.0280	-0.0420	-1.0670	1.18	NULL	NULL	0
804	4	2	1	170803	093354.70	108.53804456	34.22473599	35.15	-0.0010	0.0470	-0.9890	1.18	NULL	NULL	0
805	4	2	1	170803	093354.80	108.53803851	34.22473522	35.15	0.0080	-0.0460	-0.9620	1.87	NULL	NULL	0
806	4	2	1	170803	093354.90	108.53803231	34.22473352	35.15	-0.0740	0.0710	-1.0230	1.87	NULL	NULL	0
807	4	2	1	170803	093355.00	108.53802597	34.22473199	35.15	-0.0410	-0.0130	-1.0040	1.87	NULL	NULL	0
808	4	2	1	170803	093355.10	108.53801976	34.22473033	35.15	0.0380	-0.0320	-0.9480	4.05	NULL	NULL	0
809	4	2	1	170803	093355.20	108.53801356	34.22472867	35.15	0.0060	0.0370	-1.0080	4.05	NULL	NULL	0
810	4	2	1	170803	093355.30	108.53800739	34.22472703	35.15	0.0520	0.0020	-1.0160	4.05	NULL	NULL	0
811	4	2	1	170803	093355.40	108.53800083	34.22472370	35.15	0.0350	-0.0360	-1.0240	104.94	NULL	NULL	0
812	4	2	1	170803	093355.50	108.53799462	34.22472201	35.15	-0.0690	-0.0220	-1.0280	104.94	NULL	NULL	0
813	4	2	1	170803	093355.60	108.53798838	34.22472049	35.15	-0.0630	0.0480	-0.9390	104.94	NULL	NULL	0
814	4	2	1	170803	093355.70	108.53798216	34.22471883	35.15	0.0070	0.0740	-0.9920	5.00	NULL	NULL	0
815	4	2	1	170803	093355.80	108.53797606	34.22471777	35.15	0.1080	0.0530	-1.0100	5.00	NULL	NULL	0
816	4	2	1	170803	093355.90	108.53796979	34.22471614	35.15	0.0380	0.0150	-1.0410	5.00	NULL	NULL	0
817	4	2	1	170803	093356.00	108.53796369	34.22471490	35.15	0.1090	-0.0120	-1.0640	4.20	NULL	NULL	0
818	4	2	1	170803	093356.10	108.53795734	34.22471327	35.15	0.1380	0.0010	-1.0420	4.20	NULL	NULL	0
819	4	2	1	170803	093356.20	108.53795087	34.22471134	37.00	0.1790	0.0050	-0.9390	4.20	NULL	NULL	0
820	4	2	1	170803	093356.30	108.53794441	34.22470961	37.00	0.1170	0.0390	-0.9710	103.17	NULL	NULL	0
821	4	2	1	170803	093356.40	108.53793844	34.22470941	37.00	0.0770	0.0110	-0.9440	103.17	NULL	NULL	0
822	4	2	1	170803	093356.50	108.53793189	34.22470770	37.00	0.0440	0.0380	-0.9740	103.17	NULL	NULL	0
823	4	2	1	170803	093356.60	108.53792519	34.22470566	37.00	0.0710	-0.0420	-0.9800	103.17	NULL	NULL	0
824	4	2	1	170803	093356.70	108.53791859	34.22470394	37.00	0.0080	0.0070	-1.0450	103.17	NULL	NULL	0
825	4	2	1	170803	093356.80	108.53791171	34.22470146	37.00	0.0300	-0.0490	-0.9640	103.17	NULL	NULL	0
826	4	2	1	170803	093356.90	108.53790506	34.22469970	37.00	0.0880	0.0070	-0.9980	103.17	NULL	NULL	0
827	4	2	1	170803	093357.00	108.53789831	34.22469777	37.00	0.0430	-0.0410	-1.0080	21.16	NULL	NULL	0
828	4	2	1	170803	093357.10	108.53789159	34.22469599	38.85	0.0350	-0.0640	-1.0060	21.16	NULL	NULL	0
829	4	2	1	170803	093357.20	108.53788493	34.22469458	37.00	0.0270	-0.0350	-1.0200	22.61	NULL	NULL	0
830	4	2	1	170803	093357.30	108.53787821	34.22469279	38.85	0.0120	-0.0390	-0.9800	22.61	NULL	NULL	0
831	4	2	1	170803	093357.40	108.53787140	34.22469063	38.85	-0.0270	0.0150	-0.9740	22.61	NULL	NULL	0
832	4	2	1	170803	093357.50	108.53786466	34.22468888	38.85	0.0310	-0.0330	-0.9400	22.61	NULL	NULL	0
833	4	2	1	170803	093357.60	108.53785809	34.22468755	37.00	0.0770	-0.0700	-0.8930	1.64	NULL	NULL	0
834	4	2	1	170803	093357.70	108.53785138	34.22468577	38.85	0.0610	-0.0110	-0.9550	1.64	NULL	NULL	0
835	4	2	1	170803	093357.80	108.53784462	34.22468394	37.00	0.0620	-0.0820	-0.9810	1.64	NULL	NULL	0
836	4	2	1	170803	093357.90	108.53783790	34.22468218	38.85	0.0130	0.0000	-1.0630	1.60	NULL	NULL	0
837	4	2	1	170803	093358.00	108.53783104	34.22468019	38.85	0.0010	-0.0430	-0.9340	1.60	NULL	NULL	0
838	4	2	1	170803	093358.10	108.53782432	34.22467840	38.85	0.0280	-0.0270	-0.9600	1.60	NULL	NULL	0
839	4	2	1	170803	093358.20	108.53781771	34.22467661	38.85	0.0210	-0.0210	-0.9450	1.47	NULL	NULL	0
840	4	2	1	170803	093358.30	108.53781098	34.22467485	38.85	0.0240	-0.0640	-0.9620	1.47	NULL	NULL	0
841	4	2	1	170803	093358.40	108.53780446	34.22467441	38.85	0.0150	0.0230	-0.9860	1.47	NULL	NULL	0
842	4	2	1	170803	093358.50	108.53779775	34.22467265	37.00	0.0180	0.0160	-0.9190	1.38	NULL	NULL	0
843	4	2	1	170803	093358.60	108.53779102	34.22467078	38.85	0.0540	-0.0380	-1.0240	1.38	NULL	NULL	0
844	4	2	1	170803	093358.70	108.53778435	34.22466901	37.00	0.0310	-0.0200	-1.0340	1.38	NULL	NULL	0
845	4	2	1	170803	093358.80	108.53777746	34.22466677	38.85	-0.0000	-0.0050	-1.0600	1.32	NULL	NULL	0
846	4	2	1	170803	093358.90	108.53777079	34.22466500	37.00	0.0030	-0.0300	-1.0040	1.32	NULL	NULL	0
847	4	2	1	170803	093359.00	108.53776406	34.22466306	37.00	-0.0470	-0.0170	-0.9920	1.32	NULL	NULL	0
848	4	2	1	170803	093359.10	108.53775739	34.22466124	37.00	0.0290	0.0630	-1.0110	1.37	NULL	NULL	0
849	4	2	1	170803	093359.20	108.53775055	34.22465821	37.00	0.0660	-0.1150	-0.9750	1.37	NULL	NULL	0
850	4	2	1	170803	093359.30	108.53774387	34.22465639	37.00	0.0620	0.0420	-1.0720	1.37	NULL	NULL	0
851	4	2	1	170803	093359.40	108.53773742	34.22465515	37.00	-0.0610	-0.0840	-0.9930	22.05	NULL	NULL	0
852	4	2	1	170803	093359.50	108.53773082	34.22465346	37.00	-0.0790	0.0850	-1.0060	22.05	NULL	NULL	0
853	4	2	1	170803	093359.60	108.53772423	34.22465190	37.00	-0.0690	-0.0160	-0.9920	22.05	NULL	NULL	0
854	4	2	1	170803	093359.70	108.53771762	34.22465012	37.00	-0.0470	0.0090	-1.0380	1.69	NULL	NULL	0
855	4	2	1	170803	093359.80	108.53771119	34.22464955	37.00	-0.0620	0.0230	-1.0200	1.69	NULL	NULL	0
856	4	2	1	170803	093359.90	108.53770463	34.22464774	37.00	-0.1030	-0.0620	-0.9960	1.69	NULL	NULL	0
857	4	2	1	170803	093400.00	108.53769806	34.22464602	37.00	-0.0460	0.0260	-0.9470	103.08	NULL	NULL	0
858	4	2	1	170803	093400.10	108.53769154	34.22464429	37.00	-0.1440	0.0420	-1.0140	103.08	NULL	NULL	0
859	4	2	1	170803	093400.20	108.53768493	34.22464206	37.00	-0.1270	0.1030	-1.0810	103.08	NULL	NULL	0
860	4	2	1	170803	093400.30	108.53767844	34.22464035	37.00	-0.0770	-0.0650	-0.9640	3.60	NULL	NULL	0
861	4	2	1	170803	093400.40	108.53767216	34.22463906	37.00	-0.0240	-0.0110	-1.0190	3.60	NULL	NULL	0
862	4	2	1	170803	093400.50	108.53766573	34.22463733	37.00	0.0450	0.0650	-0.9540	3.60	NULL	NULL	0
863	4	2	1	170803	093400.60	108.53765901	34.22463473	37.00	0.0090	-0.0610	-0.9740	3.60	NULL	NULL	0
864	4	2	1	170803	093400.70	108.53765266	34.22463304	35.15	0.0850	-0.0110	-0.9170	3.60	NULL	NULL	0
865	4	2	1	170803	093400.80	108.53764632	34.22463123	35.15	-0.0860	0.0300	-1.0070	3.60	NULL	NULL	0
866	4	2	1	170803	093400.90	108.53764000	34.22462954	35.15	-0.0560	-0.0490	-1.0100	3.60	NULL	NULL	0
867	4	2	1	170803	093401.00	108.53763335	34.22462597	35.15	-0.0870	0.0400	-1.0730	3.08	NULL	NULL	0
868	4	2	1	170803	093401.10	108.53762709	34.22462427	35.15	-0.0760	0.0140	-0.9970	3.08	NULL	NULL	0
869	4	2	1	170803	093401.20	108.53762092	34.22462287	35.15	0.0490	-0.0270	-0.9560	2.32	NULL	NULL	0
870	4	2	1	170803	093401.30	108.53761469	34.22462115	35.15	0.0400	0.0130	-0.9880	2.32	NULL	NULL	0
871	4	2	1	170803	093401.40	108.53760888	34.22462059	35.15	0.0460	-0.0340	-1.0280	2.32	NULL	NULL	0
872	4	2	1	170803	093401.50	108.53760268	34.22461885	35.15	0.0170	-0.0780	-1.0180	2.32	NULL	NULL	0
873	4	2	1	170803	093401.60	108.53759618	34.22461665	35.15	-0.0010	-0.0900	-1.0790	2.02	NULL	NULL	0
874	4	2	1	170803	093401.70	108.53758994	34.22461495	35.15	0.0240	0.0000	-0.9730	2.02	NULL	NULL	0
875	4	2	1	170803	093401.80	108.53758359	34.22461271	35.15	-0.0260	0.0320	-0.9830	2.02	NULL	NULL	0
876	4	2	1	170803	093401.90	108.53757739	34.22461102	35.15	-0.0970	0.0340	-1.0360	1.86	NULL	NULL	0
877	4	2	1	170803	093402.00	108.53757128	34.22460960	35.15	0.0460	-0.0270	-0.9650	1.86	NULL	NULL	0
878	4	2	1	170803	093402.10	108.53756507	34.22460797	35.15	0.0590	-0.0290	-0.9700	1.86	NULL	NULL	0
879	4	2	1	170803	093402.20	108.53755911	34.22460699	35.15	0.0200	0.0100	-0.9440	1.90	NULL	NULL	0
880	4	2	1	170803	093402.30	108.53755288	34.22460528	35.15	-0.0370	-0.0160	-1.0590	1.90	NULL	NULL	0
881	4	2	1	170803	093402.40	108.53754663	34.22460354	35.15	-0.0120	-0.0410	-0.9900	1.90	NULL	NULL	0
882	4	2	1	170803	093402.50	108.53754035	34.22460183	35.15	0.0590	-0.0510	-0.9590	2.27	NULL	NULL	0
883	4	2	1	170803	093402.60	108.53753408	34.22460013	35.15	-0.0180	0.0190	-0.9940	2.27	NULL	NULL	0
884	4	2	1	170803	093402.70	108.53752780	34.22459841	35.15	0.0460	0.0050	-0.9690	2.27	NULL	NULL	0
885	4	2	1	170803	093402.80	108.53752158	34.22459706	35.15	0.0640	-0.0040	-1.0520	3.43	NULL	NULL	0
886	4	2	1	170803	093402.90	108.53751531	34.22459530	35.15	0.0560	0.0620	-0.9840	3.43	NULL	NULL	0
887	4	2	1	170803	093403.00	108.53750903	34.22459385	35.15	0.0330	0.0480	-0.9710	3.43	NULL	NULL	0
888	4	2	1	170803	093403.10	108.53750275	34.22459211	35.15	0.0590	-0.0040	-1.0010	3.83	NULL	NULL	0
889	4	2	1	170803	093403.20	108.53749645	34.22459055	35.15	0.0630	0.0760	-0.9880	3.83	NULL	NULL	0
890	4	2	1	170803	093403.30	108.53749016	34.22458880	35.15	0.0590	0.0740	-0.9840	3.83	NULL	NULL	0
891	4	2	1	170803	093403.40	108.53748395	34.22458781	35.15	0.0350	0.0390	-0.9680	3.88	NULL	NULL	0
892	4	2	1	170803	093403.50	108.53747769	34.22458609	35.15	-0.0080	-0.0100	-0.9820	3.88	NULL	NULL	0
893	4	2	1	170803	093403.60	108.53747134	34.22458440	35.15	-0.0470	-0.0030	-0.9930	3.88	NULL	NULL	0
894	4	2	1	170803	093403.70	108.53746510	34.22458268	35.15	-0.0140	-0.0800	-1.0510	3.45	NULL	NULL	0
895	4	2	1	170803	093403.80	108.53745879	34.22458099	35.15	-0.0500	0.0260	-1.0340	3.45	NULL	NULL	0
896	4	2	1	170803	093403.90	108.53745256	34.22457934	35.15	-0.0920	0.0420	-0.9790	3.45	NULL	NULL	0
897	4	2	1	170803	093404.00	108.53744630	34.22457769	35.15	-0.0530	-0.0040	-0.9780	21.13	NULL	NULL	0
898	4	2	1	170803	093404.10	108.53744007	34.22457602	35.15	-0.0690	-0.0100	-0.9650	21.13	NULL	NULL	0
899	4	2	1	170803	093404.20	108.53743363	34.22457365	35.15	-0.1160	0.0480	-1.0080	21.13	NULL	NULL	0
900	4	2	1	170803	093404.30	108.53742747	34.22457207	35.15	-0.0120	0.0630	-1.0130	103.09	NULL	NULL	0
901	4	2	1	170803	093404.40	108.53742129	34.22457039	35.15	0.0290	0.0010	-0.9980	103.09	NULL	NULL	0
902	4	2	1	170803	093404.50	108.53741517	34.22456878	35.15	0.0130	0.0090	-1.0020	103.09	NULL	NULL	0
903	4	2	1	170803	093404.60	108.53740903	34.22456720	35.15	-0.0520	0.0250	-1.0050	21.02	NULL	NULL	0
904	4	2	1	170803	093404.70	108.53740292	34.22456563	35.15	-0.0590	-0.0050	-0.9800	21.02	NULL	NULL	0
905	4	2	1	170803	093404.80	108.53739651	34.22456252	35.15	0.0080	0.0560	-1.0000	21.02	NULL	NULL	0
906	4	2	1	170803	093404.90	108.53739040	34.22456096	35.15	-0.0130	-0.0210	-0.9660	21.02	NULL	NULL	0
907	4	2	1	170803	093405.00	108.53738432	34.22455968	35.15	0.0360	0.0070	-0.9390	2.76	NULL	NULL	0
908	4	2	1	170803	093405.10	108.53737820	34.22455810	35.15	0.0300	0.0260	-0.9770	2.76	NULL	NULL	0
909	4	2	1	170803	093405.20	108.53737205	34.22455646	35.15	0.0480	-0.0660	-0.9670	1.84	NULL	NULL	0
910	4	2	1	170803	093405.30	108.53736590	34.22455484	35.15	0.0180	0.0260	-1.0540	1.84	NULL	NULL	0
911	4	2	1	170803	093405.40	108.53735969	34.22455309	35.15	0.0830	-0.0450	-1.0220	1.84	NULL	NULL	0
912	4	2	1	170803	093405.50	108.53735348	34.22455145	35.15	0.0690	0.0090	-1.0720	1.84	NULL	NULL	0
913	4	2	1	170803	093405.60	108.53734740	34.22454917	35.15	-0.0150	-0.0070	-1.0480	1.62	NULL	NULL	0
914	4	2	1	170803	093405.70	108.53734112	34.22454753	35.15	-0.0230	-0.0560	-0.9990	1.62	NULL	NULL	0
915	4	2	1	170803	093405.80	108.53733534	34.22454847	35.15	-0.0390	-0.0280	-0.9630	1.62	NULL	NULL	0
916	4	2	1	170803	093405.90	108.53732901	34.22454681	35.15	0.0110	0.0160	-0.9700	1.51	NULL	NULL	0
917	4	2	1	170803	093406.00	108.53732248	34.22454510	35.15	0.0020	0.0400	-0.9550	1.51	NULL	NULL	0
918	4	2	1	170803	093406.10	108.53731611	34.22454339	35.15	-0.0110	0.0130	-0.9790	1.51	NULL	NULL	0
919	4	2	1	170803	093406.20	108.53730957	34.22454158	37.00	0.0350	-0.0430	-1.0020	1.62	NULL	NULL	0
920	4	2	1	170803	093406.30	108.53730317	34.22453983	37.00	-0.0440	-0.0080	-1.0310	1.62	NULL	NULL	0
921	4	2	1	170803	093406.40	108.53729675	34.22453823	37.00	-0.0210	0.0360	-0.9910	1.62	NULL	NULL	0
922	4	2	1	170803	093406.50	108.53729031	34.22453653	37.00	0.0250	0.0460	-0.9800	1.62	NULL	NULL	0
923	4	2	1	170803	093406.60	108.53728393	34.22453504	37.00	-0.0370	-0.0110	-1.0250	1.62	NULL	NULL	0
924	4	2	1	170803	093406.70	108.53727747	34.22453334	37.00	-0.0690	0.0260	-1.0340	1.62	NULL	NULL	0
925	4	2	1	170803	093406.80	108.53727104	34.22453121	37.00	0.0220	0.0330	-0.8940	20.87	NULL	NULL	0
926	4	2	1	170803	093406.90	108.53726457	34.22452947	37.00	0.0330	0.0480	-0.9340	20.87	NULL	NULL	0
927	4	2	1	170803	093407.00	108.53725801	34.22452754	37.00	0.0330	-0.0580	-0.9590	20.87	NULL	NULL	0
928	4	2	1	170803	093407.10	108.53725160	34.22452580	37.00	0.0270	0.0050	-1.0490	22.05	NULL	NULL	0
929	4	2	1	170803	093407.20	108.53724533	34.22452439	37.00	0.0520	0.0420	-1.0810	22.05	NULL	NULL	0
930	4	2	1	170803	093407.30	108.53723889	34.22452275	37.00	0.0080	-0.0080	-1.0680	22.05	NULL	NULL	0
931	4	2	1	170803	093407.40	108.53723230	34.22452078	37.00	-0.0870	0.0280	-1.1890	20.67	NULL	NULL	0
932	4	2	1	170803	093407.50	108.53722588	34.22451918	35.15	0.0630	0.0080	-0.9600	20.67	NULL	NULL	0
933	4	2	1	170803	093407.60	108.53721934	34.22451730	37.00	0.0680	0.0490	-0.9210	20.67	NULL	NULL	0
934	4	2	1	170803	093407.70	108.53721294	34.22451568	35.15	0.1160	-0.0210	-1.0900	5.58	NULL	NULL	0
935	4	2	1	170803	093407.80	108.53720639	34.22451395	37.00	0.1290	-0.0820	-1.1330	5.58	NULL	NULL	0
936	4	2	1	170803	093407.90	108.53719988	34.22451228	37.00	-0.0880	-0.0010	-0.8920	5.58	NULL	NULL	0
937	4	2	1	170803	093408.00	108.53719343	34.22451017	35.15	-2.4350	0.5530	-2.1790	103.08	NULL	NULL	0
938	4	2	1	170803	093408.10	108.53718723	34.22450863	35.15	0.4400	0.0810	-0.8740	103.08	NULL	NULL	0
939	4	2	1	170803	093408.20	108.53718092	34.22450710	35.15	0.3450	0.0240	-1.3120	103.08	NULL	NULL	0
940	4	2	1	170803	093408.30	108.53717450	34.22450552	35.15	0.1520	0.0000	-1.1830	20.72	NULL	NULL	0
941	4	2	1	170803	093408.40	108.53716803	34.22450381	37.00	-0.0460	0.0200	-0.9830	20.72	NULL	NULL	0
942	4	2	1	170803	093408.50	108.53716169	34.22450223	35.15	-0.0280	-0.0000	-0.8730	20.72	NULL	NULL	0
943	4	2	1	170803	093408.60	108.53715575	34.22450236	35.15	-0.0670	-0.0240	-0.9120	20.72	NULL	NULL	0
944	4	2	1	170803	093408.70	108.53714941	34.22450079	35.15	-0.0670	0.0120	-0.9520	20.72	NULL	NULL	0
945	4	2	1	170803	093408.80	108.53714312	34.22449923	35.15	-0.0150	-0.0480	-1.0270	20.72	NULL	NULL	0
946	4	2	1	170803	093408.90	108.53713680	34.22449757	35.15	0.0150	0.0200	-1.0910	20.72	NULL	NULL	0
947	4	2	1	170803	093409.00	108.53713052	34.22449597	35.15	0.0380	-0.0360	-1.0640	2.12	NULL	NULL	0
948	4	2	1	170803	093409.10	108.53712419	34.22449434	35.15	-0.0090	0.0080	-1.0700	2.12	NULL	NULL	0
949	4	2	1	170803	093409.20	108.53711786	34.22449276	35.15	-0.0030	0.0280	-0.9890	1.96	NULL	NULL	0
950	4	2	1	170803	093409.30	108.53711159	34.22449110	35.15	-0.0770	-0.0160	-0.9710	1.96	NULL	NULL	0
951	4	2	1	170803	093409.40	108.53710535	34.22448959	35.15	-0.0050	0.0600	-0.9280	1.96	NULL	NULL	0
952	4	2	1	170803	093409.50	108.53709908	34.22448798	35.15	0.0630	-0.0080	-0.9800	1.96	NULL	NULL	0
953	4	2	1	170803	093409.60	108.53709212	34.22448371	35.15	0.1050	-0.0000	-1.0240	1.83	NULL	NULL	0
954	4	2	1	170803	093409.70	108.53708588	34.22448207	35.15	0.0490	-0.0210	-0.9720	1.83	NULL	NULL	0
955	4	2	1	170803	093409.80	108.53707975	34.22448049	35.15	0.0030	0.0120	-1.0490	1.83	NULL	NULL	0
956	4	2	1	170803	093409.90	108.53707354	34.22447886	35.15	0.0220	-0.0450	-1.0070	2.00	NULL	NULL	0
957	4	2	1	170803	093410.00	108.53706730	34.22447696	35.15	0.0440	-0.0300	-1.0150	2.00	NULL	NULL	0
958	4	2	1	170803	093410.10	108.53706112	34.22447529	35.15	-0.0250	-0.0420	-1.0340	2.00	NULL	NULL	0
959	4	2	1	170803	093410.20	108.53705496	34.22447376	35.15	-0.0420	-0.0340	-0.9700	4.18	NULL	NULL	0
960	4	2	1	170803	093410.30	108.53704881	34.22447207	35.15	-0.0090	-0.0280	-0.9630	4.18	NULL	NULL	0
961	4	2	1	170803	093410.40	108.53704292	34.22446975	35.15	0.0020	0.0020	-0.9910	4.18	NULL	NULL	0
962	4	2	1	170803	093410.50	108.53703672	34.22446810	35.15	0.0300	0.0370	-1.0030	4.84	NULL	NULL	0
963	4	2	1	170803	093410.60	108.53703091	34.22446891	35.15	-0.0180	0.0720	-1.0310	4.84	NULL	NULL	0
964	4	2	1	170803	093410.70	108.53702464	34.22446724	35.15	0.0190	-0.0070	-0.9980	4.84	NULL	NULL	0
965	4	2	1	170803	093410.80	108.53701807	34.22446445	35.15	0.0810	0.0510	-1.0440	4.84	NULL	NULL	0
966	4	2	1	170803	093410.90	108.53701178	34.22446286	35.15	0.1120	0.0540	-1.0240	4.84	NULL	NULL	0
967	4	2	1	170803	093411.00	108.53700548	34.22446126	35.15	0.0920	0.0370	-0.9950	4.84	NULL	NULL	0
968	4	2	1	170803	093411.10	108.53699916	34.22445961	35.15	0.0300	0.0260	-0.9510	21.32	NULL	NULL	0
969	4	2	1	170803	093411.20	108.53699296	34.22445835	35.15	0.0590	0.0810	-0.9260	21.32	NULL	NULL	0
970	4	2	1	170803	093411.30	108.53698662	34.22445671	35.15	0.1220	0.0250	-1.0160	21.32	NULL	NULL	0
971	4	2	1	170803	093411.40	108.53698066	34.22445511	37.00	0.1510	-0.0030	-1.0610	20.97	NULL	NULL	0
972	4	2	1	170803	093411.50	108.53697415	34.22445339	37.00	0.0760	-0.0040	-1.0470	20.97	NULL	NULL	0
973	4	2	1	170803	093411.60	108.53696806	34.22445198	37.00	0.1100	0.0430	-0.9450	20.97	NULL	NULL	0
974	4	2	1	170803	093411.70	108.53696160	34.22445031	37.00	0.0260	0.0160	-0.9780	22.22	NULL	NULL	0
975	4	2	1	170803	093411.80	108.53695500	34.22444863	37.00	0.0180	-0.0030	-0.9600	22.22	NULL	NULL	0
976	4	2	1	170803	093411.90	108.53694850	34.22444694	37.00	0.0170	0.0020	-1.0420	22.22	NULL	NULL	0
977	4	2	1	170803	093412.00	108.53694210	34.22444541	37.00	0.0340	0.0050	-1.0240	1.64	NULL	NULL	0
978	4	2	1	170803	093412.10	108.53693555	34.22444373	37.00	0.0770	0.0140	-1.0760	1.64	NULL	NULL	0
979	4	2	1	170803	093412.20	108.53692867	34.22444139	37.00	0.0580	-0.0450	-1.1050	1.64	NULL	NULL	0
980	4	2	1	170803	093412.30	108.53692192	34.22443968	38.85	0.0450	-0.0250	-0.9880	1.53	NULL	NULL	0
981	4	2	1	170803	093412.40	108.53691557	34.22443976	37.00	0.0150	-0.0180	-0.9660	1.53	NULL	NULL	0
982	4	2	1	170803	093412.50	108.53690891	34.22443792	38.85	0.0140	0.0040	-0.9630	1.53	NULL	NULL	0
983	4	2	1	170803	093412.60	108.53690342	34.22443570	37.00	0.0520	-0.0010	-0.9440	21.89	NULL	NULL	0
984	4	2	1	170803	093412.70	108.53689666	34.22443397	37.00	0.0240	0.0780	-1.0880	21.89	NULL	NULL	0
985	4	2	1	170803	093412.80	108.53688927	34.22443084	38.85	-0.0180	-0.0170	-0.9970	21.89	NULL	NULL	0
986	4	2	1	170803	093412.90	108.53688253	34.22442913	38.85	0.0500	0.0400	-1.0460	21.89	NULL	NULL	0
987	4	2	1	170803	093413.00	108.53687552	34.22442733	38.85	0.0060	0.0020	-1.0500	1.41	NULL	NULL	0
988	4	2	1	170803	093413.10	108.53686870	34.22442563	38.85	-0.0180	0.0020	-0.9290	1.41	NULL	NULL	0
989	4	2	1	170803	093413.20	108.53686121	34.22442403	38.85	0.0310	-0.0130	-0.9460	1.29	NULL	NULL	0
990	4	2	1	170803	093413.30	108.53685443	34.22442233	38.85	0.0470	0.0010	-1.0400	1.29	NULL	NULL	0
991	4	2	1	170803	093413.40	108.53684764	34.22442097	38.85	0.0100	0.0530	-1.0630	1.29	NULL	NULL	0
992	4	2	1	170803	093413.50	108.53684077	34.22441919	38.85	-0.0380	0.0370	-1.0660	1.29	NULL	NULL	0
993	4	2	1	170803	093413.60	108.53683374	34.22441724	38.85	0.0130	0.0470	-0.9950	1.22	NULL	NULL	0
994	4	2	1	170803	093413.70	108.53682698	34.22441551	38.85	0.0040	-0.0090	-0.9880	1.22	NULL	NULL	0
995	4	2	1	170803	093413.80	108.53682025	34.22441435	37.00	-0.0470	0.0050	-1.0110	1.22	NULL	NULL	0
996	4	2	1	170803	093413.90	108.53681353	34.22441266	37.00	0.0530	-0.0030	-0.9660	1.21	NULL	NULL	0
997	4	2	1	170803	093414.00	108.53680656	34.22441107	37.00	0.0880	0.0470	-0.9820	1.21	NULL	NULL	0
998	4	2	1	170803	093414.10	108.53679988	34.22440937	37.00	0.1100	-0.0200	-1.0560	1.21	NULL	NULL	0
999	4	2	1	170803	093414.20	108.53679357	34.22440854	37.00	-0.1000	-0.0040	-1.0590	1.38	NULL	NULL	0
1000	4	2	1	170803	093414.30	108.53678688	34.22440686	37.00	-0.1360	-0.0200	-1.0110	1.38	NULL	NULL	0
1001	4	2	1	170803	093414.40	108.53677994	34.22440507	37.00	-0.1650	-0.0240	-0.9820	1.38	NULL	NULL	0
1002	4	2	1	170803	093414.50	108.53677332	34.22440341	37.00	-0.1140	-0.0090	-0.9560	2.60	NULL	NULL	0
1003	4	2	1	170803	093414.60	108.53676716	34.22440301	37.00	-0.0230	0.0140	-1.0130	2.60	NULL	NULL	0
1004	4	2	1	170803	093414.70	108.53676056	34.22440136	37.00	0.0260	0.0290	-1.0340	2.60	NULL	NULL	0
1005	4	2	1	170803	093414.80	108.53675358	34.22439953	37.00	0.0110	-0.0150	-1.0630	3.42	NULL	NULL	0
1006	4	2	1	170803	093414.90	108.53674699	34.22439786	37.00	-0.0020	0.0100	-0.9890	3.42	NULL	NULL	0
1007	4	2	1	170803	093415.00	108.53674030	34.22439594	37.00	0.0180	0.0810	-0.9580	3.42	NULL	NULL	0
1008	4	2	1	170803	093415.10	108.53673380	34.22439438	37.00	-0.0620	-0.0150	-0.9640	4.90	NULL	NULL	0
1009	4	2	1	170803	093415.20	108.53672720	34.22439199	37.00	-0.0040	0.0100	-0.9230	4.90	NULL	NULL	0
1010	4	2	1	170803	093415.30	108.53672076	34.22439037	37.00	-0.0050	0.0130	-0.9790	4.90	NULL	NULL	0
1011	4	2	1	170803	093415.40	108.53671435	34.22438848	35.15	0.0340	0.0100	-1.0070	21.02	NULL	NULL	0
1012	4	2	1	170803	093415.50	108.53670789	34.22438688	37.00	-0.0330	-0.0150	-1.0260	21.02	NULL	NULL	0
1013	4	2	1	170803	093415.60	108.53670174	34.22438596	35.15	-0.1280	0.0020	-1.0100	21.02	NULL	NULL	0
1014	4	2	1	170803	093415.70	108.53669536	34.22438433	35.15	-0.0620	0.0620	-0.9720	2.12	NULL	NULL	0
1015	4	2	1	170803	093415.80	108.53668910	34.22438235	35.15	-0.0480	0.0070	-0.9370	2.12	NULL	NULL	0
1016	4	2	1	170803	093415.90	108.53668280	34.22438078	35.15	0.0610	0.0300	-0.9470	2.12	NULL	NULL	0
1017	4	2	1	170803	093416.00	108.53667623	34.22437833	35.15	0.0410	-0.0050	-1.0450	21.16	NULL	NULL	0
1018	4	2	1	170803	093416.10	108.53666996	34.22437676	35.15	0.0600	0.0420	-1.0610	21.16	NULL	NULL	0
1019	4	2	1	170803	093416.20	108.53666355	34.22437481	35.15	0.0240	0.0170	-0.9960	21.16	NULL	NULL	0
1020	4	2	1	170803	093416.30	108.53665732	34.22437322	35.15	0.0060	0.0080	-0.9560	104.00	NULL	NULL	0
1021	4	2	1	170803	093416.40	108.53665115	34.22437176	35.15	0.0350	0.0400	-0.9830	104.00	NULL	NULL	0
1022	4	2	1	170803	093416.50	108.53664499	34.22437027	35.15	0.0080	-0.0010	-0.9560	104.00	NULL	NULL	0
1023	4	2	1	170803	093416.60	108.53663875	34.22436872	35.15	0.0100	0.0190	-0.9970	1.48	NULL	NULL	0
1024	4	2	1	170803	093416.70	108.53663255	34.22436720	35.15	-0.0350	0.0310	-1.0010	1.48	NULL	NULL	0
1025	4	2	1	170803	093416.80	108.53662642	34.22436571	35.15	-0.0480	0.0090	-0.9730	1.48	NULL	NULL	0
1026	4	2	1	170803	093416.90	108.53662030	34.22436421	35.15	0.0000	0.0550	-0.9550	1.48	NULL	NULL	0
1027	4	2	1	170803	093417.00	108.53661438	34.22436331	33.30	-0.0340	0.0010	-0.9910	1.48	NULL	NULL	0
1028	4	2	1	170803	093417.10	108.53660821	34.22436185	35.15	0.0520	0.0490	-1.0090	1.48	NULL	NULL	0
1029	4	2	1	170803	093417.20	108.53660210	34.22436046	35.15	0.0070	0.0360	-1.0430	1.32	NULL	NULL	0
1030	4	2	1	170803	093417.30	108.53659597	34.22435902	33.30	-0.0370	0.0520	-0.9980	1.32	NULL	NULL	0
1031	4	2	1	170803	093417.40	108.53658984	34.22435756	35.15	-0.0080	0.0310	-0.9670	1.32	NULL	NULL	0
1032	4	2	1	170803	093417.50	108.53658374	34.22435614	33.30	-0.0500	-0.0140	-0.9840	1.32	NULL	NULL	0
1033	4	2	1	170803	093417.60	108.53657776	34.22435548	35.15	0.0110	0.0350	-0.9920	1.32	NULL	NULL	0
1034	4	2	1	170803	093417.70	108.53657169	34.22435407	33.30	0.0350	0.0120	-0.9950	1.32	NULL	NULL	0
1035	4	2	1	170803	093417.80	108.53656563	34.22435274	33.30	0.0340	0.0090	-1.0250	1.32	NULL	NULL	0
1036	4	2	1	170803	093417.90	108.53655953	34.22435128	33.30	0.0060	-0.0530	-1.0450	1.20	NULL	NULL	0
1037	4	2	1	170803	093418.00	108.53655333	34.22434966	33.30	0.0010	-0.0010	-1.0300	1.20	NULL	NULL	0
1038	4	2	1	170803	093418.10	108.53654718	34.22434822	35.15	0.0330	-0.0010	-1.0110	1.20	NULL	NULL	0
1039	4	2	1	170803	093418.20	108.53654115	34.22434696	33.30	0.0570	-0.0380	-0.9610	1.53	NULL	NULL	0
1040	4	2	1	170803	093418.30	108.53653498	34.22434551	35.15	0.0990	-0.0080	-0.9980	1.53	NULL	NULL	0
1041	4	2	1	170803	093418.40	108.53652887	34.22434370	35.15	0.0800	0.0240	-0.9750	1.53	NULL	NULL	0
1042	4	2	1	170803	093418.50	108.53652265	34.22434224	35.15	0.1080	-0.0200	-1.0170	3.88	NULL	NULL	0
1043	4	2	1	170803	093418.60	108.53651635	34.22433966	35.15	0.1120	-0.0300	-1.0140	3.88	NULL	NULL	0
1044	4	2	1	170803	093418.70	108.53651006	34.22433816	35.15	0.0470	0.0170	-1.0300	3.88	NULL	NULL	0
1045	4	2	1	170803	093418.80	108.53650358	34.22433710	35.15	-0.0160	0.0030	-1.0260	5.24	NULL	NULL	0
1046	4	2	1	170803	093418.90	108.53649722	34.22433558	35.15	-0.0450	-0.0280	-1.0240	5.24	NULL	NULL	0
1047	4	2	1	170803	093419.00	108.53649082	34.22433401	35.15	-0.0490	-0.0020	-0.9670	5.24	NULL	NULL	0
1048	4	2	1	170803	093419.10	108.53648439	34.22433247	35.15	0.1040	-0.0100	-0.9680	5.74	NULL	NULL	0
1049	4	2	1	170803	093419.20	108.53647764	34.22433005	37.00	0.1290	0.0410	-0.9700	5.74	NULL	NULL	0
1050	4	2	1	170803	093419.30	108.53647113	34.22432849	37.00	0.1090	0.0200	-1.0400	5.74	NULL	NULL	0
1051	4	2	1	170803	093419.40	108.53646458	34.22432694	37.00	0.0720	-0.0280	-0.9930	3.88	NULL	NULL	0
1052	4	2	1	170803	093419.50	108.53645798	34.22432535	37.00	0.0740	-0.0190	-0.9420	3.88	NULL	NULL	0
1053	4	2	1	170803	093419.60	108.53645158	34.22432427	37.00	0.0630	0.0180	-1.0000	3.88	NULL	NULL	0
1054	4	2	1	170803	093419.70	108.53644491	34.22432266	37.00	0.0800	-0.0110	-0.9850	3.09	NULL	NULL	0
1055	4	2	1	170803	093419.80	108.53643825	34.22432113	37.00	0.0280	0.0230	-1.0080	3.09	NULL	NULL	0
1056	4	2	1	170803	093419.90	108.53643157	34.22431945	37.00	0.0240	0.0160	-0.9950	3.09	NULL	NULL	0
1057	4	2	1	170803	093420.00	108.53642486	34.22431773	37.00	-0.0150	-0.0280	-1.0080	2.44	NULL	NULL	0
1058	4	2	1	170803	093420.10	108.53641819	34.22431607	37.00	-0.0300	0.0010	-1.0040	2.44	NULL	NULL	0
1059	4	2	1	170803	093420.20	108.53641171	34.22431564	37.00	-0.0150	-0.0140	-0.9520	2.44	NULL	NULL	0
1060	4	2	1	170803	093420.30	108.53640509	34.22431399	37.00	-0.0330	-0.0120	-0.9380	83.75	NULL	NULL	0
1061	4	2	1	170803	093420.40	108.53639849	34.22431226	37.00	0.0260	0.0270	-0.9510	83.75	NULL	NULL	0
1062	4	2	1	170803	093420.50	108.53639193	34.22431058	37.00	-0.0370	0.0050	-1.0080	83.75	NULL	NULL	0
1063	4	2	1	170803	093420.60	108.53638533	34.22430865	37.00	-0.0100	0.0430	-0.9680	83.75	NULL	NULL	0
1064	4	2	1	170803	093420.70	108.53637884	34.22430700	37.00	-0.0090	0.0060	-1.0250	83.75	NULL	NULL	0
1065	4	2	1	170803	093420.80	108.53637202	34.22430371	37.00	-0.0110	0.0190	-0.9960	83.75	NULL	NULL	0
1066	4	2	1	170803	093420.90	108.53636557	34.22430202	37.00	-0.0180	-0.0110	-1.0120	83.75	NULL	NULL	0
1067	4	2	1	170803	093421.00	108.53635933	34.22430123	35.15	0.0700	0.0620	-0.9820	103.87	NULL	NULL	0
1068	4	2	1	170803	093421.10	108.53635290	34.22429960	37.00	-0.0130	-0.0220	-1.0590	103.87	NULL	NULL	0
1069	4	2	1	170803	093421.20	108.53634654	34.22429803	35.15	-0.0450	-0.0160	-0.9980	1.42	NULL	NULL	0
1070	4	2	1	170803	093421.30	108.53634020	34.22429640	35.15	-0.1170	-0.0470	-0.9790	1.42	NULL	NULL	0
1071	4	2	1	170803	093421.40	108.53633387	34.22429453	35.15	-0.1070	0.0080	-1.0230	1.42	NULL	NULL	0
1072	4	2	1	170803	093421.50	108.53632751	34.22429289	35.15	-0.0250	-0.0740	-1.0360	1.42	NULL	NULL	0
1073	4	2	1	170803	093421.60	108.53632110	34.22429071	35.15	0.0090	0.0120	-0.9930	1.42	NULL	NULL	0
1074	4	2	1	170803	093421.70	108.53631477	34.22428905	35.15	0.0170	-0.0310	-0.9900	1.42	NULL	NULL	0
1075	4	2	1	170803	093421.80	108.53630869	34.22428793	35.15	0.0080	0.0030	-1.0210	1.42	NULL	NULL	0
1076	4	2	1	170803	093421.90	108.53630239	34.22428627	35.15	-0.0250	0.0290	-1.0240	1.22	NULL	NULL	0
1077	4	2	1	170803	093422.00	108.53629614	34.22428482	35.15	0.0390	0.0340	-1.0290	1.22	NULL	NULL	0
1078	4	2	1	170803	093422.10	108.53628986	34.22428317	35.15	-0.0970	-0.0190	-0.9690	1.22	NULL	NULL	0
1079	4	2	1	170803	093422.20	108.53628359	34.22428155	35.15	-0.0740	0.0030	-1.0010	1.22	NULL	NULL	0
1080	4	2	1	170803	093422.30	108.53627732	34.22427989	35.15	-0.0380	0.0100	-1.0660	1.22	NULL	NULL	0
1081	4	2	1	170803	093422.40	108.53627101	34.22427802	35.15	-0.0600	-0.0130	-0.9730	1.22	NULL	NULL	0
1082	4	2	1	170803	093422.50	108.53626474	34.22427638	35.15	-0.1010	0.0080	-1.0230	1.16	NULL	NULL	0
1083	4	2	1	170803	093422.60	108.53625848	34.22427475	35.15	-0.1410	0.0060	-1.0250	1.16	NULL	NULL	0
1084	4	2	1	170803	093422.70	108.53625220	34.22427310	35.15	-0.0220	0.0130	-1.0190	1.16	NULL	NULL	0
1085	4	2	1	170803	093422.80	108.53624575	34.22427116	35.15	0.0390	0.0210	-1.0560	1.20	NULL	NULL	0
1086	4	2	1	170803	093422.90	108.53623938	34.22426952	35.15	0.0750	0.0010	-1.0070	1.20	NULL	NULL	0
1087	4	2	1	170803	093423.00	108.53623311	34.22426834	37.00	0.0910	0.0180	-0.9300	1.20	NULL	NULL	0
1088	4	2	1	170803	093423.10	108.53622667	34.22426667	37.00	0.1400	-0.0290	-0.9470	1.13	NULL	NULL	0
1089	4	2	1	170803	093423.20	108.53622018	34.22426480	37.00	0.1290	0.0040	-1.0080	1.13	NULL	NULL	0
1090	4	2	1	170803	093423.30	108.53621365	34.22426310	37.00	0.1060	0.0110	-1.0870	1.13	NULL	NULL	0
1091	4	2	1	170803	093423.40	108.53620704	34.22426140	37.00	0.0520	-0.0370	-1.0470	20.48	NULL	NULL	0
1092	4	2	1	170803	093423.50	108.53620042	34.22425966	37.00	0.0790	-0.0050	-1.0420	20.48	NULL	NULL	0
1093	4	2	1	170803	093423.60	108.53619379	34.22425799	37.00	0.1740	0.0250	-0.9100	20.48	NULL	NULL	0
1094	4	2	1	170803	093423.70	108.53618712	34.22425625	37.00	0.0510	0.0070	-1.0390	20.48	NULL	NULL	0
1095	4	2	1	170803	093423.80	108.53618041	34.22425447	37.00	0.0250	-0.0430	-0.9860	20.48	NULL	NULL	0
1096	4	2	1	170803	093423.90	108.53617372	34.22425275	37.00	0.0060	0.0180	-1.0600	20.48	NULL	NULL	0
1097	4	2	1	170803	093424.00	108.53616694	34.22425076	38.85	0.0650	-0.0100	-1.1010	1.39	NULL	NULL	0
1098	4	2	1	170803	093424.10	108.53616022	34.22424898	38.85	-0.1340	-0.0250	-0.9680	1.39	NULL	NULL	0
1099	4	2	1	170803	093424.20	108.53615357	34.22424738	37.00	-0.0900	-0.0640	-0.9790	1.39	NULL	NULL	0
1100	4	2	1	170803	093424.30	108.53614692	34.22424562	37.00	-0.0380	0.0250	-0.9580	21.16	NULL	NULL	0
1101	4	2	1	170803	093424.40	108.53614026	34.22424390	37.00	-0.0020	0.0010	-1.0070	21.16	NULL	NULL	0
1102	4	2	1	170803	093424.50	108.53613359	34.22424214	37.00	-0.0890	-0.0350	-1.0880	21.16	NULL	NULL	0
1103	4	2	1	170803	093424.60	108.53612686	34.22424038	38.85	-0.1160	-0.0630	-1.0110	1.65	NULL	NULL	0
1104	4	2	1	170803	093424.70	108.53612018	34.22423859	37.00	-0.1600	0.0370	-0.9790	1.65	NULL	NULL	0
1105	4	2	1	170803	093424.80	108.53611354	34.22423686	37.00	-0.1290	-0.0250	-0.9140	1.65	NULL	NULL	0
1106	4	2	1	170803	093424.90	108.53610699	34.22423510	37.00	0.1020	-0.0380	-1.0330	1.65	NULL	NULL	0
1107	4	2	1	170803	093425.00	108.53610045	34.22423335	37.00	0.0580	0.0460	-1.0580	104.82	NULL	NULL	0
1108	4	2	1	170803	093425.10	108.53609390	34.22423163	37.00	-0.0420	-0.0440	-1.1530	104.82	NULL	NULL	0
1109	4	2	1	170803	093425.20	108.53608741	34.22422991	37.00	-0.1390	0.0070	-1.1090	3.11	NULL	NULL	0
1110	4	2	1	170803	093425.30	108.53608094	34.22422820	37.00	-0.1750	-0.0190	-1.0610	3.11	NULL	NULL	0
1111	4	2	1	170803	093425.40	108.53607447	34.22422648	37.00	-0.1690	-0.0060	-1.0360	3.11	NULL	NULL	0
1112	4	2	1	170803	093425.50	108.53606805	34.22422476	37.00	-0.1470	-0.0090	-1.0050	3.11	NULL	NULL	0
1113	4	2	1	170803	093425.60	108.53606164	34.22422307	37.00	-0.0060	0.0180	-0.9500	3.11	NULL	NULL	0
1114	4	2	1	170803	093425.70	108.53605528	34.22422136	35.15	-0.0890	0.0220	-0.9340	3.11	NULL	NULL	0
1115	4	2	1	170803	093425.80	108.53604893	34.22421964	35.15	-0.0760	0.0200	-0.9990	3.11	NULL	NULL	0
1116	4	2	1	170803	093425.90	108.53604263	34.22421797	35.15	-0.0990	0.0130	-1.0100	2.66	NULL	NULL	0
1117	4	2	1	170803	093426.00	108.53603633	34.22421627	35.15	-0.0030	0.0370	-1.0280	2.66	NULL	NULL	0
1118	4	2	1	170803	093426.10	108.53603007	34.22421461	35.15	0.0070	0.0400	-0.9900	2.66	NULL	NULL	0
1119	4	2	1	170803	093426.20	108.53602378	34.22421293	35.15	0.0430	-0.0000	-1.0200	1.87	NULL	NULL	0
1120	4	2	1	170803	093426.30	108.53601750	34.22421126	35.15	0.0200	-0.0380	-0.9880	1.87	NULL	NULL	0
1121	4	2	1	170803	093426.40	108.53601126	34.22420959	35.15	0.0320	0.0450	-0.9830	1.87	NULL	NULL	0
1122	4	2	1	170803	093426.50	108.53600503	34.22420792	35.15	0.0450	0.0200	-0.9430	1.70	NULL	NULL	0
1123	4	2	1	170803	093426.60	108.53599882	34.22420627	35.15	0.1330	-0.0130	-1.0130	1.70	NULL	NULL	0
1124	4	2	1	170803	093426.70	108.53599259	34.22420463	35.15	0.1580	0.0600	-1.0330	1.70	NULL	NULL	0
1125	4	2	1	170803	093426.80	108.53598631	34.22420297	35.15	0.0560	-0.0370	-1.0680	1.64	NULL	NULL	0
1126	4	2	1	170803	093426.90	108.53598002	34.22420125	35.15	0.0620	-0.0030	-0.9790	1.64	NULL	NULL	0
1127	4	2	1	170803	093427.00	108.53597376	34.22419958	35.15	-0.0030	-0.0520	-0.9580	1.64	NULL	NULL	0
1128	4	2	1	170803	093427.10	108.53596749	34.22419791	35.15	-0.0350	0.0200	-0.9430	1.61	NULL	NULL	0
1129	4	2	1	170803	093427.20	108.53596121	34.22419624	35.15	0.0190	-0.0180	-1.0370	1.61	NULL	NULL	0
1130	4	2	1	170803	093427.30	108.53595491	34.22419455	35.15	0.0710	-0.0070	-1.0640	1.61	NULL	NULL	0
1131	4	2	1	170803	093427.40	108.53594855	34.22419287	35.15	0.0520	-0.0270	-0.9880	103.08	NULL	NULL	0
1132	4	2	1	170803	093427.50	108.53594221	34.22419118	35.15	0.0580	0.0150	-1.0290	103.08	NULL	NULL	0
1133	4	2	1	170803	093427.60	108.53593583	34.22418949	35.15	0.0310	0.0270	-0.9810	103.08	NULL	NULL	0
1134	4	2	1	170803	093427.70	108.53592944	34.22418776	37.00	0.0170	0.0910	-0.9490	3.01	NULL	NULL	0
1135	4	2	1	170803	093427.80	108.53592306	34.22418607	35.15	0.0010	0.0190	-0.9900	3.01	NULL	NULL	0
1136	4	2	1	170803	093427.90	108.53591668	34.22418437	35.15	0.0650	0.0200	-0.9940	3.01	NULL	NULL	0
1137	4	2	1	170803	093428.00	108.53591027	34.22418263	35.15	-0.0080	0.0070	-1.0650	104.19	NULL	NULL	0
1138	4	2	1	170803	093428.10	108.53590386	34.22418091	37.00	-0.1100	0.1210	-1.0850	104.19	NULL	NULL	0
1139	4	2	1	170803	093428.20	108.53589742	34.22417921	37.00	-0.0550	0.0080	-1.0240	104.19	NULL	NULL	0
1140	4	2	1	170803	093428.30	108.53589102	34.22417750	37.00	-0.1360	-0.0230	-0.9290	104.65	NULL	NULL	0
1141	4	2	1	170803	093428.40	108.53588467	34.22417579	35.15	-0.0550	0.0290	-0.8720	104.65	NULL	NULL	0
1142	4	2	1	170803	093428.50	108.53587833	34.22417412	35.15	0.0640	0.0750	-1.0330	104.65	NULL	NULL	0
1143	4	2	1	170803	093428.60	108.53587198	34.22417247	35.15	0.1500	-0.0350	-1.0260	103.05	NULL	NULL	0
1144	4	2	1	170803	093428.70	108.53586559	34.22417082	35.15	0.0450	0.0320	-1.1330	103.05	NULL	NULL	0
1145	4	2	1	170803	093428.80	108.53585922	34.22416916	35.15	0.0070	0.0440	-1.0100	103.05	NULL	NULL	0
1146	4	2	1	170803	093428.90	108.53585287	34.22416752	35.15	0.0110	0.0380	-0.9310	103.05	NULL	NULL	0
1147	4	2	1	170803	093429.00	108.53584659	34.22416591	35.15	-0.0180	0.0690	-0.9920	103.08	NULL	NULL	0