735	1	1	0	170803	093325.20	108.53986324	34.22528839	37.00	-0.0480	0.0350	-0.9690	2.72	40	39	1
736	1	1	0	170803	093325.30	108.53985718	34.22528598	37.00	0.0070	-0.0890	-0.9880	2.72	40	40	1
737	1	1	0	170803	093325.40	108.53985122	34.22528362	37.00	-0.0030	-0.0240	-0.9500	2.50	40	39	1
738	1	1	0	170803	093325.50	108.53984517	34.22528124	35.15	-0.0160	0.0640	-1.0460	2.50	40	40	1
739	1	1	0	170803	093325.60	108.53983919	34.22527887	35.15	0.0170	-0.0510	-1.0410	2.50	40	39	1
740	1	1	0	170803	093325.70	108.53983317	34.22527647	35.15	-0.0530	-0.0530	-1.0760	2.41	40	39	1
741	1	1	0	170803	093325.80	108.53982720	34.22527411	35.15	0.0080	-0.0280	-0.9970	2.41	40	39	1
742	1	1	0	170803	093325.90	108.53982116	34.22527180	35.15	0.0290	-0.0200	-1.0050	2.41	40	39	1
743	1	1	0	170803	093326.00	108.53981508	34.22526944	35.15	0.0430	0.0130	-1.0110	4.57	40	40	1
744	1	1	0	170803	093326.10	108.53980904	34.22526710	35.15	0.0660	-0.0140	-0.9370	4.57	40	39	1
745	1	1	0	170803	093326.20	108.53980291	34.22526477	35.15	-0.0750	-0.1080	-1.0160	4.57	40	40	1
746	1	1	0	170803	093326.30	108.53979684	34.22526244	35.15	0.0610	-0.0260	-0.9050	4.56	40	40	1
747	1	1	0	170803	093326.40	108.53979068	34.22526010	35.15	0.0170	0.0060	-1.0360	4.56	40	40	1
748	1	1	0	170803	093326.50	108.53978459	34.22525777	35.15	0.0420	-0.0130	-1.0080	4.56	40	40	1
749	1	1	0	170803	093326.60	108.53977859	34.22525552	37.00	0.0150	-0.0520	-1.0280	3.55	40	40	1
750	1	1	0	170803	093326.70	108.53977244	34.22525321	37.00	0.0460	-0.0210	-0.9660	3.55	40	40	1
751	1	1	0	170803	093326.80	108.53976623	34.22525092	37.00	-0.0210	0.0920	-1.0430	3.55	40	40	1
752	1	1	0	170803	093326.90	108.53976006	34.22524861	37.00	-0.0060	-0.0450	-1.0370	2.97	40	40	1
753	1	1	0	170803	093327.00	108.53975386	34.22524636	37.00	0.0590	0.0050	-1.0250	2.97	40	40	1
754	1	1	0	170803	093327.10	108.53974772	34.22524404	37.00	-0.0460	0.0110	-1.0590	2.97	40	40	1
755	1	1	0	170803	093327.20	108.53974156	34.22524181	37.00	0.0430	-0.0570	-1.0170	2.74	40	40	1
756	1	1	0	170803	093327.30	108.53973542	34.22523953	37.00	-0.0630	-0.0120	-0.9090	2.74	40	39	1
757	1	1	0	170803	093327.40	108.53972931	34.22523731	37.00	0.0010	0.0200	-1.0270	2.74	40	39	1
758	1	1	0	170803	093327.50	108.53972317	34.22523505	37.00	0.0140	-0.0680	-0.9880	2.58	40	39	1
759	1	1	0	170803	093327.60	108.53971709	34.22523283	35.15	-0.0640	-0.0810	-1.0080	2.58	40	39	1
760	1	1	0	170803	093327.70	108.53971099	34.22523057	35.15	0.0360	0.0010	-0.9260	2.58	40	39	1
761	1	1	0	170803	093327.80	108.53970498	34.22522843	35.15	-0.0410	-0.0830	-0.9290	3.86	40	39	1
762	1	1	0	170803	093327.90	108.53969890	34.22522620	35.15	-0.0520	-0.0490	-1.0440	3.86	40	39	1
763	1	1	0	170803	093328.00	108.53969305	34.22522408	35.15	0.0070	-0.0890	-1.0020	3.86	40	39	1
764	1	1	0	170803	093328.10	108.53968697	34.22522184	35.15	-0.0050	-0.0360	-1.0170	4.68	40	40	1
765	1	1	0	170803	093328.20	108.53968088	34.22521956	35.15	0.0170	0.0000	-0.9760	4.68	40	39	1
766	1	1	0	170803	093328.30	108.53967478	34.22521729	35.15	-0.0190	-0.0960	-1.0390	4.68	40	40	1
767	1	1	0	170803	093328.40	108.53966862	34.22521500	35.15	0.1040	-0.1420	-0.9610	4.58	40	39	1
768	1	1	0	170803	093328.50	108.53966250	34.22521270	35.15	0.0160	-0.0510	-0.9890	4.58	40	40	1
769	1	1	0	170803	093328.60	108.53965631	34.22521035	37.00	0.0510	-0.0600	-1.0690	4.58	40	40	1
770	1	1	0	170803	093328.70	108.53965015	34.22520809	37.00	-0.0070	-0.0940	-0.9630	4.58	40	40	1
771	1	1	0	170803	093328.80	108.53964388	34.22520581	37.00	0.0250	-0.0530	-1.0470	3.48	40	40	1
772	1	1	0	170803	093328.90	108.53963771	34.22520351	37.00	0.0370	-0.0330	-0.9440	3.48	40	40	1
773	1	1	0	170803	093329.00	108.53963155	34.22520125	37.00	-0.0360	-0.0420	-1.0130	3.03	40	40	1
774	1	1	0	170803	093329.10	108.53962536	34.22519896	37.00	0.0600	-0.0360	-0.9740	3.03	40	40	1
775	1	1	0	170803	093329.20	108.53961922	34.22519667	37.00	0.0160	-0.1300	-0.9930	3.03	40	40	1
776	1	1	0	170803	093329.30	108.53961304	34.22519438	37.00	-0.0100	0.0260	-0.9830	3.03	40	40	1
777	1	1	0	170803	093329.40	108.53960708	34.22519218	37.00	-0.0640	-0.0440	-0.9670	2.77	40	40	1
778	1	1	0	170803	093329.50	108.53960094	34.22518992	37.00	0.0000	-0.0660	-1.0040	2.77	40	40	1
779	1	1	0	170803	093329.60	108.53959495	34.22518769	37.00	0.0100	-0.0890	-1.0060	2.77	40	40	1
780	1	1	0	170803	093329.70	108.53958882	34.22518542	35.15	-0.0270	-0.0130	-1.0990	2.58	40	39	1
781	1	1	0	170803	093329.80	108.53958281	34.22518317	35.15	-0.0310	-0.0940	-1.0570	2.58	40	40	1
782	1	1	0	170803	093329.90	108.53957670	34.22518092	35.15	0.0100	-0.1170	-0.9460	2.58	40	39	1
783	1	1	0	170803	093330.00	108.53957044	34.22517860	35.15	-0.0590	0.0010	-1.0160	3.08	40	39	1
784	1	1	0	170803	093330.10	108.53956435	34.22517637	35.15	0.0060	-0.0600	-0.9860	3.08	40	39	1
785	1	1	0	170803	093330.20	108.53955840	34.22517418	35.15	0.0470	0.0100	-0.9990	3.08	40	39	1
786	1	1	0	170803	093330.30	108.53955233	34.22517198	35.15	-0.0540	0.0200	-0.9940	4.30	40	39	1
787	1	1	0	170803	093330.40	108.53954629	34.22516974	35.15	0.1150	-0.0420	-0.9670	4.30	40	40	1
788	1	1	0	170803	093330.50	108.53954018	34.22516754	35.15	-0.0250	-0.0230	-1.0840	4.30	40	39	1
789	1	1	0	170803	093330.60	108.53953405	34.22516531	35.15	0.0480	-0.0330	-0.9630	4.52	40	40	1
790	1	1	0	170803	093330.70	108.53952791	34.22516311	35.15	0.0360	-0.0300	-1.0150	4.52	40	40	1
791	1	1	0	170803	093330.80	108.53952178	34.22516092	35.15	0.0320	-0.0870	-1.0310	4.52	40	40	1
792	1	1	0	170803	093330.90	108.53951560	34.22515869	37.00	0.0600	-0.0380	-0.9950	3.29	40	40	1
793	1	1	0	170803	093331.00	108.53950954	34.22515654	37.00	0.0110	0.0080	-0.9890	3.29	40	40	1
794	1	1	0	170803	093331.10	108.53950335	34.22515438	37.00	0.0430	-0.0490	-0.9560	3.29	40	40	1
795	1	1	0	170803	093331.20	108.53949730	34.22515220	37.00	0.0160	0.0420	-1.0050	2.83	40	40	1
796	1	1	0	170803	093331.30	108.53949109	34.22515001	37.00	-0.0050	-0.0080	-1.0310	2.83	40	40	1
797	1	1	0	170803	093331.40	108.53948496	34.22514776	37.00	0.0100	-0.0380	-0.9810	2.83	40	40	1
798	1	1	0	170803	093331.50	108.53947871	34.22514561	37.00	-0.0350	-0.0230	-1.0020	2.60	40	40	1
799	1	1	0	170803	093331.60	108.53947235	34.22514347	37.00	-0.0600	-0.0630	-1.0220	2.60	40	40	1
800	1	1	0	170803	093331.70	108.53946615	34.22514135	37.00	0.0260	-0.0160	-0.9890	2.60	40	40	1
801	1	1	0	170803	093331.80	108.53945981	34.22513928	37.00	0.0420	0.0070	-0.9590	2.45	40	39	1
802	1	1	0	170803	093331.90	108.53945359	34.22513719	37.00	-0.0390	-0.0080	-1.0270	2.45	40	40	1
803	1	1	0	170803	093332.00	108.53944731	34.22513518	35.15	-0.0110	0.0420	-1.0440	2.45	40	39	1
804	1	1	0	170803	093332.10	108.53944112	34.22513312	35.15	-0.0510	-0.0280	-1.0300	3.63	40	39	1
805	1	1	0	170803	093332.20	108.53943488	34.22513114	35.15	-0.0350	-0.0910	-1.0310	3.63	40	39	1
806	1	1	0	170803	093332.30	108.53942871	34.22512908	35.15	0.0220	-0.0320	-1.0520	3.63	40	39	1
807	1	1	0	170803	093332.40	108.53942241	34.22512704	35.15	0.0080	-0.0540	-1.0630	4.37	40	39	1
808	1	1	0	170803	093332.50	108.53941622	34.22512505	35.15	-0.0390	-0.0490	-0.9650	4.37	40	40	1
809	1	1	0	170803	093332.60	108.53940991	34.22512311	35.15	0.0250	-0.0380	-0.9640	4.37	40	39	1
810	1	1	0	170803	093332.70	108.53940370	34.22512107	35.15	0.0060	-0.0260	-1.0070	4.37	40	40	1
811	1	1	0	170803	093332.80	108.53939736	34.22511918	35.15	0.1050	0.0120	-0.9650	4.43	40	39	1
812	1	1	0	170803	093332.90	108.53939108	34.22511717	35.15	-0.0100	-0.0520	-1.0820	4.43	40	40	1
813	1	1	0	170803	093333.00	108.53938468	34.22511530	37.00	0.0170	-0.0970	-0.9770	3.17	40	40	1
814	1	1	0	170803	093333.10	108.53937837	34.22511329	37.00	0.0300	-0.0650	-0.9780	3.17	40	40	1
815	1	1	0	170803	093333.20	108.53937199	34.22511141	37.00	0.0280	-0.0940	-1.0100	3.17	40	40	1
816	1	1	0	170803	093333.30	108.53936567	34.22510937	37.00	-0.0230	-0.0270	-1.0430	3.17	40	40	1
817	1	1	0	170803	093333.40	108.53935927	34.22510738	37.00	0.0320	-0.1150	-0.9970	2.94	40	40	1
818	1	1	0	170803	093333.50	108.53935296	34.22510537	37.00	-0.0490	-0.0290	-0.9790	2.94	40	40	1
819	1	1	0	170803	093333.60	108.53934664	34.22510337	37.00	-0.0090	-0.0660	-0.9830	2.94	40	40	1
820	1	1	0	170803	093333.70	108.53934034	34.22510134	37.00	-0.0130	-0.0730	-0.9990	2.71	40	40	1
821	1	1	0	170803	093333.80	108.53933436	34.22509923	37.00	-0.0510	-0.0430	-1.0490	2.71	40	40	1
822	1	1	0	170803	093333.90	108.53932810	34.22509723	37.00	0.0100	-0.0210	-1.0040	2.71	40	39	1
823	1	1	0	170803	093334.00	108.53932206	34.22509515	37.00	0.0340	0.0290	-0.9660	2.16	40	40	1
824	1	1	0	170803	093334.10	108.53931580	34.22509317	35.15	-0.0100	-0.0110	-1.0080	2.16	40	39	1
825	1	1	0	170803	093334.20	108.53930972	34.22509111	35.15	0.0360	-0.0330	-0.9590	2.16	40	40	1
826	1	1	0	170803	093334.30	108.53930348	34.22508912	35.15	0.0630	-0.0030	-1.0470	1.99	40	39	1
827	1	1	0	170803	093334.40	108.53929720	34.22508703	35.15	0.0420	-0.0200	-0.9900	1.99	40	40	1
828	1	1	0	170803	093334.50	108.53929096	34.22508505	35.15	-0.0250	-0.0520	-1.0100	1.99	40	39	1
829	1	1	0	170803	093334.60	108.53928470	34.22508297	35.15	-0.0300	0.0350	-1.0230	1.93	40	39	1
830	1	1	0	170803	093334.70	108.53927849	34.22508101	35.15	-0.0380	-0.0780	-0.9870	1.93	40	39	1
831	1	1	0	170803	093334.80	108.53927224	34.22507892	35.15	0.0230	-0.0750	-1.0390	1.93	40	40	1
832	1	1	0	170803	093334.90	108.53926600	34.22507698	35.15	0.0100	0.0120	-0.9440	1.92	40	39	1
833	1	1	0	170803	093335.00	108.53925980	34.22507504	35.15	-0.0290	-0.0720	-1.0890	1.92	40	39	1
834	1	1	0	170803	093335.10	108.53925352	34.22507310	35.15	0.1050	-0.0530	-0.9920	1.92	40	40	1
835	1	1	0	170803	093335.20	108.53924716	34.22507102	35.15	0.0310	0.0640	-1.1210	1.98	40	40	1
836	1	1	0	170803	093335.30	108.53924083	34.22506907	37.00	0.0270	-0.0320	-1.0230	1.98	40	40	1
837	1	1	0	170803	093335.40	108.53923441	34.22506709	37.00	0.0690	-0.0140	-0.9970	1.98	40	40	1
838	1	1	0	170803	093335.50	108.53922807	34.22506514	37.00	-0.0050	-0.0490	-0.9400	2.81	40	40	1
839	1	1	0	170803	093335.60	108.53922168	34.22506311	37.00	-0.0160	-0.0170	-0.9730	2.81	40	40	1
840	1	1	0	170803	093335.70	108.53921531	34.22506117	37.00	0.0460	-0.0670	-1.0070	2.81	40	40	1
841	1	1	0	170803	093335.80	108.53920904	34.22505934	37.00	0.0000	0.0220	-1.0010	3.84	40	40	1
842	1	1	0	170803	093335.90	108.53920267	34.22505741	37.00	-0.0300	-0.0860	-1.0370	3.84	40	40	1
843	1	1	0	170803	093336.00	108.53919623	34.22505535	37.00	-0.0010	-0.0390	-0.9850	3.84	40	40	1
844	1	1	0	170803	093336.10	108.53918989	34.22505343	37.00	-0.0510	-0.0860	-1.0460	2.94	40	40	1
845	1	1	0	170803	093336.20	108.53918354	34.22505149	37.00	0.0140	0.0040	-1.0940	2.94	40	40	1
846	1	1	0	170803	093336.30	108.53917718	34.22504958	37.00	0.0040	-0.0400	-1.0100	2.94	40	40	1
847	1	1	0	170803	093336.40	108.53917095	34.22504778	37.00	-0.0180	-0.0260	-1.0050	2.34	40	40	1
848	1	1	0	170803	093336.50	108.53916462	34.22504589	37.00	-0.0040	0.0260	-0.9740	2.34	40	40	1
849	1	1	0	170803	093336.60	108.53915846	34.22504413	37.00	0.0490	-0.0750	-1.0480	2.34	40	40	1
850	1	1	0	170803	093336.70	108.53915215	34.22504225	35.15	-0.0140	-0.0330	-1.0390	2.34	40	40	1
851	1	1	0	170803	093336.80	108.53914592	34.22504044	35.15	-0.0370	-0.0270	-1.0060	2.00	40	40	1
852	1	1	0	170803	093336.90	108.53913963	34.22503857	35.15	0.0050	-0.0530	-0.9020	2.00	40	39	1
853	1	1	0	170803	093337.00	108.53913340	34.22503674	35.15	-0.0570	-0.0520	-1.0290	2.00	40	40	1
854	1	1	0	170803	093337.10	108.53912712	34.22503488	35.15	-0.0070	-0.0150	-1.0520	2.00	40	39	1
855	1	1	0	170803	093337.20	108.53912084	34.22503300	35.15	0.0070	-0.0170	-1.0260	2.00	40	39	1
856	1	1	0	170803	093337.30	108.53911455	34.22503113	35.15	0.0040	-0.0420	-1.0070	2.00	40	39	1
857	1	1	0	170803	093337.40	108.53910826	34.22502929	35.15	-0.0030	-0.0490	-1.0180	1.96	40	40	1
858	1	1	0	170803	093337.50	108.53910196	34.22502745	35.15	0.0980	-0.0410	-0.9490	1.96	40	40	1
859	1	1	0	170803	093337.60	108.53909562	34.22502559	35.15	0.0350	-0.0350	-1.0230	1.96	40	40	1
860	1	1	0	170803	093337.70	108.53908931	34.22502372	35.15	0.0530	-0.0750	-1.0020	1.99	40	40	1
861	1	1	0	170803	093337.80	108.53908292	34.22502188	37.00	0.0490	-0.0420	-1.0260	1.99	40	40	1
862	1	1	0	170803	093337.90	108.53907655	34.22502000	37.00	0.0780	0.0190	-0.9910	1.99	40	40	1
863	1	1	0	170803	093338.00	108.53907016	34.22501815	37.00	-0.0160	-0.0020	-1.0030	2.03	40	40	1
864	1	1	0	170803	093338.10	108.53906376	34.22501629	37.00	0.0490	-0.0590	-1.1050	2.03	40	40	1
865	1	1	0	170803	093338.20	108.53905738	34.22501447	37.00	0.0340	-0.0660	-0.9780	2.03	40	40	1
866	1	1	0	170803	093338.30	108.53905098	34.22501261	37.00	0.0010	0.0210	-1.0810	2.01	40	40	1
867	1	1	0	170803	093338.40	108.53904458	34.22501081	37.00	0.0000	0.0090	-1.0320	2.01	40	40	1
868	1	1	0	170803	093338.50	108.53903817	34.22500895	37.00	0.0430	-0.0530	-0.9950	2.01	40	40	1
869	1	1	0	170803	093338.60	108.53903177	34.22500712	37.00	0.0080	0.0060	-0.9350	3.35	40	40	1
870	1	1	0	170803	093338.70	108.53902538	34.22500527	37.00	-0.0010	-0.0640	-0.9610	3.35	40	40	1
871	1	1	0	170803	093338.80	108.53901896	34.22500336	37.00	0.0030	-0.0390	-1.0580	3.35	40	40	1
872	1	1	0	170803	093338.90	108.53901259	34.22500151	37.00	-0.0170	0.0280	-0.9340	3.93	40	40	1
873	1	1	0	170803	093339.00	108.53900628	34.22499968	37.00	-0.0560	-0.0610	-1.0340	3.93	40	40	1
874	1	1	0	170803	093339.10	108.53899991	34.22499786	37.00	0.0570	0.0980	-1.0710	3.93	40	40	1
875	1	1	0	170803	093339.20	108.53899361	34.22499605	37.00	-0.0390	-0.0060	-1.0190	3.00	40	39	1
876	1	1	0	170803	093339.30	108.53898727	34.22499423	37.00	-0.0300	-0.0440	-1.0550	3.00	40	40	1
877	1	1	0	170803	093339.40	108.53898094	34.22499249	35.15	0.0170	-0.0160	-0.9740	3.00	40	39	1
878	1	1	0	170803	093339.50	108.53897461	34.22499067	35.15	-0.0330	-0.0370	-1.0240	2.48	40	40	1
879	1	1	0	170803	093339.60	108.53896830	34.22498888	35.15	0.0550	-0.0160	-1.0640	2.48	40	39	1
880	1	1	0	170803	093339.70	108.53896196	34.22498707	35.15	-0.0560	-0.0250	-1.0170	2.48	40	40	1
881	1	1	0	170803	093339.80	108.53895567	34.22498534	35.15	-0.0120	-0.0400	-0.9770	2.13	40	39	1
882	1	1	0	170803	093339.90	108.53894936	34.22498354	35.15	-0.0350	-0.0190	-0.9690	2.13	40	40	1
883	1	1	0	170803	093340.00	108.53894306	34.22498178	35.15	-0.0280	-0.0100	-1.0390	2.13	40	40	1
884	1	1	0	170803	093340.10	108.53893675	34.22498000	35.15	-0.0280	-0.0100	-1.0390	2.00	40	40	1
885	1	1	0	170803	093340.20	108.53893053	34.22497831	35.15	0.0480	0.0270	-0.9800	2.00	40	39	1
886	1	1	0	170803	093340.30	108.53892418	34.22497652	35.15	0.0940	-0.0560	-1.0330	2.00	40	40	1
887	1	1	0	170803	093340.40	108.53891774	34.22497477	35.15	0.0550	0.0170	-0.9800	1.98	40	40	1
888	1	1	0	170803	093340.50	108.53891140	34.22497300	35.15	0.0210	0.0500	-0.9800	1.98	40	40	1
889	1	1	0	170803	093340.60	108.53890483	34.22497117	37.00	0.0910	-0.0130	-1.0480	1.98	40	40	1
890	1	1	0	170803	093340.70	108.53889840	34.22496938	37.00	0.0680	0.0060	-1.0260	1.98	40	40	1
891	1	1	0	170803	093340.80	108.53889178	34.22496758	37.00	-0.0150	-0.0190	-0.9550	1.98	40	40	1
892	1	1	0	170803	093340.90	108.53888533	34.22496578	37.00	0.0040	0.0010	-1.0490	1.98	40	40	1
893	1	1	0	170803	093341.00	108.53887867	34.22496393	37.00	-0.0030	-0.0280	-1.0200	1.97	40	40	1
894	1	1	0	170803	093341.10	108.53887223	34.22496215	37.00	-0.0070	-0.0530	-0.9990	1.97	40	40	1
895	1	1	0	170803	093341.20	108.53886563	34.22496030	37.00	0.0100	-0.0380	-0.9850	1.97	40	40	1
896	1	1	0	170803	093341.30	108.53885917	34.22495852	37.00	-0.0120	-0.0340	-0.9810	1.97	40	40	1
897	1	1	0	170803	093341.40	108.53885260	34.22495666	37.00	-0.0200	0.0320	-1.0150	1.97	40	40	1
898	1	1	0	170803	093341.50	108.53884616	34.22495490	37.00	-0.0210	0.0020	-1.0730	1.97	40	40	1
899	1	1	0	170803	093341.60	108.53883967	34.22495313	37.00	0.0190	-0.0620	-0.9940	1.97	40	40	1
900	1	1	0	170803	093341.70	108.53883324	34.22495138	37.00	-0.0170	0.0160	-1.0060	3.71	40	40	1
901	1	1	0	170803	093341.80	108.53882677	34.22494959	37.00	0.0320	-0.0010	-1.0220	3.71	40	40	1
902	1	1	0	170803	093341.90	108.53882036	34.22494783	37.00	-0.0300	0.0530	-1.0400	3.71	40	40	1
903	1	1	0	170803	093342.00	108.53881393	34.22494608	37.00	0.0410	0.0230	-0.9710	3.29	40	39	1
904	1	1	0	170803	093342.10	108.53880752	34.22494432	37.00	0.0410	0.0230	-0.9710	3.29	40	40	1
905	1	1	0	170803	093342.20	108.53880110	34.22494258	37.00	0.0020	-0.0160	-0.9550	3.29	40	40	1
906	1	1	0	170803	093342.30	108.53879470	34.22494083	37.00	-0.0040	-0.0280	-0.9620	2.57	40	39	1
907	1	1	0	170803	093342.40	108.53878828	34.22493906	37.00	-0.0260	-0.0420	-1.0090	2.57	40	39	1
908	1	1	0	170803	093342.50	108.53878191	34.22493732	37.00	-0.0180	0.0320	-0.9630	2.57	40	40	1
909	1	1	0	170803	093342.60	108.53877557	34.22493560	35.15	-0.0560	0.0300	-1.0260	2.18	40	39	1
910	1	1	0	170803	093342.70	108.53876922	34.22493387	35.15	-0.0010	-0.1200	-0.9960	2.18	40	40	1
911	1	1	0	170803	093342.80	108.53876294	34.22493218	35.15	0.0070	-0.0130	-1.0360	2.18	40	39	1
912	1	1	0	170803	093342.90	108.53875659	34.22493045	35.15	0.0480	0.0090	-0.9680	2.06	40	40	1
913	1	1	0	170803	093343.00	108.53875020	34.22492872	35.15	0.0180	0.0180	-0.9820	2.06	40	39	1
914	1	1	0	170803	093343.10	108.53874385	34.22492700	35.15	0.0370	-0.0130	-0.9880	2.06	40	40	1
915	1	1	0	170803	093343.20	108.53873745	34.22492526	35.15	-0.0140	0.0330	-1.0120	2.00	40	39	1
916	1	1	0	170803	093343.30	108.53873113	34.22492354	35.15	0.0160	-0.0490	-0.8680	2.00	40	40	1
917	1	1	0	170803	093343.40	108.53872474	34.22492176	35.15	0.0870	-0.0770	-1.0420	2.00	40	40	1
918	1	1	0	170803	093343.50	108.53871838	34.22492000	35.15	-0.0960	0.0280	-1.0460	2.17	40	40	1
919	1	1	0	170803	093343.60	108.53871196	34.22491819	35.15	0.0540	-0.0310	-0.9410	2.17	40	40	1
920	1	1	0	170803	093343.70	108.53870556	34.22491645	37.00	0.0280	0.0010	-1.0270	2.17	40	40	1
921	1	1	0	170803	093343.80	108.53869904	34.22491460	37.00	0.0330	-0.0560	-0.9670	1.92	40	40	1
922	1	1	0	170803	093343.90	108.53869260	34.22491286	37.00	0.0270	0.0770	-1.0420	1.92	40	40	1
923	1	1	0	170803	093344.00	108.53868610	34.22491112	37.00	0.0780	0.0480	-0.9460	1.92	40	40	1
924	1	1	0	170803	093344.10	108.53867963	34.22490937	37.00	-0.0310	-0.0130	-1.0370	1.90	40	40	1
925	1	1	0	170803	093344.20	108.53867310	34.22490758	37.00	0.0260	-0.0640	-1.0430	1.90	40	40	1
926	1	1	0	170803	093344.30	108.53866664	34.22490582	37.00	-0.0250	0.0050	-1.0540	1.90	40	40	1
927	1	1	0	170803	093344.40	108.53866017	34.22490410	37.00	-0.0490	-0.0460	-0.9780	4.04	40	40	1
928	1	1	0	170803	093344.50	108.53865372	34.22490235	37.00	0.0190	0.0340	-0.9090	4.04	40	40	1
929	1	1	0	170803	093344.60	108.53864724	34.22490052	37.00	0.0180	-0.0690	-0.8500	4.04	40	40	1
930	1	1	0	170803	093344.70	108.53864082	34.22489876	37.00	-0.0140	0.1320	-0.9700	4.04	40	40	1
931	1	1	0	170803	093344.80	108.53863443	34.22489703	37.00	-0.0250	-0.0970	-0.9620	4.40	40	40	1
932	1	1	0	170803	093344.90	108.53862804	34.22489528	37.00	-0.0410	0.0440	-1.0130	4.40	40	39	1
933	1	1	0	170803	093345.00	108.53862173	34.22489351	37.00	-0.0390	0.0850	-0.9730	4.41	40	40	1
934	1	1	0	170803	093345.10	108.53861535	34.22489176	35.15	-0.0340	0.0040	-1.0430	4.41	40	39	1
935	1	1	0	170803	093345.20	108.53860903	34.22488999	35.15	0.0500	-0.0160	-0.9870	4.41	40	40	1
936	1	1	0	170803	093345.30	108.53860268	34.22488826	35.15	0.0120	0.0430	-1.0230	4.41	40	39	1
937	1	1	0	170803	093345.40	108.53859642	34.22488650	35.15	0.0330	-0.0260	-0.9920	3.18	40	39	1
938	1	1	0	170803	093345.50	108.53859009	34.22488473	35.15	-0.0440	0.0340	-1.0060	3.18	40	39	1
939	1	1	0	170803	093345.60	108.53858384	34.22488297	35.15	-0.0200	-0.0430	-0.9780	3.18	40	39	1
940	1	1	0	170803	093345.70	108.53857753	34.22488124	35.15	0.0270	0.0280	-1.0100	2.70	40	39	1
941	1	1	0	170803	093345.80	108.53857140	34.22487956	35.15	0.0090	0.0160	-1.0420	2.70	40	39	1
942	1	1	0	170803	093345.90	108.53856509	34.22487782	35.15	-0.0040	-0.0180	-1.0550	2.70	40	39	1
943	1	1	0	170803	093346.00	108.53855887	34.22487613	35.15	-0.0740	-0.0240	-1.0610	2.32	40	39	1
944	1	1	0	170803	093346.10	108.53855254	34.22487436	35.15	0.0340	-0.0280	-1.0070	2.32	40	40	1
945	1	1	0	170803	093346.20	108.53854621	34.22487262	35.15	0.0110	-0.0930	-0.9450	2.32	40	40	1
946	1	1	0	170803	093346.30	108.53853987	34.22487084	35.15	-0.0100	-0.0130	-1.0100	2.16	40	40	1
947	1	1	0	170803	093346.40	108.53853357	34.22486914	35.15	0.0720	-0.0330	-1.0450	2.16	40	40	1
948	1	1	0	170803	093346.50	108.53852719	34.22486734	37.00	0.0670	-0.0080	-1.0380	2.16	40	40	1
949	1	1	0	170803	093346.60	108.53852084	34.22486559	37.00	-0.0040	0.0090	-1.0560	3.97	40	40	1
950	1	1	0	170803	093346.70	108.53851442	34.22486377	37.00	-0.0180	-0.1300	-1.0110	3.97	40	40	1
951	1	1	0	170803	093346.80	108.53850805	34.22486199	37.00	0.0340	-0.0270	-1.0470	3.97	40	40	1
952	1	1	0	170803	093346.90	108.53850168	34.22486015	37.00	-0.0570	-0.0240	-0.8930	4.44	40	40	1
953	1	1	0	170803	093347.00	108.53849532	34.22485834	37.00	0.0140	-0.1910	-1.0880	4.44	40	40	1
954	1	1	0	170803	093347.10	108.53848892	34.22485651	37.00	0.0020	-0.0680	-1.0820	4.44	40	40	1
955	1	1	0	170803	093347.20	108.53848255	34.22485469	37.00	-0.0640	-0.0710	-1.0930	4.41	40	40	1
956	1	1	0	170803	093347.30	108.53847619	34.22485285	37.00	0.0520	-0.1060	-0.7730	4.41	40	40	1
957	1	1	0	170803	093347.40	108.53846983	34.22485108	37.00	-0.0180	0.0360	-1.0630	4.41	40	40	1
958	1	1	0	170803	093347.50	108.53846350	34.22484928	35.15	-0.0110	0.0000	-1.0310	3.19	40	40	1
959	1	1	0	170803	093347.60	108.53845720	34.22484751	35.15	0.0510	0.0350	-1.0510	3.19	40	40	1
960	1	1	0	170803	093347.70	108.53845088	34.22484569	35.15	-0.0420	0.0130	-0.9930	3.19	40	39	1
961	1	1	0	170803	093347.80	108.53844457	34.22484394	35.15	-0.0130	0.0150	-0.9690	2.61	40	39	1
962	1	1	0	170803	093347.90	108.53843824	34.22484217	35.15	-0.0020	0.0050	-1.0060	2.61	40	39	1
963	1	1	0	170803	093348.00	108.53843193	34.22484042	35.15	-0.0120	0.0400	-0.9220	2.61	40	39	1
964	1	1	0	170803	093348.10	108.53842564	34.22483864	35.15	0.0020	0.0110	-0.9650	2.21	40	39	1
965	1	1	0	170803	093348.20	108.53841938	34.22483689	35.15	0.0030	-0.0380	-0.9280	2.21	40	40	1
966	1	1	0	170803	093348.30	108.53841309	34.22483513	35.15	0.0620	-0.0510	-0.9680	2.21	40	39	1
967	1	1	0	170803	093348.40	108.53840681	34.22483330	35.15	0.0130	0.0210	-1.0520	2.57	40	40	1
968	1	1	0	170803	093348.50	108.53840045	34.22483154	35.15	0.1050	-0.0030	-1.0360	2.57	40	39	1
969	1	1	0	170803	093348.60	108.53839407	34.22482969	35.15	-0.0710	-0.0250	-0.9880	2.57	40	40	1
970	1	1	0	170803	093348.70	108.53838773	34.22482791	35.15	0.0550	-0.0130	-0.9590	2.57	40	40	1
971	1	1	0	170803	093348.80	108.53838134	34.22482609	37.00	0.0430	-0.0130	-1.0540	3.89	40	40	1
972	1	1	0	170803	093348.90	108.53837492	34.22482432	37.00	0.0240	0.0100	-1.0140	3.89	40	40	1
973	1	1	0	170803	093349.00	108.53836849	34.22482252	37.00	0.0120	-0.0080	-0.9770	4.32	40	40	1
974	1	1	0	170803	093349.10	108.53836209	34.22482073	37.00	-0.0580	0.1520	-0.9830	4.32	40	40	1
975	1	1	0	170803	093349.20	108.53835566	34.22481889	37.00	0.0520	-0.0230	-0.9610	4.32	40	40	1
976	1	1	0	170803	093349.30	108.53834928	34.22481710	37.00	-0.0260	-0.0060	-0.9830	4.32	40	40	1
977	1	1	0	170803	093349.40	108.53834290	34.22481525	37.00	-0.1370	-0.0430	-1.0400	3.56	40	40	1
978	1	1	0	170803	093349.50	108.53833652	34.22481348	37.00	0.0820	-0.0510	-1.0200	3.56	40	40	1
979	1	1	0	170803	093349.60	108.53833016	34.22481169	37.00	0.0290	-0.0270	-1.0080	3.56	40	40	1
980	1	1	0	170803	093349.70	108.53832378	34.22480993	37.00	-0.0460	-0.0340	-1.0690	2.62	40	39	1
981	1	1	0	170803	093349.80	108.53831744	34.22480817	35.15	0.0160	-0.0770	-1.0120	2.62	40	39	1
982	1	1	0	170803	093349.90	108.53831110	34.22480645	35.15	0.0060	0.0170	-0.9460	2.62	40	39	1
983	1	1	0	170803	093350.00	108.53830475	34.22480469	35.15	0.0120	0.0260	-1.0360	2.50	40	39	1
984	1	1	0	170803	093350.10	108.53829841	34.22480298	35.15	0.0060	-0.0420	-1.0210	2.50	40	39	1
985	1	1	0	170803	093350.20	108.53829211	34.22480131	35.15	-0.0410	-0.0360	-0.9920	2.50	40	39	1
986	1	1	0	170803	093350.30	108.53828582	34.22479960	35.15	0.0210	0.0290	-0.9570	2.10	40	40	1
987	1	1	0	170803	093350.40	108.53827948	34.22479787	35.15	0.1210	0.0250	-1.0650	2.10	40	39	1
988	1	1	0	170803	093350.50	108.53827314	34.22479615	35.15	-0.0920	-0.0230	-1.0710	2.10	40	40	1
989	1	1	0	170803	093350.60	108.53826681	34.22479439	35.15	0.0730	-0.0040	-1.0290	3.33	40	39	1
990	1	1	0	170803	093350.70	108.53826043	34.22479264	35.15	0.0630	0.0180	-1.0910	3.33	40	40	1
991	1	1	0	170803	093350.80	108.53825401	34.22479084	35.15	0.0440	-0.0260	-0.9830	3.33	40	40	1
992	1	1	0	170803	093350.90	108.53824761	34.22478908	37.00	-0.0060	-0.0070	-0.9440	4.25	40	40	1
993	1	1	0	170803	093351.00	108.53824113	34.22478728	37.00	0.0230	-0.0330	-0.9810	4.25	40	40	1
994	1	1	0	170803	093351.10	108.53823469	34.22478557	37.00	0.0020	-0.0680	-1.0350	4.25	40	40	1
995	1	1	0	170803	093351.20	108.53822831	34.22478375	37.00	0.0540	-0.0850	-1.0350	4.35	40	40	1
996	1	1	0	170803	093351.30	108.53822188	34.22478201	37.00	0.0180	-0.0040	-0.9670	4.35	40	40	1
997	1	1	0	170803	093351.40	108.53821544	34.22478028	37.00	0.0410	0.0130	-1.0470	4.35	40	40	1
998	1	1	0	170803	093351.50	108.53820899	34.22477858	37.00	0.0270	-0.0340	-0.8550	3.43	40	40	1
999	1	1	0	170803	093351.60	108.53820254	34.22477691	37.00	-0.0870	-0.0280	-1.0290	3.43	40	40	1
1000	1	1	0	170803	093351.70	108.53819615	34.22477519	37.00	0.0080	0.0020	-0.9270	3.43	40	40	1
1001	1	1	0	170803	093351.80	108.53818972	34.22477347	37.00	0.0160	0.0420	-0.9120	2.79	40	40	1
1002	1	1	0	170803	093351.90	108.53818336	34.22477175	35.15	-0.0030	-0.0300	-1.0410	2.79	40	39	1
1003	1	1	0	170803	093352.00	108.53817702	34.22477001	35.15	-0.0060	-0.0280	-1.0660	2.79	40	40	1
1004	1	1	0	170803	093352.10	108.53817065	34.22476831	35.15	-0.0230	0.0200	-1.0000	2.53	40	39	1
1005	1	1	0	170803	093352.20	108.53816435	34.22476661	35.15	-0.0140	-0.0030	-0.9490	2.53	40	39	1
1006	1	1	0	170803	093352.30	108.53815803	34.22476491	35.15	-0.0380	-0.0650	-0.9270	2.53	40	39	1
1007	1	1	0	170803	093352.40	108.53815169	34.22476314	35.15	-0.0170	-0.0180	-0.9450	2.21	40	40	1
1008	1	1	0	170803	093352.50	108.53814537	34.22476144	35.15	0.0970	0.0430	-0.9820	2.21	40	39	1
1009	1	1	0	170803	093352.60	108.53813907	34.22475968	35.15	0.0350	0.0110	-1.0340	2.21	40	40	1
1010	1	1	0	170803	093352.70	108.53813272	34.22475798	35.15	0.1040	0.0250	-0.9950	2.21	40	39	1
1011	1	1	0	170803	093352.80	108.53812630	34.22475624	35.15	-0.0070	-0.0580	-1.0380	2.98	40	40	1
1012	1	1	0	170803	093352.90	108.53811989	34.22475452	35.15	0.0700	-0.0790	-1.0460	2.98	40	40	1
1013	1	1	0	170803	093353.00	108.53811341	34.22475279	37.00	0.0640	-0.0460	-0.9470	4.33	40	40	1
1014	1	1	0	170803	093353.10	108.53810700	34.22475107	37.00	0.0020	0.0670	-1.0450	4.33	40	40	1
1015	1	1	0	170803	093353.20	108.53810043	34.22474931	37.00	0.0590	0.0090	-0.9370	4.33	40	40	1
1016	1	1	0	170803	093353.30	108.53809398	34.22474759	37.00	0.0100	-0.0030	-1.0220	4.33	40	40	1
1017	1	1	0	170803	093353.40	108.53808746	34.22474585	37.00	-0.0010	0.0840	-0.9630	4.21	40	40	1
1018	1	1	0	170803	093353.50	108.53808100	34.22474413	37.00	-0.0030	-0.0530	-1.0210	4.21	40	40	1
1019	1	1	0	170803	093353.60	108.53807456	34.22474240	37.00	-0.0140	0.0270	-0.9760	4.21	40	40	1
1020	1	1	0	170803	093353.70	108.53806814	34.22474070	37.00	-0.0090	0.0790	-0.9730	3.83	40	40	1
1021	1	1	0	170803	093353.80	108.53806176	34.22473902	37.00	-0.0360	-0.0140	-1.0830	3.83	40	39	1
1022	1	1	0	170803	093353.90	108.53805536	34.22473731	37.00	-0.0260	-0.0600	-1.0450	3.83	40	40	1
1023	1	1	0	170803	093354.00	108.53804901	34.22473559	35.15	-0.0100	-0.0870	-1.0230	2.62	40	39	1
1024	1	1	0	170803	093354.10	108.53804261	34.22473390	35.15	-0.0470	-0.0230	-1.0110	2.62	40	40	1
1025	1	1	0	170803	093354.20	108.53803627	34.22473219	35.15	0.0220	-0.0570	-0.9420	2.62	40	39	1
1026	1	1	0	170803	093354.30	108.53802993	34.22473049	35.15	-0.0250	-0.0090	-0.9970	2.45	40	40	1
1027	1	1	0	170803	093354.40	108.53802357	34.22472878	35.15	-0.0220	0.0420	-1.0300	2.45	40	39	1
1028	1	1	0	170803	093354.50	108.53801723	34.22472710	35.15	-0.0370	-0.1030	-1.0030	2.45	40	39	1
1029	1	1	0	170803	093354.60	108.53801086	34.22472538	35.15	-0.0570	-0.0410	-1.0460	2.15	40	39	1
1030	1	1	0	170803	093354.70	108.53800455	34.22472370	35.15	-0.0150	0.0290	-1.0370	2.15	40	39	1
1031	1	1	0	170803	093354.80	108.53799818	34.22472200	35.15	-0.0660	0.0180	-1.1110	2.15	40	40	1
1032	1	1	0	170803	093354.90	108.53799180	34.22472031	35.15	0.0480	0.0130	-1.0590	2.29	40	40	1
1033	1	1	0	170803	093355.00	108.53798539	34.22471866	35.15	0.0280	-0.0100	-1.0270	2.29	40	40	1
1034	1	1	0	170803	093355.10	108.53797898	34.22471698	35.15	0.0100	0.0660	-0.9570	2.29	40	40	1
1035	1	1	0	170803	093355.20	108.53797253	34.22471536	37.00	0.0410	0.0730	-1.0110	4.05	40	40	1
1036	1	1	0	170803	093355.30	108.53796609	34.22471367	37.00	0.0050	-0.0250	-1.0040	4.05	40	40	1
1037	1	1	0	170803	093355.40	108.53795963	34.22471204	37.00	0.0640	0.0060	-0.9920	4.05	40	40	1
1038	1	1	0	170803	093355.50	108.53795316	34.22471033	37.00	-0.0160	-0.0390	-1.0320	4.36	40	40	1
1039	1	1	0	170803	093355.60	108.53794661	34.22470862	37.00	-0.0680	0.0200	-1.0140	4.36	40	40	1
1040	1	1	0	170803	093355.70	108.53794018	34.22470694	37.00	0.0180	0.0140	-0.9810	4.36	40	40	1
1041	1	1	0	170803	093355.80	108.53793368	34.22470526	37.00	-0.0260	0.0070	-1.0010	3.38	40	40	1
1042	1	1	0	170803	093355.90	108.53792724	34.22470356	37.00	0.0190	-0.0230	-1.0040	3.38	40	39	1
1043	1	1	0	170803	093356.00	108.53792081	34.22470195	37.00	-0.0410	-0.0620	-0.9920	3.38	40	40	1
1044	1	1	0	170803	093356.10	108.53791439	34.22470027	37.00	0.0060	-0.0210	-0.9810	2.74	40	39	1
1045	1	1	0	170803	093356.20	108.53790799	34.22469863	37.00	0.0190	-0.0370	-1.0210	2.74	40	40	1
1046	1	1	0	170803	093356.30	108.53790160	34.22469695	35.15	-0.0560	-0.1060	-1.0820	2.74	40	39	1
1047	1	1	0	170803	093356.40	108.53789527	34.22469534	35.15	0.0350	-0.0290	-1.0120	2.58	40	40	1
1048	1	1	0	170803	093356.50	108.53788892	34.22469368	35.15	-0.0230	0.0090	-1.0030	2.58	40	39	1
1049	1	1	0	170803	093356.60	108.53788258	34.22469204	35.15	0.0130	0.0640	-1.0330	2.58	40	39	1
1050	1	1	0	170803	093356.70	108.53787622	34.22469037	35.15	-0.0000	-0.0740	-0.9910	2.58	40	39	1
1051	1	1	0	170803	093356.80	108.53786986	34.22468871	35.15	-0.0250	-0.0200	-0.9130	2.29	40	39	1
1052	1	1	0	170803	093356.90	108.53786353	34.22468705	35.15	0.0040	0.0310	-1.0360	2.29	40	39	1
1053	1	1	0	170803	093357.00	108.53785715	34.22468539	35.15	0.1810	0.0100	-0.9570	1.87	40	40	1
1054	1	1	0	170803	093357.10	108.53785077	34.22468373	35.15	-0.0060	0.0220	-1.0380	1.87	40	40	1
1055	1	1	0	170803	093357.20	108.53784434	34.22468208	35.15	0.0910	0.0290	-1.0550	1.87	40	40	1
1056	1	1	0	170803	093357.30	108.53783792	34.22468038	35.15	0.0620	-0.0320	-1.0630	1.87	40	40	1
1057	1	1	0	170803	093357.40	108.53783140	34.22467868	37.00	0.0590	-0.0060	-0.9950	2.11	40	40	1
1058	1	1	0	170803	093357.50	108.53782495	34.22467700	37.00	0.0200	-0.0530	-1.0010	2.11	40	40	1
1059	1	1	0	170803	093357.60	108.53781842	34.22467527	37.00	0.0450	0.0050	-1.0250	2.11	40	40	1
1060	1	1	0	170803	093357.70	108.53781196	34.22467358	37.00	-0.0040	0.0100	-0.9870	3.78	40	40	1
1061	1	1	0	170803	093357.80	108.53780547	34.22467188	37.00	0.0090	-0.0070	-1.0020	3.78	40	40	1
1062	1	1	0	170803	093357.90	108.53779900	34.22467017	37.00	-0.0260	-0.0470	-1.0110	3.78	40	40	1
1063	1	1	0	170803	093358.00	108.53779255	34.22466852	37.00	-0.0140	-0.0440	-0.9860	3.38	40	40	1
1064	1	1	0	170803	093358.10	108.53778611	34.22466682	37.00	0.0280	0.0690	-0.9770	3.38	40	40	1
1065	1	1	0	170803	093358.20	108.53777964	34.22466512	37.00	-0.0350	0.0670	-0.9810	3.38	40	40	1
1066	1	1	0	170803	093358.30	108.53777319	34.22466342	37.00	0.0000	0.0130	-0.9660	2.25	40	40	1
1067	1	1	0	170803	093358.40	108.53776658	34.22466167	37.00	-0.0150	-0.0660	-1.0970	2.25	40	40	1
1068	1	1	0	170803	093358.50	108.53776016	34.22465996	37.00	0.0100	0.0870	-0.9680	2.25	40	40	1
1069	1	1	0	170803	093358.60	108.53775376	34.22465828	37.00	-0.0100	-0.0470	-1.0270	1.88	40	40	1
1070	1	1	0	170803	093358.70	108.53774734	34.22465659	37.00	0.0380	0.0840	-0.9570	1.88	40	40	1
1071	1	1	0	170803	093358.80	108.53774082	34.22465482	37.00	0.0320	-0.0760	-0.9740	1.88	40	40	1
1072	1	1	0	170803	093358.90	108.53773442	34.22465311	37.00	-0.0210	0.0950	-0.9120	1.83	40	40	1
1073	1	1	0	170803	093359.00	108.53772795	34.22465135	35.15	-0.0590	-0.0650	-1.0060	1.83	40	40	1
1074	1	1	0	170803	093359.10	108.53772159	34.22464967	35.15	0.0770	-0.0380	-0.9690	1.83	40	39	1
1075	1	1	0	170803	093359.20	108.53771516	34.22464792	35.15	0.0460	-0.0350	-1.0470	1.78	40	40	1
1076	1	1	0	170803	093359.30	108.53770878	34.22464622	35.15	-0.0470	-0.0660	-1.0160	1.78	40	39	1
1077	1	1	0	170803	093359.40	108.53770237	34.22464449	35.15	0.0250	-0.0070	-0.9810	1.78	40	40	1
1078	1	1	0	170803	093359.50	108.53769601	34.22464280	35.15	0.0560	0.0380	-1.0390	1.80	40	39	1
1079	1	1	0	170803	093359.60	108.53768957	34.22464111	35.15	0.0150	-0.0480	-0.9490	1.80	40	40	1
1080	1	1	0	170803	093359.70	108.53768324	34.22463941	35.15	-0.0200	-0.0090	-1.0530	1.80	40	39	1
1081	1	1	0	170803	093359.80	108.53767686	34.22463771	35.15	0.0790	-0.0580	-0.9750	2.36	40	40	1
1082	1	1	0	170803	093359.90	108.53767049	34.22463598	35.15	-0.0280	-0.1080	-1.0430	2.36	40	39	1
1083	1	1	0	170803	093400.00	108.53766422	34.22463428	35.15	0.0500	0.0260	-1.0440	2.36	40	40	1
1084	1	1	0	170803	093400.10	108.53765780	34.22463254	37.00	0.0580	-0.1030	-1.0750	3.75	40	40	1
1085	1	1	0	170803	093400.20	108.53765139	34.22463075	37.00	0.0630	0.0350	-1.0090	3.75	40	40	1
1086	1	1	0	170803	093400.30	108.53764497	34.22462900	37.00	0.0180	0.0370	-1.0330	3.75	40	40	1
1087	1	1	0	170803	093400.40	108.53763836	34.22462712	37.00	0.0400	-0.0810	-1.0950	3.64	40	40	1
1088	1	1	0	170803	093400.50	108.53763190	34.22462535	37.00	-0.0090	-0.0240	-1.0010	3.64	40	40	1
1089	1	1	0	170803	093400.60	108.53762532	34.22462346	37.00	-0.0200	-0.0900	-0.9690	3.64	40	40	1
1090	1	1	0	170803	093400.70	108.53761886	34.22462166	37.00	0.0340	0.0130	-1.0050	3.64	40	40	1
1091	1	1	0	170803	093400.80	108.53761234	34.22461979	37.00	0.0010	0.0130	-1.0190	2.42	40	40	1
1092	1	1	0	170803	093400.90	108.53760590	34.22461804	37.00	0.0040	-0.0860	-0.9770	2.42	40	40	1
1093	1	1	0	170803	093401.00	108.53759957	34.22461625	37.00	-0.0210	-0.0130	-1.0250	2.04	40	40	1
1094	1	1	0	170803	093401.10	108.53759313	34.22461447	37.00	-0.0120	-0.0390	-0.9940	2.04	40	40	1
1095	1	1	0	170803	093401.20	108.53758669	34.22461276	37.00	0.0170	0.0570	-0.9590	2.04	40	40	1
1096	1	1	0	170803	093401.30	108.53758027	34.22461099	37.00	-0.0290	0.0460	-1.0310	2.04	40	40	1
1097	1	1	0	170803	093401.40	108.53757384	34.22460925	37.00	-0.0270	-0.0040	-1.1230	1.79	40	40	1
1098	1	1	0	170803	093401.50	108.53756744	34.22460749	37.00	0.0170	-0.0120	-0.9730	1.79	40	40	1
1099	1	1	0	170803	093401.60	108.53756119	34.22460581	37.00	-0.0120	0.0210	-0.9980	1.79	40	40	1
1100	1	1	0	170803	093401.70	108.53755480	34.22460405	37.00	0.0390	-0.0360	-1.0220	1.78	40	40	1
1101	1	1	0	170803	093401.80	108.53754853	34.22460238	37.00	0.0110	0.0710	-1.0320	1.78	40	40	1
1102	1	1	0	170803	093401.90	108.53754214	34.22460064	37.00	0.0110	-0.0000	-1.0040	1.78	40	40	1
1103	1	1	0	170803	093402.00	108.53753587	34.22459898	35.15	-0.0030	-0.0220	-1.0460	1.80	40	40	1
1104	1	1	0	170803	093402.10	108.53752951	34.22459726	35.15	-0.0120	0.0560	-0.9940	1.80	40	40	1
1105	1	1	0	170803	093402.20	108.53752317	34.22459555	35.15	-0.0040	0.0470	-1.0370	1.80	40	40	1
1106	1	1	0	170803	093402.30	108.53751681	34.22459385	35.15	-0.0130	0.0080	-0.9800	1.75	40	40	1
1107	1	1	0	170803	093402.40	108.53751053	34.22459225	35.15	0.0010	0.0330	-1.0170	1.75	40	39	1
1108	1	1	0	170803	093402.50	108.53750417	34.22459059	35.15	0.0210	0.0290	-1.0140	1.75	40	39	1
1109	1	1	0	170803	093402.60	108.53749790	34.22458903	35.15	-0.0200	-0.0200	-0.9710	2.49	40	39	1
1110	1	1	0	170803	093402.70	108.53749155	34.22458738	35.15	0.0330	0.0270	-1.0050	2.49	40	39	1
1111	1	1	0	170803	093402.80	108.53748527	34.22458586	35.15	0.0070	0.0150	-1.0400	2.49	40	40	1
1112	1	1	0	170803	093402.90	108.53747893	34.22458423	35.15	-0.0160	-0.0640	-0.9720	3.82	40	39	1
1113	1	1	0	170803	093403.00	108.53747259	34.22458276	35.15	-0.0070	0.0620	-1.0690	3.82	40	40	1
1114	1	1	0	170803	093403.10	108.53746622	34.22458110	35.15	0.0680	0.0030	-0.9520	3.82	40	39	1
1115	1	1	0	170803	093403.20	108.53745984	34.22457957	35.15	0.0480	0.0580	-1.0760	3.58	40	40	1
1116	1	1	0	170803	093403.30	108.53745339	34.22457792	37.00	0.0570	0.0070	-0.8860	3.58	40	40	1
1117	1	1	0	170803	093403.40	108.53744699	34.22457631	37.00	0.0320	-0.0010	-0.9520	3.58	40	40	1
1118	1	1	0	170803	093403.50	108.53744052	34.22457464	37.00	0.0200	-0.0200	-0.9600	2.49	40	40	1
1119	1	1	0	170803	093403.60	108.53743400	34.22457292	37.00	0.0320	0.0970	-0.9870	2.49	40	40	1
1120	1	1	0	170803	093403.70	108.53742753	34.22457126	37.00	-0.0300	-0.0730	-1.0350	2.49	40	40	1
1121	1	1	0	170803	093403.80	108.53742103	34.22456949	37.00	-0.0020	-0.0080	-0.9950	1.95	40	40	1
1122	1	1	0	170803	093403.90	108.53741459	34.22456781	37.00	0.0230	-0.0460	-0.9820	1.95	40	40	1
1123	1	1	0	170803	093404.00	108.53740811	34.22456605	37.00	0.0160	-0.0000	-0.9700	1.95	40	40	1
1124	1	1	0	170803	093404.10	108.53740166	34.22456439	37.00	0.0030	-0.0430	-1.0240	1.85	40	40	1
1125	1	1	0	170803	093404.20	108.53739522	34.22456265	37.00	0.0460	-0.0770	-0.9550	1.85	40	40	1
1126	1	1	0	170803	093404.30	108.53738878	34.22456097	37.00	0.0080	0.0140	-1.0240	1.85	40	40	1
1127	1	1	0	170803	093404.40	108.53738237	34.22455923	37.00	0.0010	-0.0150	-0.9540	1.82	40	40	1
1128	1	1	0	170803	093404.50	108.53737597	34.22455754	37.00	0.0080	0.0130	-0.9970	1.82	40	40	1
1129	1	1	0	170803	093404.60	108.53736959	34.22455580	37.00	-0.0220	0.0190	-1.0010	1.82	40	39	1
1130	1	1	0	170803	093404.70	108.53736321	34.22455411	35.15	-0.0070	-0.0220	-1.0020	1.82	40	40	1
1131	1	1	0	170803	093404.80	108.53735685	34.22455236	35.15	0.0150	-0.0120	-1.0130	1.79	40	39	1
1132	1	1	0	170803	093404.90	108.53735048	34.22455066	35.15	-0.0170	0.0250	-1.0130	1.79	40	40	1
1133	1	1	0	170803	093405.00	108.53734417	34.22454908	35.15	-0.0540	-0.0190	-1.0830	1.79	40	39	1
1134	1	1	0	170803	093405.10	108.53733780	34.22454743	35.15	0.0660	0.0030	-0.9580	1.79	40	40	1
1135	1	1	0	170803	093405.20	108.53733146	34.22454578	35.15	-0.0180	-0.0250	-1.0140	1.79	40	39	1
1136	1	1	0	170803	093405.30	108.53732511	34.22454415	35.15	-0.0060	0.0350	-1.0290	1.79	40	40	1
1137	1	1	0	170803	093405.40	108.53731876	34.22454247	35.15	0.0680	-0.0320	-0.9600	1.79	40	40	1
1138	1	1	0	170803	093405.50	108.53731239	34.22454082	35.15	0.0450	0.0520	-1.0280	1.79	40	40	1
1139	1	1	0	170803	093405.60	108.53730604	34.22453919	35.15	0.0660	0.0130	-1.0120	1.79	40	40	1
1140	1	1	0	170803	093405.70	108.53729963	34.22453749	35.15	0.0670	0.0510	-1.0730	1.82	40	40	1
1141	1	1	0	170803	093405.80	108.53729322	34.22453584	37.00	0.0950	-0.0270	-0.9840	1.82	40	40	1
1142	1	1	0	170803	093405.90	108.53728679	34.22453415	37.00	0.0710	0.0110	-1.0140	1.82	40	40	1
1143	1	1	0	170803	093406.00	108.53728030	34.22453244	37.00	0.0240	-0.0580	-1.0610	3.52	40	40	1
1144	1	1	0	170803	093406.10	108.53727378	34.22453076	37.00	0.0340	-0.0370	-0.9310	3.52	40	40	1
1145	1	1	0	170803	093406.20	108.53726724	34.22452905	37.00	-0.0150	0.0110	-0.8920	3.52	40	40	1
1146	1	1	0	170803	093406.30	108.53726077	34.22452736	37.00	0.0200	0.0200	-0.9480	3.70	40	40	1
1147	1	1	0	170803	093406.40	108.53725429	34.22452568	37.00	0.0160	0.0080	-1.0190	3.70	40	40	1
1148	1	1	0	170803	093406.50	108.53724784	34.22452400	37.00	-0.0570	-0.0070	-1.0440	3.70	40	40	1
1149	1	1	0	170803	093406.60	108.53724141	34.22452235	37.00	0.0150	0.0420	-0.9440	3.30	40	40	1
1150	1	1	0	170803	093406.70	108.53723498	34.22452067	37.00	0.0060	0.1300	-0.9990	3.30	40	40	1
1151	1	1	0	170803	093406.80	108.53722858	34.22451898	37.00	-0.0430	-0.0080	-0.9610	3.30	40	40	1
1152	1	1	0	170803	093406.90	108.53722216	34.22451731	37.00	-0.0160	0.0420	-1.1590	2.53	40	39	1
1153	1	1	0	170803	093407.00	108.53721579	34.22451566	35.15	0.0500	-0.0150	-1.0140	2.53	40	39	1
1154	1	1	0	170803	093407.10	108.53720936	34.22451399	37.00	-0.1240	0.0800	-1.0290	2.53	40	39	1
1155	1	1	0	170803	093407.20	108.53720287	34.22451234	37.00	0.0420	0.1530	-0.8680	2.28	40	39	1
1156	1	1	0	170803	093407.30	108.53719638	34.22451065	37.00	-0.0970	-0.0130	-1.0160	2.28	40	40	1
1157	1	1	0	170803	093407.40	108.53718971	34.22450893	37.00	-1.6860	0.0850	-1.5280	2.28	40	40	1
1158	1	1	0	170803	093407.50	108.53718351	34.22450730	35.15	0.2080	0.0400	-0.9070	2.12	40	40	1
1159	1	1	0	170803	093407.60	108.53717726	34.22450570	35.15	0.0960	-0.0040	-1.2970	2.12	40	39	1
1160	1	1	0	170803	093407.70	108.53717087	34.22450404	35.15	0.1850	0.0040	-1.3340	2.12	40	40	1
1161	1	1	0	170803	093407.80	108.53716456	34.22450244	35.15	0.1040	-0.0120	-0.9070	2.18	40	39	1
1162	1	1	0	170803	093407.90	108.53715815	34.22450076	35.15	-0.0120	-0.0130	-0.8970	2.18	40	40	1
1163	1	1	0	170803	093408.00	108.53715156	34.22449909	37.00	0.0170	0.0520	-0.9710	2.18	40	39	1
1164	1	1	0	170803	093408.10	108.53714516	34.22449743	37.00	0.0220	0.0020	-1.0090	2.15	40	40	1
1165	1	1	0	170803	093408.20	108.53713872	34.22449576	37.00	-0.0180	-0.0210	-0.9750	2.15	40	39	1
1166	1	1	0	170803	093408.30	108.53713234	34.22449409	37.00	0.0170	-0.0210	-1.0060	2.15	40	39	1
1167	1	1	0	170803	093408.40	108.53712600	34.22449246	35.15	-0.0050	-0.0020	-1.0230	3.56	40	39	1
1168	1	1	0	170803	093408.50	108.53711962	34.22449080	35.15	-0.0700	0.0040	-1.0290	3.56	40	39	1
1169	1	1	0	170803	093408.60	108.53711324	34.22448917	35.15	-0.0390	0.0050	-1.0130	3.56	40	39	1
1170	1	1	0	170803	093408.70	108.53710690	34.22448751	35.15	-0.0110	-0.0090	-0.9660	3.56	40	39	1
1171	1	1	0	170803	093408.80	108.53710063	34.22448589	35.15	-0.0450	-0.0060	-1.0100	4.45	40	39	1
1172	1	1	0	170803	093408.90	108.53709428	34.22448424	35.15	0.0680	-0.0310	-1.0190	4.45	40	39	1
1173	1	1	0	170803	093409.00	108.53708798	34.22448261	35.15	-0.0500	-0.0210	-1.0780	4.26	40	40	1
1174	1	1	0	170803	093409.10	108.53708160	34.22448095	35.15	0.0360	-0.0310	-0.9640	4.26	40	40	1
1175	1	1	0	170803	093409.20	108.53707522	34.22447930	35.15	0.0000	-0.0140	-0.9760	4.26	40	40	1
1176	1	1	0	170803	093409.30	108.53706879	34.22447763	37.00	0.0170	-0.0440	-1.0240	3.06	40	40	1
1177	1	1	0	170803	093409.40	108.53706232	34.22447594	37.00	0.0010	-0.0030	-1.0300	3.06	40	40	1
1178	1	1	0	170803	093409.50	108.53705586	34.22447427	37.00	0.0070	0.0080	-1.0800	3.06	40	40	1
1179	1	1	0	170803	093409.60	108.53704937	34.22447252	37.00	0.0120	0.0230	-0.9940	3.06	40	40	1
1180	1	1	0	170803	093409.70	108.53704291	34.22447085	37.00	-0.0120	-0.0040	-1.0310	2.65	40	40	1
1181	1	1	0	170803	093409.80	108.53703645	34.22446913	37.00	0.0200	0.0000	-1.0390	2.65	40	40	1
1182	1	1	0	170803	093409.90	108.53702998	34.22446748	37.00	-0.0020	0.0230	-0.9590	2.65	40	40	1
1183	1	1	0	170803	093410.00	108.53702353	34.22446590	37.00	-0.0250	-0.0600	-1.0230	2.38	40	40	1
1184	1	1	0	170803	093410.10	108.53701710	34.22446426	37.00	0.0050	-0.0000	-1.0110	2.38	40	39	1
1185	1	1	0	170803	093410.20	108.53701062	34.22446272	37.00	0.0190	0.0280	-0.9770	2.38	40	40	1
1186	1	1	0	170803	093410.30	108.53700418	34.22446107	37.00	0.0110	0.0360	-0.9940	2.19	40	39	1
1187	1	1	0	170803	093410.40	108.53699754	34.22445933	37.00	-0.0580	0.0210	-0.9270	2.19	40	40	1
1188	1	1	0	170803	093410.50	108.53699116	34.22445770	35.15	-0.0000	0.0130	-0.9350	2.19	40	39	1
1189	1	1	0	170803	093410.60	108.53698478	34.22445604	35.15	0.0260	-0.0350	-1.0780	3.18	40	40	1
1190	1	1	0	170803	093410.70	108.53697839	34.22445441	35.15	-0.0260	0.0220	-1.0640	3.18	40	39	1
1191	1	1	0	170803	093410.80	108.53697203	34.22445276	35.15	-0.0400	0.0110	-1.0240	3.18	40	39	1
1192	1	1	0	170803	093410.90	108.53696566	34.22445113	35.15	-0.0150	-0.0080	-0.8800	4.10	40	39	1
1193	1	1	0	170803	093411.00	108.53695936	34.22444949	35.15	-0.0450	0.0050	-0.9440	4.10	40	40	1
1194	1	1	0	170803	093411.10	108.53695302	34.22444786	35.15	0.0320	0.0490	-1.0270	4.10	40	39	1
1195	1	1	0	170803	093411.20	108.53694685	34.22444635	35.15	-0.0010	-0.0040	-1.0630	4.22	40	40	1
1196	1	1	0	170803	093411.30	108.53694047	34.22444476	35.15	-0.0340	-0.0050	-0.9950	4.22	40	40	1
1197	1	1	0	170803	093411.40	108.53693422	34.22444327	35.15	0.0570	0.0050	-1.0610	4.22	40	40	1
1198	1	1	0	170803	093411.50	108.53692781	34.22444166	35.15	0.0950	-0.0060	-1.0760	3.65	40	40	1
1199	1	1	0	170803	093411.60	108.53692151	34.22444000	37.00	0.0410	0.0310	-1.0550	3.65	40	40	1
1200	1	1	0	170803	093411.70	108.53691504	34.22443836	37.00	-0.0320	-0.0340	-1.0080	3.65	40	40	1
1201	1	1	0	170803	093411.80	108.53690852	34.22443663	37.00	-0.0090	0.0440	-0.9110	3.00	40	40	1
1202	1	1	0	170803	093411.90	108.53690209	34.22443501	37.00	-0.0170	0.0130	-1.0570	3.00	40	40	1
1203	1	1	0	170803	093412.00	108.53689577	34.22443329	37.00	0.0150	-0.0110	-0.9700	3.00	40	40	1
1204	1	1	0	170803	093412.10	108.53688929	34.22443168	37.00	0.0360	0.0170	-1.0880	2.64	40	40	1
1205	1	1	0	170803	093412.20	108.53688293	34.22443007	37.00	0.0240	-0.0290	-0.9160	2.64	40	39	1
1206	1	1	0	170803	093412.30	108.53687651	34.22442845	37.00	0.0500	0.0090	-1.0180	2.64	40	40	1
1207	1	1	0	170803	093412.40	108.53687002	34.22442682	37.00	-0.0080	-0.0260	-1.0980	2.32	40	39	1
1208	1	1	0	170803	093412.50	108.53686358	34.22442521	37.00	-0.0100	0.0070	-0.9600	2.32	40	40	1
1209	1	1	0	170803	093412.60	108.53685717	34.22442361	37.00	-0.0120	-0.0100	-0.9100	2.32	40	39	1
1210	1	1	0	170803	093412.70	108.53685077	34.22442199	35.15	-0.0000	-0.0120	-1.0750	2.32	40	40	1
1211	1	1	0	170803	093412.80	108.53684435	34.22442039	35.15	0.0220	0.0060	-1.0040	2.92	40	39	1
1212	1	1	0	170803	093412.90	108.53683795	34.22441880	35.15	-0.0010	0.0440	-1.0550	2.92	40	39	1
1213	1	1	0	170803	093413.00	108.53683150	34.22441719	35.15	0.0050	0.0250	-0.9240	4.03	40	40	1
1214	1	1	0	170803	093413.10	108.53682513	34.22441560	35.15	0.0050	0.0310	-0.9780	4.03	40	40	1
1215	1	1	0	170803	093413.20	108.53681874	34.22441397	35.15	0.0170	-0.0180	-1.0510	4.03	40	40	1
1216	1	1	0	170803	093413.30	108.53681233	34.22441237	35.15	-0.0030	-0.0230	-1.0260	4.03	40	40	1
1217	1	1	0	170803	093413.40	108.53680593	34.22441072	35.15	0.0260	-0.0390	-1.0730	4.37	40	40	1
1218	1	1	0	170803	093413.50	108.53679951	34.22440911	35.15	-0.0170	-0.0090	-0.9930	4.37	40	40	1
1219	1	1	0	170803	093413.60	108.53679301	34.22440753	35.15	0.0190	0.0270	-1.0080	4.37	40	40	1
1220	1	1	0	170803	093413.70	108.53678653	34.22440590	37.00	0.0370	-0.0060	-1.0880	3.71	40	40	1
1221	1	1	0	170803	093413.80	108.53678002	34.22440433	37.00	-0.0340	0.0110	-0.9550	3.71	40	40	1
1222	1	1	0	170803	093413.90	108.53677354	34.22440271	37.00	-0.0170	-0.0230	-1.0620	3.71	40	40	1
1223	1	1	0	170803	093414.00	108.53676722	34.22440103	37.00	0.0040	0.0350	-1.0080	2.84	40	40	1
1224	1	1	0	170803	093414.10	108.53676077	34.22439943	37.00	-0.0020	-0.0200	-1.0620	2.84	40	39	1
1225	1	1	0	170803	093414.20	108.53675453	34.22439777	37.00	0.0030	0.0040	-1.0460	2.84	40	40	1
1226	1	1	0	170803	093414.30	108.53674807	34.22439617	37.00	-0.0060	0.0210	-0.9940	2.50	40	39	1
1227	1	1	0	170803	093414.40	108.53674188	34.22439449	37.00	-0.0200	0.0250	-0.9090	2.50	40	40	1
1228	1	1	0	170803	093414.50	108.53673546	34.22439289	37.00	-0.0170	-0.0110	-0.9750	2.50	40	39	1
1229	1	1	0	170803	093414.60	108.53672919	34.22439119	35.15	0.0260	0.0070	-1.0260	2.25	40	39	1
1230	1	1	0	170803	093414.70	108.53672279	34.22438960	35.15	-0.0170	0.0430	-0.9350	2.25	40	39	1
1231	1	1	0	170803	093414.80	108.53671651	34.22438793	35.15	-0.0330	0.0270	-0.9910	2.25	40	39	1
1232	1	1	0	170803	093414.90	108.53671014	34.22438634	35.15	0.0260	-0.0110	-0.9830	3.31	40	39	1
1233	1	1	0	170803	093415.00	108.53670379	34.22438480	35.15	0.0170	-0.0590	-1.0490	3.31	40	39	1
1234	1	1	0	170803	093415.10	108.53669742	34.22438320	35.15	-0.0070	-0.0270	-0.9660	3.31	40	39	1
1235	1	1	0	170803	093415.20	108.53669104	34.22438164	35.15	-0.0460	-0.0130	-1.0500	4.29	40	40	1
1236	1	1	0	170803	093415.30	108.53668464	34.22438004	35.15	0.0210	-0.0240	-0.9150	4.29	40	40	1
1237	1	1	0	170803	093415.40	108.53667824	34.22437847	35.15	0.0170	0.0610	-1.0360	4.29	40	40	1
1238	1	1	0	170803	093415.50	108.53667180	34.22437686	35.15	-0.0060	-0.0140	-1.1140	4.35	40	40	1
1239	1	1	0	170803	093415.60	108.53666531	34.22437528	37.00	0.0390	0.0080	-1.1150	4.35	40	40	1
1240	1	1	0	170803	093415.70	108.53665884	34.22437366	37.00	-0.0020	0.0220	-0.9180	4.35	40	40	1
1241	1	1	0	170803	093415.80	108.53665230	34.22437207	37.00	-0.0120	0.0870	-0.9070	3.14	40	40	1
1242	1	1	0	170803	093415.90	108.53664586	34.22437047	37.00	0.0540	-0.0120	-1.0020	3.14	40	40	1
1243	1	1	0	170803	093416.00	108.53663931	34.22436887	37.00	-0.0520	0.0660	-1.0360	3.14	40	40	1
1244	1	1	0	170803	093416.10	108.53663282	34.22436726	37.00	-0.0520	0.0660	-1.0360	2.69	40	40	1
1245	1	1	0	170803	093416.20	108.53662622	34.22436559	37.00	-0.0000	0.0090	-0.9330	2.69	40	40	1
1246	1	1	0	170803	093416.30	108.53661980	34.22436399	37.00	-0.0020	0.0220	-0.9230	2.69	40	40	1
1247	1	1	0	170803	093416.40	108.53661326	34.22436232	37.00	0.0430	0.0290	-1.0440	2.57	40	39	1
1248	1	1	0	170803	093416.50	108.53660681	34.22436071	37.00	-0.0200	-0.0610	-1.0400	2.57	40	40	1
1249	1	1	0	170803	093416.60	108.53660037	34.22435904	35.15	-0.0020	0.0240	-1.0320	2.57	40	39	1
1250	1	1	0	170803	093416.70	108.53659399	34.22435745	35.15	0.0230	-0.0140	-0.9230	2.57	40	39	1
1251	1	1	0	170803	093416.80	108.53658754	34.22435580	35.15	-0.0270	-0.0110	-1.0120	2.27	40	39	1
1252	1	1	0	170803	093416.90	108.53658116	34.22435421	35.15	0.0160	0.0130	-0.9690	2.27	40	40	1
1253	1	1	0	170803	093417.00	108.53657482	34.22435264	35.15	0.1010	0.0150	-0.9280	2.29	40	40	1
1254	1	1	0	170803	093417.10	108.53656845	34.22435104	35.15	-0.0510	0.0210	-0.9850	2.29	40	40	1
1255	1	1	0	170803	093417.20	108.53656177	34.22434946	35.15	0.0980	0.0760	-1.0230	2.29	40	40	1
1256	1	1	0	170803	093417.30	108.53655536	34.22434784	35.15	0.0670	0.0150	-1.0470	2.29	40	40	1
1257	1	1	0	170803	093417.40	108.53654889	34.22434627	35.15	0.0260	-0.0250	-0.8970	3.93	40	40	1
1258	1	1	0	170803	093417.50	108.53654245	34.22434464	37.00	0.0150	0.0350	-1.0760	3.93	40	40	1
1259	1	1	0	170803	093417.60	108.53653595	34.22434304	37.00	0.0350	-0.0240	-0.9920	3.93	40	40	1
1260	1	1	0	170803	093417.70	108.53652946	34.22434143	37.00	0.0010	-0.0080	-1.0770	4.37	40	40	1
1261	1	1	0	170803	093417.80	108.53652299	34.22433983	37.00	-0.0030	0.0170	-0.9870	4.37	40	40	1
1262	1	1	0	170803	093417.90	108.53651651	34.22433823	37.00	0.0310	-0.0160	-1.0250	4.37	40	40	1
1263	1	1	0	170803	093418.00	108.53651005	34.22433664	37.00	0.0240	0.0190	-0.9720	3.91	40	40	1
1264	1	1	0	170803	093418.10	108.53650359	34.22433504	37.00	-0.0090	-0.0030	-1.0620	3.91	40	39	1
1265	1	1	0	170803	093418.20	108.53649715	34.22433348	37.00	0.0310	0.0130	-0.9870	3.91	40	40	1
1266	1	1	0	170803	093418.30	108.53649072	34.22433189	37.00	-0.0750	0.0740	-1.0040	2.83	40	40	1
1267	1	1	0	170803	093418.40	108.53648428	34.22433028	35.15	0.0000	-0.0060	-0.9300	2.83	40	40	1
1268	1	1	0	170803	093418.50	108.53647787	34.22432868	35.15	0.0890	0.0260	-0.9870	2.83	40	39	1
1269	1	1	0	170803	093418.60	108.53647142	34.22432706	35.15	0.0470	-0.0470	-1.0530	2.69	40	40	1
1270	1	1	0	170803	093418.70	108.53646499	34.22432545	35.15	-0.0410	0.0210	-1.0550	2.69	40	39	1
1271	1	1	0	170803	093418.80	108.53645856	34.22432386	35.15	0.0090	-0.0090	-1.0130	2.69	40	39	1
1272	1	1	0	170803	093418.90	108.53645216	34.22432226	35.15	0.0170	-0.0430	-1.0080	2.45	40	39	1
1273	1	1	0	170803	093419.00	108.53644576	34.22432067	35.15	-0.0050	-0.0080	-1.0850	2.45	40	39	1
1274	1	1	0	170803	093419.10	108.53643934	34.22431906	35.15	-0.0330	0.0050	-0.9750	2.45	40	39	1
1275	1	1	0	170803	093419.20	108.53643297	34.22431747	35.15	0.0090	0.0050	-0.9320	2.29	40	39	1
1276	1	1	0	170803	093419.30	108.53642658	34.22431587	35.15	-0.0260	-0.0570	-1.0150	2.29	40	40	1
1277	1	1	0	170803	093419.40	108.53642016	34.22431426	35.15	-0.0020	-0.0200	-1.0600	2.29	40	40	1
1278	1	1	0	170803	093419.50	108.53641372	34.22431265	35.15	0.0580	0.0040	-1.0620	3.88	40	40	1
1279	1	1	0	170803	093419.60	108.53640725	34.22431105	37.00	0.0490	0.0400	-0.9920	3.88	40	40	1
1280	1	1	0	170803	093419.70	108.53640077	34.22430943	37.00	0.0100	-0.0240	-0.9590	3.88	40	40	1
1281	1	1	0	170803	093419.80	108.53639427	34.22430783	37.00	0.0580	-0.0170	-0.9960	3.88	40	40	1
1282	1	1	0	170803	093419.90	108.53638778	34.22430618	37.00	0.0090	-0.0060	-0.9850	3.88	40	40	1
1283	1	1	0	170803	093420.00	108.53638125	34.22430457	37.00	0.0170	0.0250	-0.9780	3.88	40	40	1
1284	1	1	0	170803	093420.10	108.53637477	34.22430294	37.00	0.0230	-0.0370	-1.0340	3.04	40	40	1
1285	1	1	0	170803	093420.20	108.53636826	34.22430131	37.00	-0.0290	0.0090	-1.0280	3.04	40	40	1
1286	1	1	0	170803	093420.30	108.53636178	34.22429967	37.00	0.0390	-0.0000	-1.0020	3.04	40	40	1
1287	1	1	0	170803	093420.40	108.53635526	34.22429803	37.00	0.0370	0.0130	-0.9910	2.46	40	40	1
1288	1	1	0	170803	093420.50	108.53634876	34.22429639	37.00	-0.0580	0.0500	-1.0980	2.46	40	40	1
1289	1	1	0	170803	093420.60	108.53634229	34.22429476	37.00	0.0350	0.0150	-1.0210	2.46	40	40	1
1290	1	1	0	170803	093420.70	108.53633586	34.22429313	37.00	-0.0590	0.0130	-0.8930	2.46	40	40	1
1291	1	1	0	170803	093420.80	108.53632940	34.22429152	37.00	-0.0280	0.0210	-1.0100	2.03	40	40	1
1292	1	1	0	170803	093420.90	108.53632293	34.22428988	37.00	0.0270	0.0000	-1.0630	2.03	40	40	1
1293	1	1	0	170803	093421.00	108.53631646	34.22428824	37.00	-0.0080	0.0140	-0.9130	1.99	40	40	1
1294	1	1	0	170803	093421.10	108.53631004	34.22428662	37.00	-0.0110	0.0480	-1.0000	1.99	40	39	1
1295	1	1	0	170803	093421.20	108.53630360	34.22428501	37.00	0.0240	0.0310	-1.0480	1.99	40	40	1
1296	1	1	0	170803	093421.30	108.53629718	34.22428339	35.15	-0.0510	0.0390	-1.0750	1.99	40	39	1
1297	1	1	0	170803	093421.40	108.53629079	34.22428179	35.15	-0.0040	-0.0050	-0.9560	1.96	40	40	1
1298	1	1	0	170803	093421.50	108.53628439	34.22428018	35.15	-0.0510	0.0150	-1.0230	1.96	40	39	1
1299	1	1	0	170803	093421.60	108.53627796	34.22427858	35.15	-0.0200	-0.0130	-1.0230	1.96	40	40	1
1300	1	1	0	170803	093421.70	108.53627156	34.22427696	35.15	0.0580	0.0160	-1.0050	1.96	40	39	1
1301	1	1	0	170803	093421.80	108.53626475	34.22427526	35.15	0.0200	-0.0030	-0.9530	1.96	40	40	1
1302	1	1	0	170803	093421.90	108.53625839	34.22427365	35.15	0.0210	0.0110	-0.9950	1.96	40	39	1
1303	1	1	0	170803	093422.00	108.53625183	34.22427203	35.15	0.0480	-0.0030	-1.0570	1.91	40	40	1
1304	1	1	0	170803	093422.10	108.53624541	34.22427039	35.15	0.0440	0.0710	-1.0310	1.91	40	40	1
1305	1	1	0	170803	093422.20	108.53623909	34.22426881	35.15	0.0650	-0.0020	-0.9940	3.35	40	40	1
1306	1	1	0	170803	093422.30	108.53623261	34.22426718	37.00	0.0240	-0.0020	-0.9940	3.35	40	40	1
1307	1	1	0	170803	093422.40	108.53622581	34.22426547	37.00	-0.0060	0.0150	-1.0480	3.35	40	40	1
1308	1	1	0	170803	093422.50	108.53621935	34.22426381	37.00	0.0360	0.0300	-0.9470	3.35	40	40	1
1309	1	1	0	170803	093422.60	108.53621296	34.22426220	37.00	-0.0410	0.0310	-1.0260	3.97	40	40	1
1310	1	1	0	170803	093422.70	108.53620645	34.22426055	37.00	0.0240	0.0130	-1.0590	3.97	40	40	1
1311	1	1	0	170803	093422.80	108.53620009	34.22425894	37.00	-0.0340	-0.0000	-1.0570	3.97	40	40	1
1312	1	1	0	170803	093422.90	108.53619364	34.22425729	37.00	0.0430	-0.0090	-0.8710	2.98	40	40	1
1313	1	1	0	170803	093423.00	108.53618714	34.22425565	37.00	0.0150	0.0110	-1.0690	2.98	40	40	1
1314	1	1	0	170803	093423.10	108.53618067	34.22425400	37.00	0.0090	0.0130	-1.0590	2.98	40	40	1
1315	1	1	0	170803	093423.20	108.53617432	34.22425240	37.00	0.0170	-0.0220	-1.0160	2.33	40	40	1
1316	1	1	0	170803	093423.30	108.53616786	34.22425075	37.00	0.0360	-0.0090	-1.0670	2.33	40	40	1
1317	1	1	0	170803	093423.40	108.53616146	34.22424915	37.00	0.0620	0.0130	-0.9650	2.33	40	40	1
1318	1	1	0	170803	093423.50	108.53615501	34.22424750	37.00	-0.0560	-0.0320	-0.8710	2.01	40	40	1
1319	1	1	0	170803	093423.60	108.53614865	34.22424589	37.00	-0.0210	-0.0800	-0.9780	2.01	40	40	1
1320	1	1	0	170803	093423.70	108.53614223	34.22424425	37.00	0.0040	0.0160	-1.0160	2.01	40	40	1
1321	1	1	0	170803	093423.80	108.53613591	34.22424264	35.15	0.0520	0.0000	-1.1000	1.92	40	39	1
1322	1	1	0	170803	093423.90	108.53612948	34.22424099	37.00	0.0030	-0.0080	-0.9670	1.92	40	40	1
1323	1	1	0	170803	093424.00	108.53612311	34.22423934	37.00	-0.0300	0.0470	-1.0140	1.92	40	39	1
1324	1	1	0	170803	093424.10	108.53611669	34.22423770	35.15	-0.0290	0.0200	-0.8180	1.91	40	40	1
1325	1	1	0	170803	093424.20	108.53611007	34.22423602	37.00	-0.0630	-0.0370	-0.9440	1.91	40	39	1
1326	1	1	0	170803	093424.30	108.53610372	34.22423436	35.15	-0.0610	-0.0540	-0.9860	1.91	40	40	1
1327	1	1	0	170803	093424.40	108.53609729	34.22423271	35.15	0.0240	0.0110	-1.0740	1.93	40	40	1
1328	1	1	0	170803	093424.50	108.53609089	34.22423107	35.15	0.0270	-0.0230	-1.0290	1.93	40	40	1
1329	1	1	0	170803	093424.60	108.53608469	34.22422948	35.15	0.0230	0.0290	-0.9650	1.93	40	40	1
1330	1	1	0	170803	093424.70	108.53607832	34.22422782	35.15	0.0890	-0.0080	-1.1090	1.93	40	39	1
1331	1	1	0	170803	093424.80	108.53607204	34.22422622	35.15	-0.0060	-0.0110	-1.0180	1.90	40	40	1
1332	1	1	0	170803	093424.90	108.53606566	34.22422456	35.15	-0.0060	0.0110	-0.9710	1.90	40	39	1
1333	1	1	0	170803	093425.00	108.53605937	34.22422294	35.15	0.0320	-0.0040	-1.0030	1.91	40	40	1
1334	1	1	0	170803	093425.10	108.53605298	34.22422128	35.15	-0.0110	-0.0110	-1.0080	1.91	40	39	1
1335	1	1	0	170803	093425.20	108.53604669	34.22421966	35.15	-0.0450	0.0230	-0.9970	1.91	40	40	1
1336	1	1	0	170803	093425.30	108.53604032	34.22421800	35.15	0.0620	-0.0300	-0.8930	1.91	40	40	1
1337	1	1	0	170803	093425.40	108.53603406	34.22421636	35.15	0.0450	0.0030	-1.0390	2.31	40	40	1
1338	1	1	0	170803	093425.50	108.53602768	34.22421471	35.15	0.0510	0.0510	-1.0130	2.31	40	40	1
1339	1	1	0	170803	093425.60	108.53602139	34.22421306	35.15	0.1070	0.0320	-0.9710	2.31	40	40	1
1340	1	1	0	170803	093425.70	108.53601495	34.22421138	37.00	0.0670	0.0040	-1.0480	3.90	40	40	1
1341	1	1	0	170803	093425.80	108.53600855	34.22420971	37.00	-0.0010	-0.0090	-1.0090	3.90	40	40	1
1342	1	1	0	170803	093425.90	108.53600210	34.22420803	37.00	0.0540	0.0240	-0.9900	3.90	40	40	1
1343	1	1	0	170803	093426.00	108.53599550	34.22420628	37.00	0.0970	-0.0160	-0.9410	3.51	40	40	1
1344	1	1	0	170803	093426.10	108.53598904	34.22420459	37.00	-0.0290	0.0410	-1.0330	3.51	40	40	1
1345	1	1	0	170803	093426.20	108.53598224	34.22420275	37.00	0.0080	-0.0080	-1.0020	3.51	40	40	1
1346	1	1	0	170803	093426.30	108.53597577	34.22420106	37.00	-0.0130	0.0190	-0.9820	2.47	40	40	1
1347	1	1	0	170803	093426.40	108.53596928	34.22419936	37.00	-0.0210	-0.0780	-0.9900	2.47	40	40	1
1348	1	1	0	170803	093426.50	108.53596285	34.22419766	37.00	0.0770	0.0280	-1.1010	2.47	40	40	1
1349	1	1	0	170803	093426.60	108.53595627	34.22419592	37.00	0.0320	0.0280	-0.9530	2.06	40	40	1
1350	1	1	0	170803	093426.70	108.53594983	34.22419422	37.00	-0.0130	0.0000	-1.0510	2.06	40	40	1
1351	1	1	0	170803	093426.80	108.53594347	34.22419256	37.00	0.0130	-0.0060	-1.0150	2.06	40	40	1
1352	1	1	0	170803	093426.90	108.53593706	34.22419087	37.00	-0.0240	-0.0340	-1.0020	1.91	40	40	1
1353	1	1	0	170803	093427.00	108.53593077	34.22418923	37.00	0.0050	0.0460	-1.0700	1.91	40	39	1
1354	1	1	0	170803	093427.10	108.53592436	34.22418754	37.00	0.0090	0.0280	-0.9870	1.91	40	40	1
1355	1	1	0	170803	093427.20	108.53591808	34.22418590	35.15	0.0030	-0.0280	-1.0160	1.86	40	39	1
1356	1	1	0	170803	093427.30	108.53591169	34.22418422	35.15	0.0420	0.0050	-0.9940	1.86	40	40	1
1357	1	1	0	170803	093427.40	108.53590542	34.22418258	35.15	0.0430	0.0300	-0.9620	1.86	40	39	1
1358	1	1	0	170803	093427.50	108.53589901	34.22418091	35.15	-0.0360	0.0840	-1.0470	1.90	40	40	1
1359	1	1	0	170803	093427.60	108.53589269	34.22417927	35.15	-0.0040	0.0250	-0.9410	1.90	40	39	1
1360	1	1	0	170803	093427.70	108.53588632	34.22417762	35.15	-0.0280	0.0050	-0.8990	1.90	40	40	1
1361	1	1	0	170803	093427.80	108.53587999	34.22417599	35.15	-0.0200	0.0750	-1.0530	2.18	40	40	1
1362	1	1	0	170803	093427.90	108.53587362	34.22417438	35.15	0.1210	0.0790	-1.0320	2.18	40	40	1
1363	1	1	0	170803	093428.00	108.53586730	34.22417279	35.15	-0.0380	-0.0540	-1.1510	2.18	40	40	1
1364	1	1	0	170803	093428.10	108.53586084	34.22417116	35.15	0.0580	0.0550	-1.0060	3.70	40	40	1
1365	1	1	0	170803	093428.20	108.53585438	34.22416955	37.00	-0.0220	0.0650	-0.9410	3.70	40	40	1
1366	1	1	0	170803	093428.30	108.53584794	34.22416796	37.00	-0.0020	-0.0160	-0.9880	3.70	40	40	1
1367	1	1	0	170803	093428.40	108.53584123	34.22416625	37.00	0.0110	0.0500	-0.9550	4.02	40	40	1
1368	1	1	0	170803	093428.50	108.53583479	34.22416467	37.00	-0.0260	0.0820	-1.0420	4.02	40	40	1
1369	1	1	0	170803	093428.60	108.53582827	34.22416307	37.00	0.0130	0.0050	-0.9720	4.02	40	40	1
1370	1	1	0	170803	093428.70	108.53582183	34.22416148	37.00	-0.0160	0.0400	-1.0810	4.02	40	39	1
1371	1	1	0	170803	093428.80	108.53581514	34.22415990	37.00	0.0250	0.0330	-0.9520	2.92	40	40	1
1372	1	1	0	170803	093428.90	108.53580873	34.22415835	35.15	0.0190	0.0130	-0.9910	2.92	40	39	1
1373	1	1	0	170803	093429.00	108.53580232	34.22415681	35.15	-0.0030	0.0210	-1.0430	2.63	40	39	1