644	1	1	0	170803	092605.60	108.53986259	34.22528773	42.55	0.0040	-0.1120	-0.9760	4.04	50	46	1
645	1	1	0	170803	092605.70	108.53985550	34.22528499	42.55	0.0030	-0.0940	-1.0580	4.71	50	46	1
646	1	1	0	170803	092605.80	108.53984838	34.22528224	42.55	0.0710	0.0000	-1.0160	4.71	50	47	1
647	1	1	0	170803	092605.90	108.53984128	34.22527948	42.55	-0.0440	-0.1110	-0.9800	4.71	50	47	1
648	1	1	0	170803	092606.00	108.53983420	34.22527671	42.55	0.0100	-0.0260	-1.0020	4.09	50	47	1
649	1	1	0	170803	092606.10	108.53982707	34.22527395	42.55	0.0460	0.0330	-0.8570	4.09	50	47	1
650	1	1	0	170803	092606.20	108.53982003	34.22527117	42.55	0.0020	-0.0430	-0.9860	4.09	50	47	1
651	1	1	0	170803	092606.30	108.53981290	34.22526839	42.55	0.0680	-0.0300	-1.0040	3.32	50	47	1
652	1	1	0	170803	092606.40	108.53980576	34.22526551	42.55	0.0430	-0.0130	-0.9680	3.32	50	47	1
653	1	1	0	170803	092606.50	108.53979857	34.22526272	42.55	-0.0040	-0.0330	-0.9760	3.32	50	47	1
654	1	1	0	170803	092606.60	108.53979145	34.22525991	42.55	0.0690	-0.0590	-1.0330	3.02	50	47	1
655	1	1	0	170803	092606.70	108.53978427	34.22525710	42.55	0.0520	-0.0370	-1.0460	3.02	50	47	1
656	1	1	0	170803	092606.80	108.53977709	34.22525426	42.55	0.0040	0.0200	-1.0000	3.02	50	47	1
657	1	1	0	170803	092606.90	108.53976988	34.22525146	42.55	-0.0270	-0.0150	-0.9450	2.72	50	47	1
658	1	1	0	170803	092607.00	108.53976269	34.22524866	42.55	0.0270	-0.0040	-1.0000	2.72	50	47	1
659	1	1	0	170803	092607.10	108.53975549	34.22524587	42.55	-0.0450	0.0110	-1.0230	2.72	50	47	1
660	1	1	0	170803	092607.20	108.53974835	34.22524313	42.55	0.0170	0.0620	-0.9160	2.59	50	47	1
661	1	1	0	170803	092607.30	108.53974115	34.22524037	42.55	-0.0080	-0.1230	-1.0360	2.59	50	47	1
662	1	1	0	170803	092607.40	108.53973400	34.22523765	42.55	-0.0100	-0.0110	-1.1010	2.59	50	47	1
663	1	1	0	170803	092607.50	108.53972682	34.22523490	42.55	-0.0260	0.0680	-1.0690	2.53	50	47	1
664	1	1	0	170803	092607.60	108.53971963	34.22523220	42.55	-0.0390	-0.0030	-1.0380	2.53	50	47	1
665	1	1	0	170803	092607.70	108.53971246	34.22522947	42.55	0.0310	-0.0340	-0.8880	2.53	50	47	1
666	1	1	0	170803	092607.80	108.53970532	34.22522685	42.55	-0.0180	-0.0750	-1.0170	3.47	50	46	1
667	1	1	0	170803	092607.90	108.53969817	34.22522415	42.55	-0.0250	-0.0570	-1.0320	3.47	50	47	1
668	1	1	0	170803	092608.00	108.53969096	34.22522151	42.55	0.0080	-0.0170	-1.0580	3.47	50	46	1
669	1	1	0	170803	092608.10	108.53968381	34.22521881	42.55	-0.0330	-0.0380	-1.0170	4.42	50	47	1
670	1	1	0	170803	092608.20	108.53967666	34.22521615	42.55	0.0040	-0.0480	-1.0320	4.42	50	47	1
671	1	1	0	170803	092608.30	108.53966952	34.22521346	42.55	0.0110	-0.0590	-1.0740	4.42	50	47	1
672	1	1	0	170803	092608.40	108.53966236	34.22521078	42.55	-0.0060	0.0030	-0.9880	4.14	50	47	1
673	1	1	0	170803	092608.50	108.53965518	34.22520812	42.55	0.0910	-0.0370	-1.0190	4.14	50	47	1
674	1	1	0	170803	092608.60	108.53964800	34.22520548	42.55	0.0430	-0.0840	-0.9620	4.14	50	47	1
675	1	1	0	170803	092608.70	108.53964079	34.22520282	42.55	0.0050	0.0520	-1.0400	4.14	50	47	1
676	1	1	0	170803	092608.80	108.53963358	34.22520023	42.55	0.0020	-0.0180	-1.0790	3.73	50	47	1
677	1	1	0	170803	092608.90	108.53962632	34.22519755	42.55	0.0490	-0.0430	-1.0420	3.73	50	47	1
678	1	1	0	170803	092609.00	108.53961903	34.22519488	42.55	0.0740	-0.0050	-0.9760	3.01	50	47	1
679	1	1	0	170803	092609.10	108.53961175	34.22519222	42.55	-0.0260	-0.0660	-1.0410	3.01	50	47	1
680	1	1	0	170803	092609.20	108.53960445	34.22518956	42.55	-0.0060	0.0290	-1.0490	3.01	50	47	1
681	1	1	0	170803	092609.30	108.53959716	34.22518691	42.55	0.0010	-0.0290	-1.0180	3.01	50	47	1
682	1	1	0	170803	092609.40	108.53958987	34.22518426	42.55	0.0380	0.0150	-1.1010	2.74	50	47	1
683	1	1	0	170803	092609.50	108.53958255	34.22518162	42.55	-0.0150	-0.0170	-0.9950	2.74	50	47	1
684	1	1	0	170803	092609.60	108.53957523	34.22517898	42.55	-0.0170	-0.0770	-0.9850	2.74	50	47	1
685	1	1	0	170803	092609.70	108.53956791	34.22517637	42.55	0.0090	-0.0490	-0.9840	2.61	50	47	1
686	1	1	0	170803	092609.80	108.53956061	34.22517376	42.55	0.0020	0.0060	-1.0230	2.61	50	47	1
687	1	1	0	170803	092609.90	108.53955334	34.22517120	42.55	0.0050	-0.0660	-0.9630	2.61	50	47	1
688	1	1	0	170803	092610.00	108.53954605	34.22516863	42.55	-0.0110	-0.0130	-1.0150	2.49	50	47	1
689	1	1	0	170803	092610.10	108.53953879	34.22516605	42.55	-0.0200	-0.0420	-1.0390	2.49	50	47	1
690	1	1	0	170803	092610.20	108.53953160	34.22516357	42.55	-0.0400	-0.0290	-1.0280	2.49	50	47	1
691	1	1	0	170803	092610.30	108.53952431	34.22516104	42.55	-0.0040	0.0490	-0.9880	3.24	50	47	1
692	1	1	0	170803	092610.40	108.53951718	34.22515855	42.55	-0.0300	-0.0290	-1.0270	3.24	50	46	1
693	1	1	0	170803	092610.50	108.53950995	34.22515605	42.55	-0.0410	0.0190	-0.9180	3.24	50	47	1
694	1	1	0	170803	092610.60	108.53950279	34.22515358	42.55	0.0770	-0.0520	-0.9970	3.85	50	46	1
695	1	1	0	170803	092610.70	108.53949553	34.22515108	42.55	0.0390	-0.0600	-1.0230	3.85	50	46	1
696	1	1	0	170803	092610.80	108.53948846	34.22514853	42.55	-0.0400	-0.0780	-0.9470	3.85	50	47	1
697	1	1	0	170803	092610.90	108.53948122	34.22514607	42.55	0.0040	0.0130	-0.9730	4.26	50	46	1
698	1	1	0	170803	092611.00	108.53947422	34.22514356	42.55	0.0230	0.0320	-0.9580	4.26	50	47	1
699	1	1	0	170803	092611.10	108.53946698	34.22514111	42.55	0.0140	-0.1110	-1.0200	4.26	50	46	1
700	1	1	0	170803	092611.20	108.53945970	34.22513863	42.55	0.0520	-0.0070	-1.0360	3.67	50	47	1
701	1	1	0	170803	092611.30	108.53945241	34.22513620	42.55	0.0500	-0.0840	-0.9880	3.67	50	47	1
702	1	1	0	170803	092611.40	108.53944509	34.22513390	42.55	0.0050	0.0290	-1.0300	3.67	50	47	1
703	1	1	0	170803	092611.50	108.53943779	34.22513149	42.55	-0.0020	-0.1050	-1.0000	2.74	50	47	1
704	1	1	0	170803	092611.60	108.53943032	34.22512910	42.55	0.0400	-0.0050	-1.0400	2.74	50	47	1
705	1	1	0	170803	092611.70	108.53942292	34.22512663	42.55	0.0980	0.0280	-1.0290	2.74	50	47	1
706	1	1	0	170803	092611.80	108.53941553	34.22512417	42.55	0.0430	-0.0460	-0.9370	2.58	50	47	1
707	1	1	0	170803	092611.90	108.53940812	34.22512174	42.55	0.0400	-0.0770	-0.9490	2.58	50	47	1
708	1	1	0	170803	092612.00	108.53940067	34.22511934	42.55	0.0250	0.0210	-1.0150	2.58	50	47	1
709	1	1	0	170803	092612.10	108.53939323	34.22511692	42.55	0.0270	-0.0580	-0.9480	2.29	50	47	1
710	1	1	0	170803	092612.20	108.53938564	34.22511457	42.55	-0.0130	-0.0090	-0.9610	2.29	50	47	1
711	1	1	0	170803	092612.30	108.53937818	34.22511216	42.55	0.0010	-0.0480	-1.0000	2.29	50	47	1
712	1	1	0	170803	092612.40	108.53937062	34.22510978	42.55	-0.0270	-0.0390	-1.0380	2.08	50	47	1
713	1	1	0	170803	092612.50	108.53936317	34.22510741	42.55	0.0090	-0.0680	-0.9640	2.08	50	47	1
714	1	1	0	170803	092612.60	108.53935562	34.22510508	42.55	-0.0570	-0.1800	-1.1150	2.08	50	47	1
715	1	1	0	170803	092612.70	108.53934816	34.22510273	42.55	-0.0130	0.0480	-0.9550	2.08	50	47	1
716	1	1	0	170803	092612.80	108.53934061	34.22510043	42.55	0.0030	-0.0510	-1.0160	1.99	50	47	1
717	1	1	0	170803	092612.90	108.53933315	34.22509809	42.55	-0.0310	-0.0080	-1.0710	1.99	50	47	1
718	1	1	0	170803	092613.00	108.53932563	34.22509579	42.55	-0.0060	0.0570	-1.0410	1.92	50	47	1
719	1	1	0	170803	092613.10	108.53931819	34.22509350	42.55	-0.0310	-0.0560	-1.0230	1.92	50	47	1
720	1	1	0	170803	092613.20	108.53931076	34.22509125	42.55	0.0180	0.0020	-0.9670	1.92	50	47	1
721	1	1	0	170803	092613.30	108.53930333	34.22508899	42.55	-0.0730	0.0010	-1.0850	1.92	50	47	1
722	1	1	0	170803	092613.40	108.53929600	34.22508683	42.55	-0.0740	-0.0380	-1.0890	1.89	50	47	1
723	1	1	0	170803	092613.50	108.53928859	34.22508457	42.55	-0.0250	0.0330	-0.9240	1.89	50	47	1
724	1	1	0	170803	092613.60	108.53928113	34.22508228	42.55	-0.0620	-0.1340	-1.0330	1.89	50	47	1
725	1	1	0	170803	092613.70	108.53927377	34.22508005	42.55	-0.0020	-0.0150	-0.9140	1.89	50	47	1
726	1	1	0	170803	092613.80	108.53926638	34.22507780	42.55	-0.0480	-0.1200	-1.1320	1.89	50	46	1
727	1	1	0	170803	092613.90	108.53925903	34.22507558	42.55	-0.0570	-0.0090	-1.0040	1.89	50	47	1
728	1	1	0	170803	092614.00	108.53925168	34.22507336	42.55	-0.0230	-0.0510	-1.0400	2.91	50	47	1
729	1	1	0	170803	092614.10	108.53924430	34.22507113	42.55	0.0330	-0.1150	-1.0850	2.91	50	47	1
730	1	1	0	170803	092614.20	108.53923691	34.22506889	42.55	0.0010	-0.0090	-1.0390	2.91	50	47	1
731	1	1	0	170803	092614.30	108.53922954	34.22506666	42.55	0.0640	-0.0470	-0.9710	3.76	50	46	1
732	1	1	0	170803	092614.40	108.53922211	34.22506437	42.55	0.0640	-0.0660	-1.0320	3.76	50	47	1
733	1	1	0	170803	092614.50	108.53921468	34.22506213	42.55	0.0170	-0.0320	-1.0290	3.76	50	47	1
734	1	1	0	170803	092614.60	108.53920718	34.22505984	42.55	0.0410	-0.0490	-0.9080	3.89	50	47	1
735	1	1	0	170803	092614.70	108.53919971	34.22505759	42.55	0.0460	-0.0360	-0.9080	3.89	50	47	1
736	1	1	0	170803	092614.80	108.53919222	34.22505536	42.55	0.0220	-0.1260	-0.9780	3.89	50	47	1
737	1	1	0	170803	092614.90	108.53918473	34.22505311	42.55	0.0570	-0.0150	-1.0380	2.98	50	47	1
738	1	1	0	170803	092615.00	108.53917713	34.22505086	42.55	0.0070	-0.0590	-0.9800	2.98	50	47	1
739	1	1	0	170803	092615.10	108.53916962	34.22504862	42.55	0.0050	-0.0600	-0.9830	2.98	50	47	1
740	1	1	0	170803	092615.20	108.53916205	34.22504638	42.55	-0.0050	-0.0710	-1.0760	2.36	50	47	1
741	1	1	0	170803	092615.30	108.53915453	34.22504416	42.55	0.0110	-0.1020	-1.0650	2.36	50	47	1
742	1	1	0	170803	092615.40	108.53914692	34.22504192	42.55	0.0140	0.0090	-1.0680	2.36	50	47	1
743	1	1	0	170803	092615.50	108.53913939	34.22503971	42.55	0.0050	-0.0370	-0.8900	2.20	50	48	1
744	1	1	0	170803	092615.60	108.53913181	34.22503748	42.55	-0.0090	-0.0300	-0.9750	2.20	50	47	1
745	1	1	0	170803	092615.70	108.53912428	34.22503529	42.55	0.0410	0.0140	-1.0550	2.20	50	47	1
746	1	1	0	170803	092615.80	108.53911673	34.22503309	42.55	0.0390	-0.0110	-0.9910	1.89	50	47	1
747	1	1	0	170803	092615.90	108.53910919	34.22503091	42.55	-0.0240	0.0070	-1.0260	1.89	50	47	1
748	1	1	0	170803	092616.00	108.53910167	34.22502876	42.55	-0.0200	-0.0120	-0.9620	1.89	50	47	1
749	1	1	0	170803	092616.10	108.53909417	34.22502660	42.55	-0.0240	-0.0520	-0.9560	1.80	50	47	1
750	1	1	0	170803	092616.20	108.53908666	34.22502444	42.55	-0.0450	0.0050	-1.0160	1.80	50	47	1
751	1	1	0	170803	092616.30	108.53907917	34.22502228	42.55	0.0040	-0.0240	-1.0360	1.80	50	47	1
752	1	1	0	170803	092616.40	108.53907169	34.22502008	42.55	0.0180	0.0600	-0.9320	1.74	50	47	1
753	1	1	0	170803	092616.50	108.53906424	34.22501794	42.55	0.0050	-0.0540	-0.9880	1.74	50	47	1
754	1	1	0	170803	092616.60	108.53905678	34.22501577	42.55	-0.0010	0.0510	-1.0040	1.74	50	47	1
755	1	1	0	170803	092616.70	108.53904932	34.22501366	42.55	0.0630	-0.0010	-1.0520	1.74	50	46	1
756	1	1	0	170803	092616.80	108.53904190	34.22501152	42.55	-0.0070	-0.0420	-0.9860	1.77	50	47	1
757	1	1	0	170803	092616.90	108.53903445	34.22500939	42.55	0.0520	0.0030	-0.9340	1.77	50	46	1
758	1	1	0	170803	092617.00	108.53902702	34.22500726	42.55	-0.0250	-0.0550	-0.9600	2.59	50	46	1
759	1	1	0	170803	092617.10	108.53901958	34.22500515	42.55	-0.0080	-0.0530	-0.9670	2.59	50	47	1
760	1	1	0	170803	092617.20	108.53901215	34.22500303	42.55	-0.0240	-0.0040	-1.0110	2.59	50	46	1
761	1	1	0	170803	092617.30	108.53900471	34.22500092	42.55	0.0730	-0.0510	-0.8990	2.59	50	47	1
762	1	1	0	170803	092617.40	108.53899730	34.22499883	42.55	0.0230	0.0190	-1.0470	3.81	50	47	1
763	1	1	0	170803	092617.50	108.53898981	34.22499674	42.55	0.0260	-0.0250	-1.0050	3.81	50	47	1
764	1	1	0	170803	092617.60	108.53898233	34.22499467	42.55	0.0640	-0.0380	-1.0120	3.81	50	47	1
765	1	1	0	170803	092617.70	108.53897479	34.22499258	42.55	0.0380	0.0210	-1.0500	3.69	50	47	1
766	1	1	0	170803	092617.80	108.53896723	34.22499050	42.55	0.1080	-0.0040	-0.9980	3.69	50	47	1
767	1	1	0	170803	092617.90	108.53895965	34.22498842	42.55	0.0120	-0.0220	-1.0550	3.69	50	48	1
768	1	1	0	170803	092618.00	108.53895203	34.22498634	42.55	0.0010	-0.0320	-0.9390	2.55	50	48	1
769	1	1	0	170803	092618.10	108.53894444	34.22498425	42.55	0.0270	-0.0490	-0.9360	2.55	50	48	1
770	1	1	0	170803	092618.20	108.53893675	34.22498212	42.55	0.0170	-0.0930	-0.9200	2.55	50	48	1
771	1	1	0	170803	092618.30	108.53892914	34.22498004	42.55	0.0450	-0.0150	-1.0300	2.14	50	47	1
772	1	1	0	170803	092618.40	108.53892144	34.22497791	42.55	-0.0290	-0.0580	-0.9540	2.14	50	48	1
773	1	1	0	170803	092618.50	108.53891383	34.22497584	42.55	-0.0330	-0.0500	-0.9580	2.14	50	47	1
774	1	1	0	170803	092618.60	108.53890616	34.22497374	42.55	0.0060	-0.0440	-1.0520	1.90	50	47	1
775	1	1	0	170803	092618.70	108.53889855	34.22497166	42.55	-0.0040	0.0050	-1.0300	1.90	50	48	1
776	1	1	0	170803	092618.80	108.53889089	34.22496958	42.55	0.0000	-0.0970	-0.9440	1.90	50	47	1
777	1	1	0	170803	092618.90	108.53888329	34.22496749	42.55	-0.0360	-0.0590	-1.0830	1.77	50	47	1
778	1	1	0	170803	092619.00	108.53887566	34.22496540	42.55	-0.0130	-0.0800	-1.0480	1.77	50	47	1
779	1	1	0	170803	092619.10	108.53886808	34.22496328	42.55	0.0260	-0.0170	-1.0100	1.77	50	47	1
780	1	1	0	170803	092619.20	108.53886044	34.22496113	42.55	-0.0270	-0.0230	-1.0060	1.72	50	48	1
781	1	1	0	170803	092619.30	108.53885287	34.22495902	42.55	-0.0100	-0.0200	-0.9420	1.72	50	47	1
782	1	1	0	170803	092619.40	108.53884529	34.22495687	42.55	0.0070	-0.0630	-1.0570	1.72	50	47	1
783	1	1	0	170803	092619.50	108.53883771	34.22495476	42.55	-0.0240	-0.0240	-1.0150	1.96	50	48	1
784	1	1	0	170803	092619.60	108.53883015	34.22495264	42.55	-0.0080	-0.0330	-1.0140	1.96	50	47	1
785	1	1	0	170803	092619.70	108.53882259	34.22495054	42.55	0.0170	0.0530	-1.0330	1.96	50	47	1
786	1	1	0	170803	092619.80	108.53881501	34.22494841	42.55	-0.0440	-0.0250	-1.0340	2.16	50	47	1
787	1	1	0	170803	092619.90	108.53880745	34.22494629	42.55	0.0520	-0.0190	-0.9980	2.16	50	47	1
788	1	1	0	170803	092620.00	108.53879986	34.22494418	42.55	-0.0040	-0.0410	-1.0190	2.16	50	47	1
789	1	1	0	170803	092620.10	108.53879230	34.22494208	42.55	-0.0180	0.0540	-0.9380	3.80	50	47	1
790	1	1	0	170803	092620.20	108.53878472	34.22494001	42.55	-0.0090	-0.0060	-0.9750	3.80	50	47	1
791	1	1	0	170803	092620.30	108.53877719	34.22493795	42.55	-0.0640	-0.0650	-0.9700	3.80	50	47	1
792	1	1	0	170803	092620.40	108.53876967	34.22493591	42.55	0.0240	0.0440	-0.9850	4.06	50	47	1
793	1	1	0	170803	092620.50	108.53876213	34.22493388	42.55	0.0010	-0.0420	-1.0560	4.06	50	47	1
794	1	1	0	170803	092620.60	108.53875461	34.22493184	42.55	-0.0110	-0.0640	-0.9580	4.06	50	47	1
795	1	1	0	170803	092620.70	108.53874708	34.22492982	42.55	-0.0650	0.0420	-0.9750	4.06	50	46	1
796	1	1	0	170803	092620.80	108.53873954	34.22492780	42.55	-0.0660	-0.0180	-0.9630	3.60	50	47	1
797	1	1	0	170803	092620.90	108.53873205	34.22492579	42.55	0.0420	0.0040	-0.9730	3.60	50	47	1
798	1	1	0	170803	092621.00	108.53872456	34.22492378	42.55	0.0230	-0.0260	-1.0440	3.04	50	46	1
799	1	1	0	170803	092621.10	108.53871706	34.22492176	42.55	-0.0150	-0.0090	-1.0040	3.04	50	47	1
800	1	1	0	170803	092621.20	108.53870959	34.22491975	42.55	-0.0260	-0.0470	-1.0080	3.04	50	46	1
801	1	1	0	170803	092621.30	108.53870211	34.22491774	42.55	-0.0190	-0.0650	-1.0800	3.04	50	47	1
802	1	1	0	170803	092621.40	108.53869460	34.22491575	42.55	-0.0250	-0.0280	-1.0060	2.50	50	47	1
803	1	1	0	170803	092621.50	108.53868714	34.22491377	42.55	-0.0380	-0.0270	-1.0810	2.50	50	47	1
804	1	1	0	170803	092621.60	108.53867964	34.22491177	42.55	-0.0170	0.0440	-1.0870	2.50	50	47	1
805	1	1	0	170803	092621.70	108.53867213	34.22490982	42.55	0.0930	-0.0690	-0.9700	2.32	50	47	1
806	1	1	0	170803	092621.80	108.53866460	34.22490783	42.55	0.0360	-0.0130	-1.1480	2.32	50	47	1
807	1	1	0	170803	092621.90	108.53865704	34.22490585	42.55	0.0360	-0.0420	-0.9340	2.32	50	47	1
808	1	1	0	170803	092622.00	108.53864942	34.22490384	42.55	0.0120	-0.1220	-0.9440	2.18	50	47	1
809	1	1	0	170803	092622.10	108.53864185	34.22490183	42.55	0.0140	0.0510	-1.0000	2.18	50	47	1
810	1	1	0	170803	092622.20	108.53863425	34.22489980	42.55	0.0450	-0.0460	-0.9880	2.18	50	47	1
811	1	1	0	170803	092622.30	108.53862668	34.22489779	42.55	0.0310	-0.0510	-0.9850	2.13	50	47	1
812	1	1	0	170803	092622.40	108.53861907	34.22489576	42.55	0.0310	-0.0700	-1.0710	2.13	50	47	1
813	1	1	0	170803	092622.50	108.53861149	34.22489374	42.55	0.0040	0.0750	-0.9160	2.13	50	47	1
814	1	1	0	170803	092622.60	108.53860393	34.22489174	42.55	0.0160	-0.0150	-0.9690	2.05	50	47	1
815	1	1	0	170803	092622.70	108.53859634	34.22488972	42.55	0.0070	0.0380	-1.1120	2.05	50	47	1
816	1	1	0	170803	092622.80	108.53858877	34.22488768	42.55	0.0170	0.0080	-0.9850	2.05	50	47	1
817	1	1	0	170803	092622.90	108.53858119	34.22488567	42.55	-0.0170	-0.0650	-0.9560	3.02	50	47	1
818	1	1	0	170803	092623.00	108.53857365	34.22488363	42.55	-0.0400	0.0300	-1.0230	3.02	50	47	1
819	1	1	0	170803	092623.10	108.53856610	34.22488158	42.55	0.0690	-0.0420	-1.0200	3.02	50	47	1
820	1	1	0	170803	092623.20	108.53855854	34.22487956	42.55	-0.0530	0.0050	-1.0510	3.93	50	47	1
821	1	1	0	170803	092623.30	108.53855101	34.22487750	42.55	-0.0140	-0.0230	-0.9950	3.93	50	47	1
822	1	1	0	170803	092623.40	108.53854347	34.22487553	42.55	-0.0390	-0.0980	-0.9410	3.93	50	47	1
823	1	1	0	170803	092623.50	108.53853599	34.22487347	42.55	-0.0160	-0.0050	-0.9230	3.97	50	47	1
824	1	1	0	170803	092623.60	108.53852854	34.22487150	42.55	0.0670	-0.0260	-1.0560	3.97	50	46	1
825	1	1	0	170803	092623.70	108.53852105	34.22486944	42.55	-0.0480	-0.0630	-1.0710	3.97	50	47	1
826	1	1	0	170803	092623.80	108.53851364	34.22486744	42.55	-0.0280	-0.0200	-0.8640	3.30	50	46	1
827	1	1	0	170803	092623.90	108.53850620	34.22486538	42.55	-0.0600	-0.0360	-0.9490	3.30	50	46	1
828	1	1	0	170803	092624.00	108.53849891	34.22486333	42.55	-0.0220	0.0390	-1.0040	3.30	50	46	1
829	1	1	0	170803	092624.10	108.53849150	34.22486125	42.55	0.0170	-0.0780	-1.0510	2.66	50	46	1
830	1	1	0	170803	092624.20	108.53848418	34.22485919	42.55	-0.0600	0.0650	-1.0340	2.66	50	47	1
831	1	1	0	170803	092624.30	108.53847675	34.22485712	42.55	-0.0030	0.0280	-1.0010	2.66	50	47	1
832	1	1	0	170803	092624.40	108.53846936	34.22485511	42.55	0.0550	-0.0170	-1.0320	2.43	50	46	1
833	1	1	0	170803	092624.50	108.53846197	34.22485305	42.55	-0.0140	-0.0880	-0.9980	2.43	50	47	1
834	1	1	0	170803	092624.60	108.53845455	34.22485097	42.55	0.0220	0.0260	-1.0830	2.43	50	47	1
835	1	1	0	170803	092624.70	108.53844710	34.22484887	42.55	0.0750	0.0050	-1.0380	2.43	50	47	1
836	1	1	0	170803	092624.80	108.53843968	34.22484678	42.55	0.0100	-0.0010	-1.0560	2.34	50	47	1
837	1	1	0	170803	092624.90	108.53843215	34.22484468	42.55	0.0400	-0.0320	-0.9950	2.34	50	47	1
838	1	1	0	170803	092625.00	108.53842448	34.22484254	42.55	0.0260	-0.0120	-0.9310	2.25	50	47	1
839	1	1	0	170803	092625.10	108.53841698	34.22484046	42.55	-0.0120	0.0280	-0.9980	2.25	50	47	1
840	1	1	0	170803	092625.20	108.53840940	34.22483836	42.55	0.1050	0.0300	-1.0350	2.25	50	47	1
841	1	1	0	170803	092625.30	108.53840187	34.22483624	42.55	-0.0060	0.0510	-1.0990	2.25	50	47	1
842	1	1	0	170803	092625.40	108.53839430	34.22483413	42.55	-0.0510	0.0410	-0.9740	2.55	50	47	1
843	1	1	0	170803	092625.50	108.53838680	34.22483198	42.55	-0.0190	-0.0240	-0.9250	2.55	50	47	1
844	1	1	0	170803	092625.60	108.53837931	34.22482989	42.55	0.0250	-0.0460	-1.0580	2.55	50	47	1
845	1	1	0	170803	092625.70	108.53837178	34.22482777	42.55	-0.0220	-0.0810	-1.1200	4.13	50	47	1
846	1	1	0	170803	092625.80	108.53836438	34.22482565	42.55	-0.0490	0.0530	-1.0610	4.13	50	47	1
847	1	1	0	170803	092625.90	108.53835689	34.22482350	42.55	0.0560	-0.1310	-1.0350	4.13	50	47	1
848	1	1	0	170803	092626.00	108.53834938	34.22482124	42.55	-0.0080	-0.0840	-1.0630	4.29	50	47	1
849	1	1	0	170803	092626.10	108.53834189	34.22481911	42.55	0.0240	-0.1120	-0.9840	4.29	50	47	1
850	1	1	0	170803	092626.20	108.53833445	34.22481693	42.55	-0.0150	0.0270	-0.9330	4.29	50	47	1
851	1	1	0	170803	092626.30	108.53832701	34.22481476	42.55	-0.0310	0.0370	-0.9630	3.81	50	47	1
852	1	1	0	170803	092626.40	108.53831958	34.22481253	42.55	-0.0470	-0.0830	-1.0250	3.81	50	47	1
853	1	1	0	170803	092626.50	108.53831215	34.22481041	42.55	0.0180	0.0080	-0.9500	3.81	50	47	1
854	1	1	0	170803	092626.60	108.53830477	34.22480824	42.55	-0.0020	-0.0760	-1.0800	3.28	50	47	1
855	1	1	0	170803	092626.70	108.53829732	34.22480613	42.55	-0.0160	-0.0420	-1.0700	3.28	50	46	1
856	1	1	0	170803	092626.80	108.53828996	34.22480410	42.55	-0.0100	0.0620	-1.0690	3.28	50	46	1
857	1	1	0	170803	092626.90	108.53828254	34.22480200	42.55	-0.0510	0.0430	-0.9700	2.65	50	47	1
858	1	1	0	170803	092627.00	108.53827509	34.22479982	42.55	0.0670	-0.0300	-1.0280	2.65	50	47	1
859	1	1	0	170803	092627.10	108.53826764	34.22479772	42.55	-0.0340	0.0230	-0.9720	2.65	50	47	1
860	1	1	0	170803	092627.20	108.53826019	34.22479555	42.55	0.0310	-0.0880	-1.0470	2.45	50	47	1
861	1	1	0	170803	092627.30	108.53825272	34.22479341	42.55	0.0600	0.0230	-1.0340	2.45	50	47	1
862	1	1	0	170803	092627.40	108.53824521	34.22479119	42.55	-0.0260	0.0100	-0.9650	2.45	50	47	1
863	1	1	0	170803	092627.50	108.53823773	34.22478907	42.55	0.0340	-0.0330	-0.9300	2.32	50	47	1
864	1	1	0	170803	092627.60	108.53823021	34.22478687	42.55	-0.0040	-0.0060	-1.0130	2.32	50	47	1
865	1	1	0	170803	092627.70	108.53822273	34.22478473	42.55	0.0900	-0.0390	-1.0500	2.32	50	47	1
866	1	1	0	170803	092627.80	108.53821528	34.22478261	42.55	-0.0150	0.0100	-1.1160	2.28	50	47	1
867	1	1	0	170803	092627.90	108.53820779	34.22478050	42.55	0.0530	-0.0860	-0.9000	2.28	50	47	1
868	1	1	0	170803	092628.00	108.53820030	34.22477834	42.55	-0.0190	0.0270	-1.0050	2.28	50	47	1
869	1	1	0	170803	092628.10	108.53819283	34.22477618	42.55	-0.0310	0.0290	-0.9800	2.24	50	47	1
870	1	1	0	170803	092628.20	108.53818536	34.22477401	42.55	0.0600	-0.0230	-1.0500	2.24	50	47	1
871	1	1	0	170803	092628.30	108.53817789	34.22477188	42.55	-0.0260	-0.0030	-1.0700	2.24	50	46	1
872	1	1	0	170803	092628.40	108.53817038	34.22476963	42.55	0.0070	0.0050	-0.9180	4.06	50	47	1
873	1	1	0	170803	092628.50	108.53816293	34.22476752	42.55	-0.0080	-0.0100	-0.9930	4.06	50	47	1
874	1	1	0	170803	092628.60	108.53815549	34.22476537	42.55	-0.0010	-0.0880	-1.0040	4.06	50	46	1
875	1	1	0	170803	092628.70	108.53814808	34.22476322	42.55	0.0440	-0.0170	-0.9850	4.06	50	47	1
876	1	1	0	170803	092628.80	108.53814066	34.22476110	42.55	-0.0100	0.0490	-0.9990	4.25	50	46	1
877	1	1	0	170803	092628.90	108.53813326	34.22475898	42.55	-0.0060	-0.0520	-1.0690	4.25	50	47	1
878	1	1	0	170803	092629.00	108.53812586	34.22475682	42.55	0.0250	-0.0510	-1.0140	3.96	50	47	1
879	1	1	0	170803	092629.10	108.53811846	34.22475467	42.55	0.0200	0.0120	-0.9850	3.96	50	46	1
880	1	1	0	170803	092629.20	108.53811104	34.22475252	42.55	0.0020	0.0120	-1.0100	3.96	50	47	1
881	1	1	0	170803	092629.30	108.53810362	34.22475040	42.55	0.0310	0.0170	-0.9440	3.96	50	47	1
882	1	1	0	170803	092629.40	108.53809613	34.22474815	42.55	0.0470	0.0460	-0.9980	3.41	50	47	1
883	1	1	0	170803	092629.50	108.53808868	34.22474603	42.55	-0.0190	0.0120	-0.9760	3.41	50	47	1
884	1	1	0	170803	092629.60	108.53808118	34.22474386	42.55	0.0400	-0.0590	-1.0390	3.41	50	47	1
885	1	1	0	170803	092629.70	108.53807370	34.22474173	42.55	0.0190	-0.0190	-1.0160	2.74	50	47	1
886	1	1	0	170803	092629.80	108.53806620	34.22473955	42.55	0.0770	0.0240	-0.9940	2.74	50	47	1
887	1	1	0	170803	092629.90	108.53805870	34.22473741	42.55	0.0380	-0.0390	-1.0600	2.74	50	47	1
888	1	1	0	170803	092630.00	108.53805126	34.22473531	42.55	0.0300	0.0180	-1.0060	2.52	50	47	1
889	1	1	0	170803	092630.10	108.53804371	34.22473318	42.55	0.0160	0.0470	-0.9830	2.52	50	47	1
890	1	1	0	170803	092630.20	108.53803622	34.22473107	42.55	0.0240	0.0040	-0.9130	2.52	50	47	1
891	1	1	0	170803	092630.30	108.53802867	34.22472894	42.55	0.0170	-0.0320	-1.0340	2.39	50	47	1
892	1	1	0	170803	092630.40	108.53802110	34.22472675	42.55	0.0270	0.0000	-1.0080	2.39	50	47	1
893	1	1	0	170803	092630.50	108.53801356	34.22472461	42.55	-0.0150	-0.0240	-0.9880	2.39	50	47	1
894	1	1	0	170803	092630.60	108.53800601	34.22472241	42.55	0.0070	0.0760	-0.9660	2.32	50	47	1
895	1	1	0	170803	092630.70	108.53799846	34.22472031	42.55	0.0210	-0.0630	-0.9670	2.32	50	47	1
896	1	1	0	170803	092630.80	108.53799090	34.22471815	42.55	-0.0050	0.0340	-1.0220	2.32	50	47	1
897	1	1	0	170803	092630.90	108.53798337	34.22471605	42.55	-0.0120	0.0210	-0.9690	3.70	50	47	1
898	1	1	0	170803	092631.00	108.53797581	34.22471394	42.55	0.0390	0.0560	-0.9730	3.70	50	47	1
899	1	1	0	170803	092631.10	108.53796830	34.22471185	42.55	0.0040	0.0020	-0.9980	3.70	50	47	1
900	1	1	0	170803	092631.20	108.53796080	34.22470975	42.55	0.0420	0.0720	-1.0010	4.22	50	47	1
901	1	1	0	170803	092631.30	108.53795328	34.22470767	42.55	0.0160	-0.0690	-0.9990	4.22	50	47	1
902	1	1	0	170803	092631.40	108.53794583	34.22470566	42.55	-0.0440	-0.0120	-0.9620	4.22	50	47	1
903	1	1	0	170803	092631.50	108.53793836	34.22470363	42.55	0.0060	0.0330	-0.9730	3.85	50	46	1
904	1	1	0	170803	092631.60	108.53793096	34.22470168	42.55	-0.0100	-0.0750	-1.0410	3.85	50	47	1
905	1	1	0	170803	092631.70	108.53792346	34.22469964	42.55	-0.0070	0.0120	-1.0360	3.85	50	46	1
906	1	1	0	170803	092631.80	108.53791611	34.22469778	42.55	0.0390	0.0340	-1.0290	2.91	50	46	1
907	1	1	0	170803	092631.90	108.53790864	34.22469577	42.55	-0.0010	0.0250	-0.9810	2.91	50	47	1
908	1	1	0	170803	092632.00	108.53790125	34.22469389	42.55	0.0320	0.0540	-0.9970	2.91	50	47	1
909	1	1	0	170803	092632.10	108.53789378	34.22469189	42.55	0.0150	0.0060	-0.9930	2.63	50	47	1
910	1	1	0	170803	092632.20	108.53788633	34.22468995	42.55	0.0340	-0.0080	-0.9680	2.63	50	46	1
911	1	1	0	170803	092632.30	108.53787884	34.22468797	42.55	0.0390	-0.0410	-1.0490	2.63	50	46	1
912	1	1	0	170803	092632.40	108.53787135	34.22468607	42.55	0.0210	0.0140	-0.9570	2.63	50	47	1
913	1	1	0	170803	092632.50	108.53786386	34.22468411	42.55	-0.0130	-0.0050	-1.0760	2.63	50	47	1
914	1	1	0	170803	092632.60	108.53785629	34.22468217	42.55	0.0620	-0.0310	-1.0520	2.63	50	47	1
915	1	1	0	170803	092632.70	108.53784877	34.22468019	42.55	0.0190	-0.0210	-1.0400	2.63	50	47	1
916	1	1	0	170803	092632.80	108.53784126	34.22467835	42.55	0.0440	0.0120	-1.0250	2.40	50	47	1
917	1	1	0	170803	092632.90	108.53783368	34.22467636	42.55	0.0010	-0.0670	-1.0530	2.40	50	47	1
918	1	1	0	170803	092633.00	108.53782608	34.22467441	42.55	0.0560	-0.1080	-0.9990	2.39	50	47	1
919	1	1	0	170803	092633.10	108.53781850	34.22467241	42.55	0.0240	0.0050	-1.0540	2.39	50	47	1
920	1	1	0	170803	092633.20	108.53781083	34.22467039	42.55	0.0130	0.0030	-0.9640	2.39	50	47	1
921	1	1	0	170803	092633.30	108.53780321	34.22466839	42.55	0.0350	0.0090	-0.9320	2.39	50	47	1
922	1	1	0	170803	092633.40	108.53779551	34.22466634	42.55	-0.0020	0.0330	-0.9310	2.29	50	47	1
923	1	1	0	170803	092633.50	108.53778793	34.22466432	42.55	-0.0080	-0.0240	-0.9220	2.29	50	47	1
924	1	1	0	170803	092633.60	108.53778028	34.22466224	42.55	0.0080	-0.0830	-1.0600	2.29	50	47	1
925	1	1	0	170803	092633.70	108.53777270	34.22466021	42.55	-0.0310	-0.0580	-1.0040	3.60	50	47	1
926	1	1	0	170803	092633.80	108.53776507	34.22465811	42.55	0.0350	-0.0400	-0.9700	3.60	50	47	1
927	1	1	0	170803	092633.90	108.53775750	34.22465608	42.55	-0.0040	-0.0140	-0.9820	3.60	50	47	1
928	1	1	0	170803	092634.00	108.53774988	34.22465399	42.55	0.0310	-0.0790	-1.0060	4.21	50	47	1
929	1	1	0	170803	092634.10	108.53774231	34.22465196	42.55	0.0010	0.1240	-1.0250	4.21	50	47	1
930	1	1	0	170803	092634.20	108.53773468	34.22464986	42.55	-0.0210	0.0210	-0.9860	4.21	50	47	1
931	1	1	0	170803	092634.30	108.53772714	34.22464784	42.55	-0.0350	-0.0320	-0.9450	3.49	50	47	1
932	1	1	0	170803	092634.40	108.53771958	34.22464586	42.55	-0.0180	-0.0240	-1.0410	3.49	50	47	1
933	1	1	0	170803	092634.50	108.53771205	34.22464387	42.55	0.0930	-0.0690	-0.9970	3.49	50	47	1
934	1	1	0	170803	092634.60	108.53770465	34.22464208	42.55	0.0060	-0.0060	-1.0730	2.88	50	47	1
935	1	1	0	170803	092634.70	108.53769712	34.22464009	42.55	-0.0800	-0.0360	-0.9910	2.88	50	47	1
936	1	1	0	170803	092634.80	108.53768966	34.22463824	42.55	0.0110	-0.0690	-0.9930	2.88	50	47	1
937	1	1	0	170803	092634.90	108.53768217	34.22463624	42.55	0.0500	0.0470	-0.9820	2.40	50	46	1
938	1	1	0	170803	092635.00	108.53767463	34.22463420	42.55	-0.0310	-0.1460	-1.0500	2.40	50	46	1
939	1	1	0	170803	092635.10	108.53766712	34.22463223	42.55	0.0400	0.0040	-0.9930	2.40	50	47	1
940	1	1	0	170803	092635.20	108.53765956	34.22463020	42.55	0.0440	-0.0150	-1.0130	2.11	50	46	1
941	1	1	0	170803	092635.30	108.53765207	34.22462821	42.55	-0.0410	-0.0280	-0.8880	2.11	50	47	1
942	1	1	0	170803	092635.40	108.53764457	34.22462630	42.55	0.0190	-0.0140	-1.0050	2.11	50	47	1
943	1	1	0	170803	092635.50	108.53763708	34.22462433	42.55	0.0090	-0.0170	-1.0410	1.93	50	47	1
944	1	1	0	170803	092635.60	108.53762960	34.22462239	42.55	0.0520	-0.0230	-0.9650	1.93	50	47	1
945	1	1	0	170803	092635.70	108.53762211	34.22462041	42.55	0.0330	-0.0380	-0.9840	1.93	50	47	1
946	1	1	0	170803	092635.80	108.53761466	34.22461854	42.55	0.0170	-0.0440	-0.9980	1.84	50	47	1
947	1	1	0	170803	092635.90	108.53760714	34.22461656	42.55	-0.0170	-0.0380	-1.0170	1.84	50	47	1
948	1	1	0	170803	092636.00	108.53759962	34.22461460	42.55	0.0420	-0.0060	-1.0610	1.84	50	47	1
949	1	1	0	170803	092636.10	108.53759204	34.22461260	42.55	0.0620	-0.0680	-1.0630	1.71	50	48	1
950	1	1	0	170803	092636.20	108.53758438	34.22461054	42.55	0.0640	0.0730	-1.0200	1.71	50	47	1
951	1	1	0	170803	092636.30	108.53757677	34.22460854	42.55	0.0510	-0.0560	-0.9440	1.71	50	47	1
952	1	1	0	170803	092636.40	108.53756909	34.22460651	42.55	0.0020	-0.0420	-0.9460	2.00	50	48	1
953	1	1	0	170803	092636.50	108.53756147	34.22460449	42.55	-0.0070	0.0180	-0.9760	2.00	50	47	1
954	1	1	0	170803	092636.60	108.53755384	34.22460253	42.55	0.0410	-0.0400	-0.9320	2.00	50	48	1
955	1	1	0	170803	092636.70	108.53754619	34.22460051	42.55	0.0410	0.1210	-1.0250	2.00	50	47	1
956	1	1	0	170803	092636.80	108.53753857	34.22459853	42.55	0.0410	0.0290	-1.0290	3.13	50	47	1
957	1	1	0	170803	092636.90	108.53753093	34.22459651	42.55	0.0280	0.1070	-0.9610	3.13	50	48	1
958	1	1	0	170803	092637.00	108.53752330	34.22459453	42.55	0.0340	-0.0010	-0.8850	3.56	50	48	1
959	1	1	0	170803	092637.10	108.53751564	34.22459254	42.55	0.0300	0.0260	-1.0010	3.56	50	48	1
960	1	1	0	170803	092637.20	108.53750800	34.22459059	42.55	0.0170	0.0240	-1.0220	3.56	50	48	1
961	1	1	0	170803	092637.30	108.53750035	34.22458861	42.55	-0.0340	-0.0500	-0.9980	3.56	50	47	1
962	1	1	0	170803	092637.40	108.53749270	34.22458668	42.55	0.0170	0.0750	-1.0110	3.32	50	47	1
963	1	1	0	170803	092637.50	108.53748506	34.22458471	42.55	0.0150	-0.0550	-0.9520	3.32	50	47	1
964	1	1	0	170803	092637.60	108.53747744	34.22458279	42.55	0.0040	-0.0130	-0.9790	3.32	50	47	1
965	1	1	0	170803	092637.70	108.53746984	34.22458081	42.55	0.0280	-0.0020	-1.0590	2.64	50	48	1
966	1	1	0	170803	092637.80	108.53746224	34.22457889	42.55	0.0130	0.0320	-1.0130	2.64	50	47	1
967	1	1	0	170803	092637.90	108.53745459	34.22457696	42.55	-0.0090	-0.0890	-1.0110	2.64	50	47	1
968	1	1	0	170803	092638.00	108.53744698	34.22457509	42.55	-0.0060	-0.0420	-0.9970	2.15	50	47	1
969	1	1	0	170803	092638.10	108.53743935	34.22457315	42.55	-0.0270	0.0210	-1.0230	2.15	50	47	1
970	1	1	0	170803	092638.20	108.53743176	34.22457133	42.55	-0.0550	0.0450	-1.0330	2.15	50	47	1
971	1	1	0	170803	092638.30	108.53742417	34.22456938	42.55	0.0330	0.0030	-1.0120	1.95	50	47	1
972	1	1	0	170803	092638.40	108.53741657	34.22456751	42.55	-0.0220	0.0010	-1.0480	1.95	50	47	1
973	1	1	0	170803	092638.50	108.53740898	34.22456560	42.55	-0.0250	-0.0630	-1.0190	1.95	50	47	1
974	1	1	0	170803	092638.60	108.53740128	34.22456361	42.55	0.0130	0.0360	-1.0430	1.78	50	47	1
975	1	1	0	170803	092638.70	108.53739370	34.22456168	42.55	-0.0030	0.0170	-1.0300	1.78	50	47	1
976	1	1	0	170803	092638.80	108.53738599	34.22455961	42.55	-0.0350	0.0180	-0.9970	1.78	50	47	1
977	1	1	0	170803	092638.90	108.53737845	34.22455770	42.55	-0.0310	-0.0140	-1.0080	1.70	50	46	1
978	1	1	0	170803	092639.00	108.53737077	34.22455563	42.55	-0.0020	-0.0160	-1.0030	1.70	50	46	1
979	1	1	0	170803	092639.10	108.53736324	34.22455371	42.55	-0.0650	0.0020	-0.9890	1.70	50	47	1
980	1	1	0	170803	092639.20	108.53735566	34.22455171	42.55	0.0820	-0.0400	-1.0040	1.58	50	46	1
981	1	1	0	170803	092639.30	108.53734814	34.22454981	42.55	0.0030	0.0350	-1.1230	1.58	50	47	1
982	1	1	0	170803	092639.40	108.53734058	34.22454786	42.55	-0.0680	0.0250	-1.0080	1.58	50	46	1
983	1	1	0	170803	092639.50	108.53733304	34.22454596	42.55	0.0810	-0.0390	-0.9430	1.55	50	47	1
984	1	1	0	170803	092639.60	108.53732546	34.22454400	42.55	0.0110	0.0540	-0.9630	1.55	50	47	1
985	1	1	0	170803	092639.70	108.53731795	34.22454212	42.55	0.0180	-0.0070	-0.9340	1.55	50	46	1
986	1	1	0	170803	092639.80	108.53731043	34.22454021	42.55	-0.0150	0.0050	-0.9800	3.12	50	47	1
987	1	1	0	170803	092639.90	108.53730291	34.22453833	42.55	0.0330	-0.0980	-0.9520	3.12	50	47	1
988	1	1	0	170803	092640.00	108.53729540	34.22453643	42.55	0.0460	0.0340	-1.0630	3.12	50	47	1
989	1	1	0	170803	092640.10	108.53728786	34.22453455	42.55	0.0270	-0.0320	-1.0190	3.62	50	47	1
990	1	1	0	170803	092640.20	108.53728027	34.22453264	42.55	0.0900	-0.0100	-1.0840	3.62	50	47	1
991	1	1	0	170803	092640.30	108.53727264	34.22453077	42.55	0.0510	-0.0150	-0.9660	3.62	50	47	1
992	1	1	0	170803	092640.40	108.53726497	34.22452885	42.55	-0.0510	-0.0580	-0.9680	3.08	50	47	1
993	1	1	0	170803	092640.50	108.53725736	34.22452696	42.55	0.0740	-0.0130	-0.9070	3.08	50	47	1
994	1	1	0	170803	092640.60	108.53724978	34.22452514	42.55	-0.0210	-0.0360	-0.9980	3.08	50	48	1
995	1	1	0	170803	092640.70	108.53724214	34.22452322	42.55	-0.0090	0.0110	-0.9760	3.08	50	47	1
996	1	1	0	170803	092640.80	108.53723457	34.22452139	42.55	0.0190	-0.0470	-1.1630	2.29	50	47	1
997	1	1	0	170803	092640.90	108.53722691	34.22451948	42.55	-0.0240	-0.0420	-1.0160	2.29	50	48	1
998	1	1	0	170803	092641.00	108.53721929	34.22451761	42.55	-0.0120	0.0230	-0.9980	2.06	50	47	1
999	1	1	0	170803	092641.10	108.53721162	34.22451573	42.55	0.0550	0.0090	-0.9760	2.06	50	47	1
1000	1	1	0	170803	092641.20	108.53720391	34.22451386	42.55	0.0160	-0.0350	-1.1770	2.06	50	47	1
1001	1	1	0	170803	092641.30	108.53719612	34.22451193	44.40	-0.0150	-0.0280	-0.8700	2.06	50	47	1
1002	1	1	0	170803	092641.40	108.53718817	34.22450994	44.40	-1.5150	0.0470	-1.4360	1.87	50	48	1
1003	1	1	0	170803	092641.50	108.53718063	34.22450807	42.55	0.3590	0.1840	-1.1190	1.87	50	47	1
1004	1	1	0	170803	092641.60	108.53717310	34.22450620	42.55	-0.0500	-0.0150	-1.3280	1.87	50	47	1
1005	1	1	0	170803	092641.70	108.53716544	34.22450432	42.55	0.1200	0.0030	-1.2040	1.73	50	47	1
1006	1	1	0	170803	092641.80	108.53715789	34.22450244	42.55	0.0460	0.0170	-0.9620	1.73	50	47	1
1007	1	1	0	170803	092641.90	108.53715023	34.22450054	42.55	-0.0370	0.0030	-0.9210	1.73	50	47	1
1008	1	1	0	170803	092642.00	108.53714256	34.22449866	42.55	-0.0430	-0.0230	-0.9100	1.64	50	47	1
1009	1	1	0	170803	092642.10	108.53713495	34.22449678	42.55	0.0390	0.0040	-0.9270	1.64	50	47	1
1010	1	1	0	170803	092642.20	108.53712714	34.22449485	42.55	0.0200	0.0440	-1.0330	1.64	50	47	1
1011	1	1	0	170803	092642.30	108.53711953	34.22449297	42.55	0.0200	0.0270	-0.9510	1.64	50	47	1
1012	1	1	0	170803	092642.40	108.53711201	34.22449118	42.55	-0.0210	-0.0040	-0.9930	1.64	50	47	1
1013	1	1	0	170803	092642.50	108.53710442	34.22448930	42.55	0.0180	0.0270	-0.9490	1.64	50	47	1
1014	1	1	0	170803	092642.60	108.53709688	34.22448753	42.55	-0.0140	-0.0260	-1.0470	1.59	50	46	1
1015	1	1	0	170803	092642.70	108.53708928	34.22448566	42.55	-0.0210	-0.0470	-0.9810	1.59	50	47	1
1016	1	1	0	170803	092642.80	108.53708175	34.22448384	42.55	-0.0290	-0.0010	-0.9560	1.59	50	47	1
1017	1	1	0	170803	092642.90	108.53707420	34.22448200	42.55	-0.0110	-0.0050	-1.0170	1.68	50	46	1
1018	1	1	0	170803	092643.00	108.53706662	34.22448008	42.55	-0.0130	-0.0550	-1.0630	1.68	50	47	1
1019	1	1	0	170803	092643.10	108.53705904	34.22447820	42.55	0.0280	0.0230	-0.9970	1.68	50	46	1
1020	1	1	0	170803	092643.20	108.53705138	34.22447618	42.55	-0.1030	0.0130	-0.9030	1.92	50	47	1
1021	1	1	0	170803	092643.30	108.53704384	34.22447429	42.55	0.0460	-0.0170	-0.9920	1.92	50	47	1
1022	1	1	0	170803	092643.40	108.53703624	34.22447233	42.55	-0.0020	-0.0160	-1.0430	1.92	50	47	1
1023	1	1	0	170803	092643.50	108.53702870	34.22447045	42.55	0.0690	0.0440	-1.0230	1.90	50	47	1
1024	1	1	0	170803	092643.60	108.53702115	34.22446852	42.55	-0.0020	-0.0140	-1.0360	1.90	50	47	1
1025	1	1	0	170803	092643.70	108.53701359	34.22446667	42.55	-0.0360	0.0530	-1.0120	1.90	50	47	1
1026	1	1	0	170803	092643.80	108.53700610	34.22446486	42.55	0.0460	0.0040	-1.0300	1.99	50	47	1
1027	1	1	0	170803	092643.90	108.53699851	34.22446299	42.55	0.0250	0.0300	-1.0570	1.99	50	47	1
1028	1	1	0	170803	092644.00	108.53699096	34.22446116	42.55	0.0580	-0.0320	-0.9720	1.99	50	47	1
1029	1	1	0	170803	092644.10	108.53698340	34.22445929	42.55	-0.0160	-0.0160	-1.0630	4.00	50	47	1
1030	1	1	0	170803	092644.20	108.53697593	34.22445748	42.55	0.0580	0.0080	-1.0910	4.00	50	47	1
1031	1	1	0	170803	092644.30	108.53696829	34.22445559	42.55	-0.0020	0.0080	-1.0740	4.00	50	47	1
1032	1	1	0	170803	092644.40	108.53696067	34.22445365	42.55	0.0130	-0.0410	-0.8810	4.00	50	47	1
1033	1	1	0	170803	092644.50	108.53695303	34.22445175	42.55	-0.0340	-0.0080	-1.0200	4.00	50	47	1
1034	1	1	0	170803	092644.60	108.53694561	34.22445000	42.55	-0.0340	-0.0750	-0.9990	4.00	50	47	1
1035	1	1	0	170803	092644.70	108.53693800	34.22444811	42.55	0.0200	-0.0080	-0.8850	4.00	50	47	1
1036	1	1	0	170803	092644.80	108.53693063	34.22444632	42.55	0.0600	-0.0140	-1.0540	3.57	50	47	1
1037	1	1	0	170803	092644.90	108.53692301	34.22444444	42.55	0.0040	-0.0400	-0.9900	3.57	50	47	1
1038	1	1	0	170803	092645.00	108.53691551	34.22444263	42.55	-0.0040	-0.0130	-0.9240	2.70	50	47	1
1039	1	1	0	170803	092645.10	108.53690789	34.22444073	42.55	-0.0310	-0.0680	-0.9140	2.70	50	47	1
1040	1	1	0	170803	092645.20	108.53690036	34.22443896	42.55	0.0220	0.0050	-0.9680	2.70	50	47	1
1041	1	1	0	170803	092645.30	108.53689278	34.22443705	42.55	-0.0530	0.0180	-1.0480	2.70	50	47	1
1042	1	1	0	170803	092645.40	108.53688515	34.22443523	42.55	-0.0460	0.0020	-0.9880	2.42	50	47	1
1043	1	1	0	170803	092645.50	108.53687760	34.22443330	42.55	-0.0400	-0.0320	-0.9570	2.42	50	46	1
1044	1	1	0	170803	092645.60	108.53687004	34.22443142	42.55	-0.0260	0.0200	-1.0960	2.42	50	47	1
1045	1	1	0	170803	092645.70	108.53686246	34.22442950	42.55	-0.0020	-0.0030	-0.9940	2.33	50	47	1
1046	1	1	0	170803	092645.80	108.53685492	34.22442771	42.55	-0.0190	-0.0110	-0.9920	2.33	50	46	1
1047	1	1	0	170803	092645.90	108.53684743	34.22442578	42.55	0.0660	-0.0320	-1.0940	2.33	50	47	1
1048	1	1	0	170803	092646.00	108.53683981	34.22442389	42.55	0.0910	-0.0280	-1.0690	2.19	50	46	1
1049	1	1	0	170803	092646.10	108.53683229	34.22442193	42.55	-0.0180	0.0130	-1.0670	2.19	50	46	1
1050	1	1	0	170803	092646.20	108.53682460	34.22441987	42.55	-0.0280	-0.0210	-0.9350	2.19	50	47	1
1051	1	1	0	170803	092646.30	108.53681712	34.22441792	42.55	0.0280	-0.0620	-0.8840	2.13	50	46	1
1052	1	1	0	170803	092646.40	108.53680946	34.22441598	42.55	0.0980	0.0010	-0.9720	2.13	50	47	1
1053	1	1	0	170803	092646.50	108.53680194	34.22441401	42.55	-0.0010	0.0220	-1.0600	2.13	50	47	1
1054	1	1	0	170803	092646.60	108.53679443	34.22441210	42.55	0.0440	0.0110	-1.0160	2.15	50	47	1
1055	1	1	0	170803	092646.70	108.53678688	34.22441011	42.55	0.0150	-0.0130	-1.0730	2.15	50	47	1
1056	1	1	0	170803	092646.80	108.53677935	34.22440819	42.55	-0.0170	-0.0030	-0.9730	2.15	50	47	1
1057	1	1	0	170803	092646.90	108.53677179	34.22440620	42.55	-0.0210	-0.0130	-1.0580	3.46	50	47	1
1058	1	1	0	170803	092647.00	108.53676416	34.22440413	42.55	0.0440	-0.0190	-1.0810	3.46	50	47	1
1059	1	1	0	170803	092647.10	108.53675658	34.22440211	42.55	0.0250	-0.0310	-1.0600	3.46	50	47	1
1060	1	1	0	170803	092647.20	108.53674890	34.22440007	42.55	0.0400	0.0220	-1.0170	4.19	50	47	1
1061	1	1	0	170803	092647.30	108.53674128	34.22439806	42.55	-0.0250	0.0140	-1.0200	4.19	50	47	1
1062	1	1	0	170803	092647.40	108.53673359	34.22439599	42.55	0.0650	0.0150	-0.9520	4.19	50	47	1
1063	1	1	0	170803	092647.50	108.53672598	34.22439400	42.55	-0.0010	-0.0020	-0.9990	3.92	50	47	1
1064	1	1	0	170803	092647.60	108.53671835	34.22439183	42.55	-0.0040	0.0290	-0.9790	3.92	50	47	1
1065	1	1	0	170803	092647.70	108.53671078	34.22438987	42.55	0.0080	-0.0250	-1.0180	3.92	50	47	1
1066	1	1	0	170803	092647.80	108.53670326	34.22438778	42.55	0.0040	0.0120	-1.0760	3.02	50	47	1
1067	1	1	0	170803	092647.90	108.53669566	34.22438581	42.55	0.0170	-0.0320	-0.9620	3.02	50	47	1
1068	1	1	0	170803	092648.00	108.53668801	34.22438366	42.55	-0.0070	0.0250	-0.9080	3.02	50	47	1
1069	1	1	0	170803	092648.10	108.53668047	34.22438172	42.55	-0.0070	-0.0190	-0.9090	2.55	50	47	1
1070	1	1	0	170803	092648.20	108.53667289	34.22437964	42.55	0.0150	0.0390	-1.0830	2.55	50	47	1
1071	1	1	0	170803	092648.30	108.53666533	34.22437769	42.55	-0.0330	-0.0270	-1.1080	2.55	50	47	1
1072	1	1	0	170803	092648.40	108.53665784	34.22437564	42.55	-0.0780	0.0530	-0.9450	2.38	50	47	1
1073	1	1	0	170803	092648.50	108.53665033	34.22437373	42.55	-0.0320	0.0250	-0.9670	2.38	50	47	1
1074	1	1	0	170803	092648.60	108.53664306	34.22437176	42.55	0.0530	0.0140	-1.0090	2.38	50	47	1
1075	1	1	0	170803	092648.70	108.53663551	34.22436989	42.55	0.0370	0.0250	-1.1270	2.38	50	46	1
1076	1	1	0	170803	092648.80	108.53662817	34.22436802	42.55	-0.0400	0.1020	-0.9530	2.28	50	47	1
1077	1	1	0	170803	092648.90	108.53662065	34.22436618	42.55	-0.0050	0.0770	-0.8900	2.28	50	46	1
1078	1	1	0	170803	092649.00	108.53661326	34.22436433	42.55	0.0600	0.0350	-1.0430	2.19	50	46	1
1079	1	1	0	170803	092649.10	108.53660572	34.22436250	42.55	0.0310	0.0460	-1.0270	2.19	50	47	1
1080	1	1	0	170803	092649.20	108.53659831	34.22436069	42.55	0.0420	0.0030	-0.9380	2.19	50	47	1
1081	1	1	0	170803	092649.30	108.53659074	34.22435887	42.55	0.0190	0.0650	-1.0070	2.19	50	47	1
1082	1	1	0	170803	092649.40	108.53658325	34.22435707	42.55	0.0320	-0.0320	-1.0120	2.80	50	47	1
1083	1	1	0	170803	092649.50	108.53657563	34.22435525	42.55	0.0280	0.0320	-1.0070	2.80	50	47	1
1084	1	1	0	170803	092649.60	108.53656808	34.22435346	42.55	0.0420	0.0090	-0.9980	2.80	50	47	1
1085	1	1	0	170803	092649.70	108.53656047	34.22435163	42.55	0.0540	0.0050	-0.9970	4.05	50	47	1
1086	1	1	0	170803	092649.80	108.53655287	34.22434979	42.55	0.0610	0.0090	-1.0490	4.05	50	47	1
1087	1	1	0	170803	092649.90	108.53654520	34.22434798	42.55	0.0120	-0.0060	-0.9280	4.05	50	48	1
1088	1	1	0	170803	092650.00	108.53653756	34.22434620	42.55	-0.0270	0.0370	-0.9880	3.18	50	47	1
1089	1	1	0	170803	092650.10	108.53652988	34.22434437	42.55	0.0810	0.0410	-1.0440	3.18	50	48	1
1090	1	1	0	170803	092650.20	108.53652224	34.22434257	42.55	0.0350	0.0180	-0.9860	3.18	50	47	1
1091	1	1	0	170803	092650.30	108.53651453	34.22434080	42.55	0.0140	0.0250	-0.9520	2.75	50	47	1
1092	1	1	0	170803	092650.40	108.53650688	34.22433900	42.55	-0.0090	0.0250	-1.1050	2.75	50	48	1
1093	1	1	0	170803	092650.50	108.53649915	34.22433724	42.55	0.0000	-0.0320	-0.9950	2.75	50	47	1
1094	1	1	0	170803	092650.60	108.53649147	34.22433551	42.55	0.0290	-0.0190	-0.9960	2.50	50	47	1
1095	1	1	0	170803	092650.70	108.53648378	34.22433375	42.55	-0.0240	0.0380	-0.9430	2.50	50	47	1
1096	1	1	0	170803	092650.80	108.53647619	34.22433197	42.55	0.0340	0.0060	-0.9460	2.50	50	47	1
1097	1	1	0	170803	092650.90	108.53646850	34.22433018	42.55	-0.0060	-0.0740	-1.0660	2.39	50	47	1
1098	1	1	0	170803	092651.00	108.53646084	34.22432839	42.55	-0.0690	0.0080	-0.9340	2.39	50	47	1
1099	1	1	0	170803	092651.10	108.53645319	34.22432660	42.55	0.0260	-0.0640	-1.0020	2.39	50	47	1
1100	1	1	0	170803	092651.20	108.53644556	34.22432480	42.55	-0.0030	0.0340	-1.1060	2.37	50	47	1
1101	1	1	0	170803	092651.30	108.53643792	34.22432301	42.55	-0.0420	-0.0150	-1.0350	2.37	50	47	1
1102	1	1	0	170803	092651.40	108.53643031	34.22432120	42.55	-0.0050	-0.0020	-0.9410	2.37	50	47	1
1103	1	1	0	170803	092651.50	108.53642270	34.22431938	42.55	0.0460	0.0420	-1.0190	2.73	50	47	1
1104	1	1	0	170803	092651.60	108.53641510	34.22431752	42.55	-0.0090	-0.0620	-0.9480	2.73	50	46	1
1105	1	1	0	170803	092651.70	108.53640750	34.22431566	42.55	-0.0340	-0.0180	-1.0170	2.73	50	47	1
1106	1	1	0	170803	092651.80	108.53639996	34.22431388	42.55	-0.0120	0.0010	-1.0460	3.82	50	47	1
1107	1	1	0	170803	092651.90	108.53639239	34.22431203	42.55	-0.0050	-0.0150	-1.0380	3.82	50	47	1
1108	1	1	0	170803	092652.00	108.53638484	34.22431012	42.55	-0.0100	-0.0440	-0.9760	3.82	50	47	1
1109	1	1	0	170803	092652.10	108.53637730	34.22430826	42.55	-0.0100	-0.0440	-0.9760	4.25	50	46	1
1110	1	1	0	170803	092652.20	108.53636963	34.22430620	42.55	-0.0060	-0.0980	-0.9450	4.25	50	47	1
1111	1	1	0	170803	092652.30	108.53636212	34.22430429	42.55	-0.0070	-0.0260	-0.9890	4.25	50	46	1
1112	1	1	0	170803	092652.40	108.53635453	34.22430223	42.55	0.0500	-0.0010	-1.0220	3.89	50	46	1
1113	1	1	0	170803	092652.50	108.53634700	34.22430031	42.55	-0.0310	-0.0600	-1.0620	3.89	50	47	1
1114	1	1	0	170803	092652.60	108.53633941	34.22429823	42.55	0.0280	-0.0310	-0.8380	3.89	50	47	1
1115	1	1	0	170803	092652.70	108.53633191	34.22429630	42.55	0.0650	-0.0610	-0.9860	3.89	50	47	1
1116	1	1	0	170803	092652.80	108.53632434	34.22429426	42.55	0.0380	-0.0330	-1.0640	3.33	50	47	1
1117	1	1	0	170803	092652.90	108.53631675	34.22429232	42.55	0.0340	0.0180	-0.9840	3.33	50	47	1
1118	1	1	0	170803	092653.00	108.53630919	34.22429036	42.55	0.0430	-0.0420	-0.9850	2.77	50	47	1
1119	1	1	0	170803	092653.10	108.53630160	34.22428841	42.55	0.0280	0.0160	-1.0560	2.77	50	47	1
1120	1	1	0	170803	092653.20	108.53629388	34.22428632	42.55	0.0380	-0.0190	-0.9390	2.77	50	47	1
1121	1	1	0	170803	092653.30	108.53628627	34.22428437	42.55	0.0450	0.0010	-0.9190	2.77	50	48	1
1122	1	1	0	170803	092653.40	108.53627856	34.22428229	42.55	-0.0060	0.0060	-1.0700	2.69	50	47	1
1123	1	1	0	170803	092653.50	108.53627092	34.22428030	42.55	0.0280	0.0090	-1.0630	2.69	50	47	1
1124	1	1	0	170803	092653.60	108.53626323	34.22427824	42.55	0.0340	0.0640	-0.9350	2.69	50	47	1
1125	1	1	0	170803	092653.70	108.53625563	34.22427628	42.55	0.0410	-0.0980	-0.8860	2.56	50	47	1
1126	1	1	0	170803	092653.80	108.53624800	34.22427426	42.55	-0.0240	0.1170	-1.0770	2.56	50	47	1
1127	1	1	0	170803	092653.90	108.53624037	34.22427228	42.55	0.0790	0.0170	-0.9410	2.56	50	47	1
1128	1	1	0	170803	092654.00	108.53623281	34.22427036	42.55	0.0150	0.0030	-0.9980	2.50	50	47	1
1129	1	1	0	170803	092654.10	108.53622519	34.22426838	42.55	-0.0450	-0.0190	-0.9240	2.50	50	47	1
1130	1	1	0	170803	092654.20	108.53621736	34.22426631	42.55	-0.0210	-0.0490	-0.9750	2.50	50	47	1
1131	1	1	0	170803	092654.30	108.53620976	34.22426434	42.55	0.0090	-0.0270	-1.0440	2.41	50	47	1
1132	1	1	0	170803	092654.40	108.53620224	34.22426242	42.55	-0.0390	0.0230	-0.9060	2.41	50	47	1
1133	1	1	0	170803	092654.50	108.53619467	34.22426045	42.55	-0.0490	0.0110	-1.0570	2.41	50	47	1
1134	1	1	0	170803	092654.60	108.53618717	34.22425852	42.55	0.0080	0.0330	-1.0290	2.66	50	47	1
1135	1	1	0	170803	092654.70	108.53617961	34.22425653	42.55	0.0340	-0.0760	-1.1000	2.66	50	47	1
1136	1	1	0	170803	092654.80	108.53617208	34.22425460	42.55	-0.0140	0.0220	-1.0650	2.66	50	47	1
1137	1	1	0	170803	092654.90	108.53616452	34.22425263	42.55	0.0440	-0.0190	-0.9820	4.14	50	47	1
1138	1	1	0	170803	092655.00	108.53615698	34.22425070	42.55	-0.0600	0.0650	-0.9630	4.14	50	47	1
1139	1	1	0	170803	092655.10	108.53614947	34.22424876	42.55	-0.0430	0.0040	-0.9740	4.14	50	47	1
1140	1	1	0	170803	092655.20	108.53614198	34.22424685	42.55	0.0600	0.0170	-1.0920	4.46	50	47	1
1141	1	1	0	170803	092655.30	108.53613445	34.22424490	42.55	0.0060	-0.0320	-1.1250	4.46	50	46	1
1142	1	1	0	170803	092655.40	108.53612697	34.22424300	42.55	0.0070	0.0250	-1.0140	4.46	50	47	1
1143	1	1	0	170803	092655.50	108.53611942	34.22424105	42.55	0.0230	0.0110	-0.9350	4.30	50	46	1
1144	1	1	0	170803	092655.60	108.53611188	34.22423911	42.55	-0.0480	0.0250	-0.9310	4.30	50	46	1
1145	1	1	0	170803	092655.70	108.53610442	34.22423717	42.55	-0.0330	0.0090	-0.9010	4.30	50	47	1
1146	1	1	0	170803	092655.80	108.53609691	34.22423523	42.55	-0.0200	-0.0160	-1.1280	3.62	50	47	1
1147	1	1	0	170803	092655.90	108.53608941	34.22423329	42.55	-0.0100	0.0080	-1.0110	3.62	50	47	1
1148	1	1	0	170803	092656.00	108.53608194	34.22423138	42.55	0.0300	0.0200	-1.1530	3.62	50	47	1
1149	1	1	0	170803	092656.10	108.53607442	34.22422944	42.55	0.0870	0.0040	-1.1360	2.83	50	47	1
1150	1	1	0	170803	092656.20	108.53606690	34.22422754	42.55	0.0230	0.0060	-0.9970	2.83	50	47	1
1151	1	1	0	170803	092656.30	108.53605932	34.22422559	42.55	0.0790	0.0650	-1.0000	2.83	50	47	1
1152	1	1	0	170803	092656.40	108.53605172	34.22422365	42.55	0.0550	0.0240	-0.9470	2.65	50	47	1
1153	1	1	0	170803	092656.50	108.53604413	34.22422168	42.55	0.0360	0.0290	-0.9600	2.65	50	47	1
1154	1	1	0	170803	092656.60	108.53603649	34.22421971	42.55	0.0210	0.0270	-1.0440	2.65	50	47	1
1155	1	1	0	170803	092656.70	108.53602888	34.22421774	42.55	0.0030	0.0240	-1.0400	2.65	50	48	1
1156	1	1	0	170803	092656.80	108.53602125	34.22421577	42.55	0.0130	-0.0590	-1.0490	2.20	50	48	1
1157	1	1	0	170803	092656.90	108.53601361	34.22421377	42.55	0.0800	0.0020	-1.0520	2.20	50	47	1
1158	1	1	0	170803	092657.00	108.53600598	34.22421179	42.55	0.0060	-0.0120	-0.9930	1.93	50	47	1
1159	1	1	0	170803	092657.10	108.53599836	34.22420982	42.55	0.0630	0.0280	-0.9360	1.93	50	47	1
1160	1	1	0	170803	092657.20	108.53599074	34.22420784	42.55	-0.0190	-0.0210	-1.0850	1.93	50	47	1
1161	1	1	0	170803	092657.30	108.53598309	34.22420586	42.55	0.0600	0.0170	-1.0330	1.93	50	47	1
1162	1	1	0	170803	092657.40	108.53597547	34.22420390	42.55	-0.0570	0.0250	-0.9700	1.81	50	47	1
1163	1	1	0	170803	092657.50	108.53596788	34.22420193	42.55	0.0060	0.0050	-0.7010	1.81	50	47	1
1164	1	1	0	170803	092657.60	108.53596031	34.22419996	42.55	-0.0420	0.0220	-1.0180	1.81	50	47	1
1165	1	1	0	170803	092657.70	108.53595271	34.22419798	42.55	0.0480	0.0500	-1.0550	1.74	50	47	1
1166	1	1	0	170803	092657.80	108.53594519	34.22419602	42.55	-0.0220	-0.0010	-0.9830	1.74	50	47	1
1167	1	1	0	170803	092657.90	108.53593761	34.22419405	42.55	-0.0180	0.0640	-0.9420	1.74	50	47	1
1168	1	1	0	170803	092658.00	108.53593007	34.22419208	42.55	0.0160	0.0440	-1.0730	2.24	50	47	1
1169	1	1	0	170803	092658.10	108.53592250	34.22419011	42.55	-0.0250	0.0640	-0.9880	2.24	50	47	1
1170	1	1	0	170803	092658.20	108.53591496	34.22418815	42.55	0.0090	-0.0430	-1.0380	2.24	50	47	1
1171	1	1	0	170803	092658.30	108.53590742	34.22418617	42.55	-0.0480	-0.0790	-1.0360	3.75	50	47	1
1172	1	1	0	170803	092658.40	108.53589987	34.22418421	42.55	0.0640	-0.0180	-1.0630	3.75	50	47	1
1173	1	1	0	170803	092658.50	108.53589232	34.22418222	42.55	-0.0340	-0.0070	-1.0010	3.75	50	47	1
1174	1	1	0	170803	092658.60	108.53588461	34.22418014	42.55	0.0060	0.0910	-0.9180	3.70	50	47	1
1175	1	1	0	170803	092658.70	108.53587712	34.22417817	42.55	-0.0060	-0.0800	-1.0900	3.70	50	46	1
1176	1	1	0	170803	092658.80	108.53586951	34.22417616	42.55	0.0090	0.0010	-1.1250	3.70	50	46	1
1177	1	1	0	170803	092658.90	108.53586199	34.22417419	42.55	-0.0180	-0.1000	-1.0980	3.44	50	47	1
1178	1	1	0	170803	092659.00	108.53585423	34.22417215	42.55	-0.0440	0.0440	-0.9010	3.44	50	47	1
1179	1	1	0	170803	092659.10	108.53584673	34.22417019	42.55	-0.0080	0.0090	-1.0060	3.44	50	47	1
1180	1	1	0	170803	092659.20	108.53583928	34.22416827	42.55	-0.0110	0.0660	-1.0560	2.34	50	47	1
1181	1	1	0	170803	092659.30	108.53583177	34.22416629	42.55	0.0240	-0.0320	-0.9680	2.34	50	47	1
1182	1	1	0	170803	092659.40	108.53582427	34.22416433	42.55	0.0060	-0.0080	-1.0870	2.34	50	47	1
1183	1	1	0	170803	092659.50	108.53581673	34.22416233	42.55	0.0460	-0.0390	-1.0370	2.05	50	47	1
1184	1	1	0	170803	092659.60	108.53580918	34.22416035	42.55	0.0510	-0.0770	-0.9920	2.05	50	47	1
1185	1	1	0	170803	092659.70	108.53580161	34.22415835	42.55	0.0110	-0.0050	-1.0120	2.05	50	47	1