581	1	1	0	170803	091958.40	108.53986153	34.22529051	53.65	-0.0280	0.0490	-0.9580	7.24	60	58	1
582	1	1	0	170803	091958.50	108.53985272	34.22528713	51.80	0.0330	-0.0770	-0.9960	7.24	60	58	1
583	1	1	0	170803	091958.60	108.53984394	34.22528374	51.80	0.0380	-0.0210	-1.0340	7.25	60	58	1
584	1	1	0	170803	091958.70	108.53983511	34.22528036	51.80	-0.0340	-0.0950	-1.0540	7.25	60	57	1
585	1	1	0	170803	091958.80	108.53982634	34.22527696	51.80	-0.0170	0.0390	-0.9790	7.25	60	57	1
586	1	1	0	170803	091958.90	108.53981753	34.22527362	51.80	-0.0750	-0.0150	-1.0210	6.74	60	58	1
587	1	1	0	170803	091959.00	108.53980876	34.22527026	51.80	0.0380	-0.0200	-1.0510	6.74	60	58	1
588	1	1	0	170803	091959.10	108.53979994	34.22526690	51.80	0.0680	-0.0610	-1.0290	6.74	60	57	1
589	1	1	0	170803	091959.20	108.53979115	34.22526357	51.80	-0.0710	0.0210	-0.9150	6.07	60	57	1
590	1	1	0	170803	091959.30	108.53978237	34.22526025	51.80	-0.0100	-0.0680	-1.0260	6.07	60	58	1
591	1	1	0	170803	091959.40	108.53977361	34.22525691	51.80	0.0530	-0.0920	-0.9440	6.07	60	58	1
592	1	1	0	170803	091959.50	108.53976481	34.22525356	51.80	0.0350	-0.0420	-0.9190	6.07	60	58	1
593	1	1	0	170803	091959.60	108.53975589	34.22525019	51.80	-0.0190	-0.0220	-1.0310	5.60	60	58	1
594	1	1	0	170803	091959.70	108.53974706	34.22524686	51.80	0.0300	-0.0100	-1.0130	5.60	60	58	1
595	1	1	0	170803	091959.80	108.53973810	34.22524349	51.80	0.0600	-0.0790	-0.8810	5.61	60	58	1
596	1	1	0	170803	091959.90	108.53972923	34.22524013	53.65	0.0580	-0.0970	-1.0290	5.61	60	58	1
597	1	1	0	170803	092000.00	108.53972036	34.22523678	53.65	0.0460	-0.0420	-0.9810	5.61	60	58	1
598	1	1	0	170803	092000.10	108.53971144	34.22523342	53.65	-0.0220	-0.1120	-0.9820	5.61	60	58	1
599	1	1	0	170803	092000.20	108.53970251	34.22523007	53.65	0.0090	-0.0180	-0.9640	5.58	60	58	1
600	1	1	0	170803	092000.30	108.53969356	34.22522672	53.65	0.0100	-0.0000	-1.0830	5.58	60	58	1
601	1	1	0	170803	092000.40	108.53968449	34.22522336	53.65	0.0150	-0.0500	-0.9850	5.60	60	58	1
602	1	1	0	170803	092000.50	108.53967553	34.22522002	53.65	0.0100	-0.0370	-0.9420	5.60	60	58	1
603	1	1	0	170803	092000.60	108.53966663	34.22521670	53.65	0.0590	-0.0290	-0.9930	5.60	60	58	1
604	1	1	0	170803	092000.70	108.53965767	34.22521337	53.65	0.0080	-0.0070	-0.9600	5.60	60	58	1
605	1	1	0	170803	092000.80	108.53964871	34.22521008	53.65	-0.0610	-0.0300	-0.9370	5.67	60	58	1
606	1	1	0	170803	092000.90	108.53963977	34.22520678	53.65	-0.0130	-0.0210	-0.9770	5.67	60	58	1
607	1	1	0	170803	092001.00	108.53963071	34.22520352	53.65	0.0170	-0.0030	-1.0250	5.67	60	58	1
608	1	1	0	170803	092001.10	108.53962174	34.22520028	53.65	0.0540	0.0220	-0.9570	6.24	60	58	1
609	1	1	0	170803	092001.20	108.53961290	34.22519712	53.65	-0.0360	0.0130	-1.0150	6.24	60	58	1
610	1	1	0	170803	092001.30	108.53960395	34.22519390	53.65	0.0560	-0.0660	-0.9230	6.24	60	58	1
611	1	1	0	170803	092001.40	108.53959509	34.22519079	53.65	-0.0740	-0.0670	-0.9940	6.31	60	58	1
612	1	1	0	170803	092001.50	108.53958618	34.22518761	51.80	0.0060	-0.0840	-1.0680	6.31	60	58	1
613	1	1	0	170803	092001.60	108.53957736	34.22518447	51.80	0.0440	-0.1050	-0.9870	6.31	60	58	1
614	1	1	0	170803	092001.70	108.53956843	34.22518130	51.80	-0.0350	-0.0600	-0.9960	6.66	60	57	1
615	1	1	0	170803	092001.80	108.53955960	34.22517815	51.80	0.0020	0.0270	-0.8880	6.66	60	57	1
616	1	1	0	170803	092001.90	108.53955069	34.22517501	51.80	0.0360	-0.0610	-0.8950	6.66	60	58	1
617	1	1	0	170803	092002.00	108.53954179	34.22517187	51.80	-0.0070	-0.0200	-1.0060	6.75	60	58	1
618	1	1	0	170803	092002.10	108.53953289	34.22516871	51.80	-0.0340	-0.0210	-1.0570	6.75	60	57	1
619	1	1	0	170803	092002.20	108.53952406	34.22516559	51.80	0.0520	0.0190	-0.9500	6.75	60	57	1
620	1	1	0	170803	092002.30	108.53951516	34.22516245	51.80	-0.0150	-0.0680	-1.0400	6.92	60	58	1
621	1	1	0	170803	092002.40	108.53950645	34.22515942	51.80	-0.0650	0.0150	-0.9860	6.92	60	58	1
622	1	1	0	170803	092002.50	108.53949754	34.22515628	51.80	-0.0150	-0.0220	-1.0190	6.92	60	57	1
623	1	1	0	170803	092002.60	108.53948876	34.22515324	51.80	0.0690	-0.0250	-1.0940	7.02	60	58	1
624	1	1	0	170803	092002.70	108.53947982	34.22515009	51.80	-0.0260	-0.0250	-0.9940	7.02	60	58	1
625	1	1	0	170803	092002.80	108.53947087	34.22514717	51.80	-0.0270	-0.0150	-1.0040	7.02	60	58	1
626	1	1	0	170803	092002.90	108.53946193	34.22514403	51.80	0.1050	-0.0550	-0.9730	7.07	60	58	1
627	1	1	0	170803	092003.00	108.53945287	34.22514105	53.65	0.0580	-0.0620	-0.9700	7.07	60	58	1
628	1	1	0	170803	092003.10	108.53944385	34.22513788	53.65	0.0590	-0.0420	-0.9460	7.07	60	59	1
629	1	1	0	170803	092003.20	108.53943494	34.22513479	53.65	0.0100	-0.0360	-0.9940	8.74	60	58	1
630	1	1	0	170803	092003.30	108.53942589	34.22513166	53.65	0.0210	0.0290	-1.0780	8.74	60	58	1
631	1	1	0	170803	092003.40	108.53941687	34.22512858	53.65	-0.0070	-0.0590	-0.9730	8.74	60	58	1
632	1	1	0	170803	092003.50	108.53940778	34.22512549	53.65	0.0320	-0.0430	-0.8850	8.74	60	58	1
633	1	1	0	170803	092003.60	108.53939886	34.22512249	53.65	0.0010	0.0390	-1.0070	8.74	60	58	1
634	1	1	0	170803	092003.70	108.53938976	34.22511941	53.65	-0.0500	-0.1150	-1.0470	8.74	60	58	1
635	1	1	0	170803	092003.80	108.53938083	34.22511643	53.65	0.0180	-0.0150	-0.9730	8.74	60	58	1
636	1	1	0	170803	092003.90	108.53937176	34.22511338	53.65	-0.0170	-0.0250	-0.9320	9.44	60	58	1
637	1	1	0	170803	092004.00	108.53936280	34.22511044	53.65	-0.0540	0.0080	-0.9920	9.44	60	58	1
638	1	1	0	170803	092004.10	108.53935372	34.22510744	53.65	0.0540	0.0120	-0.9310	9.44	60	58	1
639	1	1	0	170803	092004.20	108.53934474	34.22510454	53.65	-0.0290	-0.0410	-1.0090	7.64	60	58	1
640	1	1	0	170803	092004.30	108.53933568	34.22510154	53.65	0.0060	-0.0230	-1.0140	7.64	60	58	1
641	1	1	0	170803	092004.40	108.53932662	34.22509857	53.65	-0.0250	-0.0750	-1.0340	6.12	60	58	1
642	1	1	0	170803	092004.50	108.53931757	34.22509563	51.80	-0.0200	0.0350	-0.9730	6.12	60	58	1
643	1	1	0	170803	092004.60	108.53930844	34.22509270	51.80	-0.0320	-0.0340	-0.9900	6.12	60	58	1
644	1	1	0	170803	092004.70	108.53929938	34.22508980	51.80	0.0470	-0.0080	-0.9400	6.12	60	57	1
645	1	1	0	170803	092004.80	108.53929023	34.22508695	51.80	-0.0340	-0.0390	-0.9850	5.13	60	57	1
646	1	1	0	170803	092004.90	108.53928118	34.22508410	51.80	-0.0320	-0.0000	-0.9640	5.13	60	58	1
647	1	1	0	170803	092005.00	108.53927206	34.22508125	51.80	0.0110	-0.0760	-1.0580	5.13	60	58	1
648	1	1	0	170803	092005.10	108.53926301	34.22507842	51.80	-0.0580	-0.1250	-1.0620	3.46	60	57	1
649	1	1	0	170803	092005.20	108.53925393	34.22507563	51.80	0.0670	0.0280	-0.9610	3.46	60	57	1
650	1	1	0	170803	092005.30	108.53924487	34.22507281	51.80	0.0000	-0.0170	-1.0630	3.46	60	58	1
651	1	1	0	170803	092005.40	108.53923582	34.22507003	51.80	0.0050	-0.0660	-1.0350	2.82	60	58	1
652	1	1	0	170803	092005.50	108.53922676	34.22506724	51.80	0.0340	-0.0590	-0.9120	2.82	60	57	1
653	1	1	0	170803	092005.60	108.53921775	34.22506446	51.80	-0.0030	-0.0040	-0.9930	2.82	60	57	1
654	1	1	0	170803	092005.70	108.53920865	34.22506169	51.80	0.0550	-0.0880	-0.9770	2.46	60	58	1
655	1	1	0	170803	092005.80	108.53919958	34.22505892	51.80	-0.0010	0.0070	-0.9990	2.46	60	58	1
656	1	1	0	170803	092005.90	108.53919043	34.22505616	51.80	0.0820	-0.0830	-0.9090	2.46	60	58	1
657	1	1	0	170803	092006.00	108.53918124	34.22505343	53.65	0.0920	-0.0210	-1.0520	2.36	60	58	1
658	1	1	0	170803	092006.10	108.53917204	34.22505067	53.65	0.0250	-0.0240	-1.0290	2.36	60	59	1
659	1	1	0	170803	092006.20	108.53916281	34.22504795	53.65	0.0200	-0.0320	-1.0260	2.36	60	59	1
660	1	1	0	170803	092006.30	108.53915358	34.22504520	53.65	0.0490	-0.0090	-1.0670	2.67	60	58	1
661	1	1	0	170803	092006.40	108.53914427	34.22504237	53.65	-0.0020	-0.0850	-0.9170	2.67	60	58	1
662	1	1	0	170803	092006.50	108.53913501	34.22503962	53.65	-0.0450	-0.0050	-0.9760	2.67	60	59	1
663	1	1	0	170803	092006.60	108.53912573	34.22503682	53.65	0.0640	0.0530	-0.9900	3.46	60	58	1
664	1	1	0	170803	092006.70	108.53911646	34.22503411	53.65	0.0320	0.0180	-1.0220	3.46	60	58	1
665	1	1	0	170803	092006.80	108.53910720	34.22503135	53.65	-0.0180	0.0540	-0.9720	3.46	60	58	1
666	1	1	0	170803	092006.90	108.53909794	34.22502865	53.65	-0.0600	-0.0380	-0.9020	3.75	60	58	1
667	1	1	0	170803	092007.00	108.53908869	34.22502592	53.65	-0.0000	-0.1110	-0.9820	3.75	60	58	1
668	1	1	0	170803	092007.10	108.53907943	34.22502325	53.65	0.0020	-0.0030	-0.9960	3.75	60	58	1
669	1	1	0	170803	092007.20	108.53907018	34.22502060	53.65	-0.0510	-0.0090	-1.0170	4.07	60	58	1
670	1	1	0	170803	092007.30	108.53906097	34.22501795	53.65	0.0230	0.0050	-1.1080	4.07	60	58	1
671	1	1	0	170803	092007.40	108.53905174	34.22501532	53.65	0.0350	-0.0210	-0.9870	4.07	60	58	1
672	1	1	0	170803	092007.50	108.53904250	34.22501271	53.65	-0.0230	-0.0490	-1.0260	4.07	60	58	1
673	1	1	0	170803	092007.60	108.53903331	34.22501008	51.80	-0.0120	0.0260	-1.0250	3.44	60	58	1
674	1	1	0	170803	092007.70	108.53902409	34.22500750	51.80	-0.0070	-0.0560	-0.9280	3.44	60	57	1
675	1	1	0	170803	092007.80	108.53901488	34.22500488	51.80	0.0720	0.0410	-0.9060	3.25	60	58	1
676	1	1	0	170803	092007.90	108.53900569	34.22500230	51.80	-0.0980	-0.0430	-0.9390	3.25	60	58	1
677	1	1	0	170803	092008.00	108.53899643	34.22499977	51.80	-0.0110	-0.0730	-1.0180	3.25	60	58	1
678	1	1	0	170803	092008.10	108.53898725	34.22499719	51.80	0.0150	-0.0190	-1.0680	3.25	60	57	1
679	1	1	0	170803	092008.20	108.53897804	34.22499463	51.80	0.0090	-0.0640	-1.1230	3.67	60	57	1
680	1	1	0	170803	092008.30	108.53896888	34.22499203	51.80	-0.0450	0.0670	-0.9930	3.67	60	58	1
681	1	1	0	170803	092008.40	108.53895969	34.22498941	51.80	-0.0860	-0.1440	-1.0800	4.35	60	58	1
682	1	1	0	170803	092008.50	108.53895052	34.22498682	51.80	0.0660	0.0230	-0.9370	4.35	60	57	1
683	1	1	0	170803	092008.60	108.53894137	34.22498415	51.80	-0.0130	-0.0260	-0.9550	4.35	60	57	1
684	1	1	0	170803	092008.70	108.53893221	34.22498155	51.80	0.0730	-0.0230	-0.9280	4.35	60	58	1
685	1	1	0	170803	092008.80	108.53892307	34.22497890	51.80	0.0960	-0.0110	-1.0560	4.59	60	58	1
686	1	1	0	170803	092008.90	108.53891391	34.22497627	51.80	-0.0920	-0.0110	-1.0250	4.59	60	57	1
687	1	1	0	170803	092009.00	108.53890469	34.22497366	51.80	0.0560	-0.0250	-1.0950	4.59	60	57	1
688	1	1	0	170803	092009.10	108.53889549	34.22497104	51.80	0.0630	-0.0620	-1.1090	3.24	60	58	1
689	1	1	0	170803	092009.20	108.53888623	34.22496842	51.80	0.0290	-0.0840	-1.0160	3.24	60	58	1
690	1	1	0	170803	092009.30	108.53887702	34.22496578	53.65	-0.0090	-0.0890	-0.9490	3.24	60	58	1
691	1	1	0	170803	092009.40	108.53886773	34.22496313	53.65	-0.0400	0.0190	-1.1130	2.79	60	58	1
692	1	1	0	170803	092009.50	108.53885850	34.22496048	53.65	0.0210	0.0260	-1.0620	2.79	60	58	1
693	1	1	0	170803	092009.60	108.53884918	34.22495766	53.65	0.0310	0.0050	-1.1110	2.79	60	58	1
694	1	1	0	170803	092009.70	108.53883994	34.22495499	53.65	0.0170	-0.0790	-0.9640	2.63	60	58	1
695	1	1	0	170803	092009.80	108.53883081	34.22495224	53.65	0.0210	0.0060	-1.0150	2.63	60	58	1
696	1	1	0	170803	092009.90	108.53882157	34.22494960	53.65	0.0230	-0.0230	-1.0430	2.63	60	58	1
697	1	1	0	170803	092010.00	108.53881242	34.22494688	53.65	0.0020	-0.0120	-1.0460	2.45	60	58	1
698	1	1	0	170803	092010.10	108.53880318	34.22494423	53.65	0.0360	-0.0420	-0.9800	2.45	60	58	1
699	1	1	0	170803	092010.20	108.53879400	34.22494153	53.65	-0.0110	-0.0010	-0.8950	2.45	60	58	1
700	1	1	0	170803	092010.30	108.53878478	34.22493890	53.65	-0.0620	0.0290	-0.9740	2.39	60	58	1
701	1	1	0	170803	092010.40	108.53877541	34.22493615	53.65	0.0280	0.0010	-1.0000	2.39	60	58	1
702	1	1	0	170803	092010.50	108.53876623	34.22493353	51.80	-0.0110	0.0770	-1.0850	2.39	60	58	1
703	1	1	0	170803	092010.60	108.53875705	34.22493086	51.80	0.0140	-0.0070	-1.1220	3.86	60	57	1
704	1	1	0	170803	092010.70	108.53874784	34.22492825	51.80	-0.0430	0.0020	-1.0340	3.86	60	58	1
705	1	1	0	170803	092010.80	108.53873862	34.22492558	51.80	-0.0010	-0.0260	-1.0050	3.86	60	58	1
706	1	1	0	170803	092010.90	108.53872941	34.22492298	51.80	-0.0160	-0.0280	-0.8780	4.40	60	58	1
707	1	1	0	170803	092011.00	108.53872022	34.22492032	51.80	-0.0130	-0.1600	-0.9560	4.40	60	58	1
708	1	1	0	170803	092011.10	108.53871103	34.22491769	51.80	0.0510	-0.0600	-0.9630	4.40	60	58	1
709	1	1	0	170803	092011.20	108.53870187	34.22491502	51.80	0.0080	-0.0940	-1.0460	3.74	60	58	1
710	1	1	0	170803	092011.30	108.53869269	34.22491241	51.80	-0.0350	0.0240	-1.1220	3.74	60	58	1
711	1	1	0	170803	092011.40	108.53868354	34.22490977	51.80	0.0030	-0.0410	-1.0290	3.74	60	58	1
712	1	1	0	170803	092011.50	108.53867439	34.22490716	51.80	-0.0250	-0.0440	-1.0680	3.74	60	57	1
713	1	1	0	170803	092011.60	108.53866522	34.22490454	51.80	-0.0250	0.1310	-1.1500	3.38	60	57	1
714	1	1	0	170803	092011.70	108.53865603	34.22490192	51.80	0.0330	-0.1200	-0.9860	3.38	60	58	1
715	1	1	0	170803	092011.80	108.53864683	34.22489928	51.80	0.0140	0.0130	-0.9210	2.75	60	58	1
716	1	1	0	170803	092011.90	108.53863768	34.22489666	51.80	-0.0160	-0.0430	-0.9770	2.75	60	57	1
717	1	1	0	170803	092012.00	108.53862837	34.22489397	51.80	0.0710	0.0340	-1.0700	2.75	60	58	1
718	1	1	0	170803	092012.10	108.53861923	34.22489135	51.80	0.0110	0.0330	-1.0000	2.75	60	58	1
719	1	1	0	170803	092012.20	108.53860995	34.22488868	51.80	0.0430	-0.0740	-1.0550	2.45	60	58	1
720	1	1	0	170803	092012.30	108.53860077	34.22488607	51.80	0.0990	-0.0380	-1.1410	2.45	60	57	1
721	1	1	0	170803	092012.40	108.53859147	34.22488343	51.80	-0.0210	0.0410	-1.0090	2.33	60	58	1
722	1	1	0	170803	092012.50	108.53858225	34.22488080	51.80	0.0380	-0.0050	-0.9150	2.33	60	58	1
723	1	1	0	170803	092012.60	108.53857304	34.22487819	53.65	0.0590	-0.0520	-1.0250	2.33	60	58	1
724	1	1	0	170803	092012.70	108.53856379	34.22487556	53.65	0.0740	0.0380	-1.0820	2.33	60	58	1
725	1	1	0	170803	092012.80	108.53855447	34.22487292	53.65	0.0000	-0.0260	-0.9910	2.41	60	58	1
726	1	1	0	170803	092012.90	108.53854517	34.22487030	53.65	0.0360	-0.0690	-0.9070	2.41	60	59	1
727	1	1	0	170803	092013.00	108.53853575	34.22486759	53.65	-0.0410	0.0020	-0.9800	2.41	60	59	1
728	1	1	0	170803	092013.10	108.53852650	34.22486495	53.65	0.0470	-0.0110	-1.0940	3.70	60	58	1
729	1	1	0	170803	092013.20	108.53851726	34.22486234	53.65	-0.0100	-0.0810	-0.9720	3.70	60	58	1
730	1	1	0	170803	092013.30	108.53850797	34.22485972	53.65	-0.0310	0.1200	-0.8660	3.70	60	58	1
731	1	1	0	170803	092013.40	108.53849874	34.22485710	53.65	0.0210	-0.0260	-0.8840	4.70	60	58	1
732	1	1	0	170803	092013.50	108.53848949	34.22485449	53.65	-0.0050	0.0990	-0.9600	4.70	60	58	1
733	1	1	0	170803	092013.60	108.53848026	34.22485189	53.65	0.0140	0.0510	-0.8510	4.70	60	58	1
734	1	1	0	170803	092013.70	108.53847101	34.22484932	53.65	-0.1370	0.0020	-0.9820	5.02	60	58	1
735	1	1	0	170803	092013.80	108.53846182	34.22484676	53.65	0.0460	-0.0040	-1.0330	5.02	60	58	1
736	1	1	0	170803	092013.90	108.53845261	34.22484418	51.80	-0.0060	-0.0320	-1.1060	5.02	60	58	1
737	1	1	0	170803	092014.00	108.53844344	34.22484162	51.80	-0.0050	0.0350	-0.9740	4.14	60	57	1
738	1	1	0	170803	092014.10	108.53843420	34.22483907	51.80	0.0250	0.0440	-0.9390	4.14	60	58	1
739	1	1	0	170803	092014.20	108.53842498	34.22483652	51.80	0.0310	0.0480	-0.9350	4.14	60	58	1
740	1	1	0	170803	092014.30	108.53841576	34.22483402	51.80	-0.0100	0.0040	-0.9590	3.01	60	58	1
741	1	1	0	170803	092014.40	108.53840657	34.22483150	51.80	-0.0160	0.0200	-1.0450	3.01	60	57	1
742	1	1	0	170803	092014.50	108.53839734	34.22482899	51.80	0.0370	-0.0490	-1.0700	3.01	60	58	1
743	1	1	0	170803	092014.60	108.53838813	34.22482652	51.80	0.0230	0.0010	-0.9050	2.71	60	58	1
744	1	1	0	170803	092014.70	108.53837894	34.22482403	51.80	-0.0280	0.0120	-1.0840	2.71	60	57	1
745	1	1	0	170803	092014.80	108.53836975	34.22482156	51.80	0.0030	-0.0560	-1.0650	2.71	60	57	1
746	1	1	0	170803	092014.90	108.53836053	34.22481911	51.80	-0.0790	0.0820	-0.9880	2.43	60	57	1
747	1	1	0	170803	092015.00	108.53835134	34.22481663	51.80	0.0230	0.0310	-0.9810	2.43	60	57	1
748	1	1	0	170803	092015.10	108.53834217	34.22481414	51.80	0.1520	-0.0240	-0.7610	2.43	60	58	1
749	1	1	0	170803	092015.20	108.53833300	34.22481168	51.80	0.0620	0.0310	-1.0280	2.38	60	57	1
750	1	1	0	170803	092015.30	108.53832380	34.22480918	51.80	-0.0140	0.0620	-1.0840	2.38	60	57	1
751	1	1	0	170803	092015.40	108.53831461	34.22480670	51.80	-0.0100	0.0370	-0.9910	2.38	60	58	1
752	1	1	0	170803	092015.50	108.53830543	34.22480422	51.80	0.0400	0.0030	-0.9710	2.38	60	58	1
753	1	1	0	170803	092015.60	108.53829615	34.22480169	51.80	0.0540	-0.0060	-1.0070	2.92	60	58	1
754	1	1	0	170803	092015.70	108.53828691	34.22479920	51.80	-0.0240	-0.0650	-1.0490	2.92	60	57	1
755	1	1	0	170803	092015.80	108.53827759	34.22479669	51.80	0.0100	0.1260	-1.0170	4.64	60	58	1
756	1	1	0	170803	092015.90	108.53826837	34.22479420	51.80	-0.0230	-0.0220	-1.0180	4.64	60	58	1
757	1	1	0	170803	092016.00	108.53825908	34.22479167	51.80	0.0490	0.0100	-1.0830	4.64	60	58	1
758	1	1	0	170803	092016.10	108.53824981	34.22478919	53.65	0.0340	-0.0120	-1.0590	4.64	60	58	1
759	1	1	0	170803	092016.20	108.53824043	34.22478662	53.65	0.0610	0.0270	-0.9120	3.43	60	58	1
760	1	1	0	170803	092016.30	108.53823116	34.22478413	53.65	0.0210	0.0850	-1.0640	3.43	60	58	1
761	1	1	0	170803	092016.40	108.53822171	34.22478161	53.65	-0.0160	0.0210	-1.0510	3.02	60	58	1
762	1	1	0	170803	092016.50	108.53821241	34.22477912	53.65	-0.0110	0.0330	-1.0590	3.02	60	58	1
763	1	1	0	170803	092016.60	108.53820295	34.22477662	53.65	-0.0890	-0.1300	-0.8690	3.02	60	58	1
764	1	1	0	170803	092016.70	108.53819363	34.22477409	53.65	0.0780	0.0190	-0.9840	3.02	60	58	1
765	1	1	0	170803	092016.80	108.53818420	34.22477160	53.65	-0.0150	-0.0620	-1.0540	2.79	60	58	1
766	1	1	0	170803	092016.90	108.53817492	34.22476905	53.65	-0.0240	-0.0520	-1.0600	2.79	60	58	1
767	1	1	0	170803	092017.00	108.53816554	34.22476653	53.65	0.0060	-0.0080	-0.9610	2.79	60	58	1
768	1	1	0	170803	092017.10	108.53815627	34.22476404	53.65	-0.0510	-0.0070	-1.0010	2.49	60	58	1
769	1	1	0	170803	092017.20	108.53814695	34.22476154	53.65	0.0030	-0.0360	-1.1010	2.49	60	58	1
770	1	1	0	170803	092017.30	108.53813769	34.22475904	53.65	0.0190	0.0030	-1.0370	2.49	60	58	1
771	1	1	0	170803	092017.40	108.53812842	34.22475656	51.80	-0.0200	0.0660	-0.9670	3.20	60	57	1
772	1	1	0	170803	092017.50	108.53811918	34.22475405	51.80	0.0090	-0.0640	-1.0380	3.20	60	58	1
773	1	1	0	170803	092017.60	108.53810992	34.22475156	51.80	0.0190	0.0580	-1.0440	3.20	60	58	1
774	1	1	0	170803	092017.70	108.53810068	34.22474907	51.80	-0.0150	0.0580	-0.9580	4.50	60	57	1
775	1	1	0	170803	092017.80	108.53809140	34.22474661	51.80	-0.0250	0.0140	-0.9980	4.50	60	57	1
776	1	1	0	170803	092017.90	108.53808217	34.22474413	51.80	-0.0350	0.0030	-1.0010	4.50	60	58	1
777	1	1	0	170803	092018.00	108.53807291	34.22474170	51.80	0.0000	0.0010	-1.0450	4.31	60	58	1
778	1	1	0	170803	092018.10	108.53806370	34.22473920	51.80	-0.0160	-0.0180	-1.0180	4.31	60	57	1
779	1	1	0	170803	092018.20	108.53805447	34.22473674	51.80	0.0090	-0.0470	-1.0050	4.31	60	57	1
780	1	1	0	170803	092018.30	108.53804527	34.22473429	51.80	-0.0130	0.0990	-1.0470	3.17	60	57	1
781	1	1	0	170803	092018.40	108.53803603	34.22473181	51.80	0.0290	0.0740	-0.9520	3.17	60	58	1
782	1	1	0	170803	092018.50	108.53802683	34.22472936	51.80	0.0350	-0.0060	-0.9610	3.17	60	58	1
783	1	1	0	170803	092018.60	108.53801756	34.22472683	51.80	0.0220	-0.0330	-0.9830	2.72	60	58	1
784	1	1	0	170803	092018.70	108.53800835	34.22472438	51.80	0.0390	0.0160	-0.9920	2.72	60	58	1
785	1	1	0	170803	092018.80	108.53799907	34.22472189	51.80	0.0570	0.0070	-1.0660	2.72	60	58	1
786	1	1	0	170803	092018.90	108.53798977	34.22471945	51.80	0.0720	0.0170	-1.0310	2.48	60	58	1
787	1	1	0	170803	092019.00	108.53798055	34.22471712	53.65	-0.0030	0.0540	-0.9360	2.48	60	58	1
788	1	1	0	170803	092019.10	108.53797124	34.22471472	53.65	-0.0130	-0.0740	-0.9940	2.48	60	58	1
789	1	1	0	170803	092019.20	108.53796189	34.22471230	53.65	0.0330	-0.0030	-1.1320	2.51	60	58	1
790	1	1	0	170803	092019.30	108.53795256	34.22470986	53.65	0.0290	-0.0120	-1.0860	2.51	60	58	1
791	1	1	0	170803	092019.40	108.53794328	34.22470754	53.65	-0.0510	-0.0330	-0.9540	2.51	60	58	1
792	1	1	0	170803	092019.50	108.53793396	34.22470514	53.65	0.0240	0.0280	-0.9010	2.51	60	58	1
793	1	1	0	170803	092019.60	108.53792468	34.22470278	53.65	-0.0050	0.0080	-1.0240	3.53	60	58	1
794	1	1	0	170803	092019.70	108.53791535	34.22470037	53.65	-0.0160	0.0070	-0.9700	3.53	60	58	1
795	1	1	0	170803	092019.80	108.53790609	34.22469804	53.65	0.0330	-0.0400	-1.0300	4.57	60	58	1
796	1	1	0	170803	092019.90	108.53789678	34.22469563	53.65	-0.0040	0.0470	-0.9990	4.57	60	58	1
797	1	1	0	170803	092020.00	108.53788755	34.22469330	53.65	-0.0230	-0.0120	-1.0190	4.57	60	57	1
798	1	1	0	170803	092020.10	108.53787824	34.22469088	53.65	0.0150	-0.0580	-1.0340	4.57	60	58	1
799	1	1	0	170803	092020.20	108.53786897	34.22468848	53.65	-0.0190	-0.0320	-0.9400	2.85	60	58	1
800	1	1	0	170803	092020.30	108.53785969	34.22468607	53.65	-0.0350	-0.0490	-0.9880	2.85	60	57	1
801	1	1	0	170803	092020.40	108.53785043	34.22468367	51.80	-0.0070	-0.0670	-1.0610	2.85	60	57	1
802	1	1	0	170803	092020.50	108.53784116	34.22468126	51.80	-0.0150	-0.1050	-0.9890	2.29	60	58	1
803	1	1	0	170803	092020.60	108.53783195	34.22467889	51.80	0.0190	-0.0700	-1.0480	2.29	60	58	1
804	1	1	0	170803	092020.70	108.53782270	34.22467648	51.80	-0.0660	-0.0190	-0.9120	2.29	60	57	1
805	1	1	0	170803	092020.80	108.53781348	34.22467409	51.80	-0.0390	-0.0280	-1.0860	2.01	60	57	1
806	1	1	0	170803	092020.90	108.53780422	34.22467169	51.80	-0.0020	-0.0300	-0.9880	2.01	60	58	1
807	1	1	0	170803	092021.00	108.53779501	34.22466930	51.80	0.0360	0.0210	-0.8850	2.01	60	58	1
808	1	1	0	170803	092021.10	108.53778579	34.22466689	51.80	-0.0100	-0.0300	-0.9190	1.90	60	57	1
809	1	1	0	170803	092021.20	108.53777659	34.22466446	51.80	0.0050	0.0190	-1.0020	1.90	60	57	1
810	1	1	0	170803	092021.30	108.53776737	34.22466204	51.80	0.0020	-0.0430	-1.0090	1.90	60	58	1
811	1	1	0	170803	092021.40	108.53775817	34.22465960	51.80	0.0600	-0.0230	-0.9740	1.77	60	58	1
812	1	1	0	170803	092021.50	108.53774892	34.22465718	51.80	0.0700	-0.0360	-1.0160	1.77	60	57	1
813	1	1	0	170803	092021.60	108.53773973	34.22465475	51.80	0.0300	-0.0140	-0.9330	1.77	60	58	1
814	1	1	0	170803	092021.70	108.53773046	34.22465231	51.80	0.0200	-0.0290	-1.0180	1.91	60	58	1
815	1	1	0	170803	092021.80	108.53772121	34.22464990	53.65	0.0410	-0.0760	-0.9800	1.91	60	58	1
816	1	1	0	170803	092021.90	108.53771190	34.22464746	53.65	0.1050	0.0350	-1.1310	1.91	60	58	1
817	1	1	0	170803	092022.00	108.53770261	34.22464505	53.65	0.0620	0.0410	-0.9630	3.50	60	58	1
818	1	1	0	170803	092022.10	108.53769326	34.22464261	53.65	-0.0140	-0.0410	-1.0460	3.50	60	58	1
819	1	1	0	170803	092022.20	108.53768391	34.22464016	53.65	0.0420	-0.0020	-0.9230	3.50	60	59	1
820	1	1	0	170803	092022.30	108.53767452	34.22463774	53.65	0.0670	-0.0420	-1.0060	4.49	60	58	1
821	1	1	0	170803	092022.40	108.53766511	34.22463529	53.65	-0.0290	0.0340	-0.8870	4.49	60	58	1
822	1	1	0	170803	092022.50	108.53765570	34.22463286	53.65	-0.0090	0.0150	-0.9050	4.49	60	58	1
823	1	1	0	170803	092022.60	108.53764629	34.22463040	53.65	0.0550	-0.0080	-0.9000	4.05	60	58	1
824	1	1	0	170803	092022.70	108.53763690	34.22462800	53.65	0.0150	0.0520	-1.0130	4.05	60	58	1
825	1	1	0	170803	092022.80	108.53762752	34.22462557	53.65	0.0130	-0.0500	-0.9870	4.05	60	58	1
826	1	1	0	170803	092022.90	108.53761813	34.22462317	53.65	-0.0300	0.0060	-0.9960	2.77	60	58	1
827	1	1	0	170803	092023.00	108.53760874	34.22462074	53.65	-0.0060	-0.0020	-0.9630	2.77	60	58	1
828	1	1	0	170803	092023.10	108.53759937	34.22461834	53.65	0.0200	-0.0330	-1.0330	2.77	60	58	1
829	1	1	0	170803	092023.20	108.53759000	34.22461592	53.65	-0.0130	-0.0530	-1.0100	2.32	60	58	1
830	1	1	0	170803	092023.30	108.53758063	34.22461354	53.65	0.0160	0.0480	-0.9940	2.32	60	58	1
831	1	1	0	170803	092023.40	108.53757126	34.22461112	53.65	0.0740	0.1200	-0.9810	2.32	60	58	1
832	1	1	0	170803	092023.50	108.53756192	34.22460873	53.65	-0.0220	-0.0170	-0.9950	2.32	60	58	1
833	1	1	0	170803	092023.60	108.53755257	34.22460634	53.65	-0.0240	0.0200	-0.9870	2.05	60	58	1
834	1	1	0	170803	092023.70	108.53754325	34.22460395	53.65	0.0240	0.0390	-1.0330	2.05	60	58	1
835	1	1	0	170803	092023.80	108.53753394	34.22460155	53.65	0.0090	-0.0380	-1.0270	1.81	60	57	1
836	1	1	0	170803	092023.90	108.53752462	34.22459918	53.65	-0.0090	-0.0850	-0.9700	1.81	60	58	1
837	1	1	0	170803	092024.00	108.53751533	34.22459678	51.80	0.0120	-0.0570	-1.0210	1.81	60	58	1
838	1	1	0	170803	092024.10	108.53750601	34.22459441	51.80	0.0030	0.0040	-1.0230	1.81	60	57	1
839	1	1	0	170803	092024.20	108.53749672	34.22459202	51.80	-0.0400	-0.0300	-1.0080	1.74	60	57	1
840	1	1	0	170803	092024.30	108.53748744	34.22458964	51.80	0.0220	0.0520	-1.0040	1.74	60	58	1
841	1	1	0	170803	092024.40	108.53747816	34.22458726	51.80	-0.0170	-0.0500	-0.9600	1.74	60	58	1
842	1	1	0	170803	092024.50	108.53746892	34.22458486	51.80	-0.0440	-0.0100	-0.9630	1.74	60	57	1
843	1	1	0	170803	092024.60	108.53745971	34.22458250	51.80	0.0160	-0.0020	-1.0480	1.74	60	57	1
844	1	1	0	170803	092024.70	108.53745046	34.22458012	51.80	0.0380	-0.0450	-0.9600	1.74	60	58	1
845	1	1	0	170803	092024.80	108.53744124	34.22457773	51.80	-0.0890	0.0790	-1.0210	2.32	60	58	1
846	1	1	0	170803	092024.90	108.53743201	34.22457533	51.80	0.0150	-0.1560	-1.0280	2.32	60	57	1
847	1	1	0	170803	092025.00	108.53742276	34.22457289	51.80	0.0940	0.0270	-0.9600	2.32	60	57	1
848	1	1	0	170803	092025.10	108.53741354	34.22457046	51.80	-0.0520	-0.0080	-0.9830	3.03	60	58	1
849	1	1	0	170803	092025.20	108.53740433	34.22456801	51.80	0.0030	0.0540	-1.0510	3.03	60	58	1
850	1	1	0	170803	092025.30	108.53739509	34.22456557	51.80	0.0540	-0.0230	-1.1120	3.03	60	58	1
851	1	1	0	170803	092025.40	108.53738584	34.22456312	51.80	0.0560	0.0320	-0.9610	4.21	60	58	1
852	1	1	0	170803	092025.50	108.53737658	34.22456065	51.80	-0.0030	-0.0660	-0.9370	4.21	60	58	1
853	1	1	0	170803	092025.60	108.53736730	34.22455819	53.65	0.0380	0.0310	-1.1010	4.21	60	58	1
854	1	1	0	170803	092025.70	108.53735803	34.22455570	53.65	-0.0050	0.0760	-0.9860	4.44	60	58	1
855	1	1	0	170803	092025.80	108.53734873	34.22455321	53.65	-0.0040	-0.0200	-1.0630	4.44	60	58	1
856	1	1	0	170803	092025.90	108.53733941	34.22455075	53.65	-0.0090	0.0200	-1.1010	4.44	60	58	1
857	1	1	0	170803	092026.00	108.53733010	34.22454825	53.65	0.0370	0.0300	-0.9410	2.94	60	58	1
858	1	1	0	170803	092026.10	108.53732080	34.22454578	53.65	-0.0100	0.0610	-0.9540	2.94	60	58	1
859	1	1	0	170803	092026.20	108.53731148	34.22454330	53.65	0.0000	-0.0130	-1.0130	2.94	60	58	1
860	1	1	0	170803	092026.30	108.53730218	34.22454086	53.65	-0.0290	-0.0190	-0.9520	2.26	60	58	1
861	1	1	0	170803	092026.40	108.53729292	34.22453844	53.65	-0.0140	0.0220	-1.0120	2.26	60	58	1
862	1	1	0	170803	092026.50	108.53728363	34.22453602	53.65	0.0280	-0.0780	-1.0010	2.26	60	58	1
863	1	1	0	170803	092026.60	108.53727434	34.22453360	51.80	-0.0250	0.0500	-1.0340	1.97	60	58	1
864	1	1	0	170803	092026.70	108.53726503	34.22453116	53.65	-0.0490	-0.0020	-1.0020	1.97	60	57	1
865	1	1	0	170803	092026.80	108.53725574	34.22452875	53.65	0.0140	-0.0160	-0.9360	1.97	60	58	1
866	1	1	0	170803	092026.90	108.53724650	34.22452633	51.80	-0.0100	-0.0490	-1.0100	1.76	60	58	1
867	1	1	0	170803	092027.00	108.53723728	34.22452394	51.80	0.0150	-0.0040	-1.1080	1.76	60	58	1
868	1	1	0	170803	092027.10	108.53722805	34.22452153	51.80	0.0120	-0.0960	-1.1030	1.76	60	57	1
869	1	1	0	170803	092027.20	108.53721888	34.22451917	51.80	-0.0290	0.0330	-1.0010	1.62	60	56	1
870	1	1	0	170803	092027.30	108.53720963	34.22451678	51.80	0.0320	-0.0340	-1.0510	1.62	60	57	1
871	1	1	0	170803	092027.40	108.53720034	34.22451439	51.80	0.1140	0.0080	-1.0350	1.62	60	58	1
872	1	1	0	170803	092027.50	108.53719104	34.22451196	51.80	-0.1310	-0.0470	-0.8400	1.62	60	57	1
873	1	1	0	170803	092027.60	108.53718173	34.22450952	51.80	0.3040	0.0670	-0.7600	1.61	60	57	1
874	1	1	0	170803	092027.70	108.53717258	34.22450714	51.80	0.3870	0.0640	-1.0690	1.61	60	58	1
875	1	1	0	170803	092027.80	108.53716342	34.22450475	51.80	0.1550	-0.0220	-1.2400	1.86	60	58	1
876	1	1	0	170803	092027.90	108.53715416	34.22450234	51.80	0.0640	-0.0080	-1.1120	1.86	60	57	1
877	1	1	0	170803	092028.00	108.53714488	34.22449989	51.80	0.0210	-0.0040	-0.9060	1.86	60	58	1
878	1	1	0	170803	092028.10	108.53713556	34.22449747	51.80	0.0480	0.0220	-0.9060	1.86	60	58	1
879	1	1	0	170803	092028.20	108.53712619	34.22449502	53.65	0.0730	-0.0200	-0.9940	3.18	60	58	1
880	1	1	0	170803	092028.30	108.53711686	34.22449264	53.65	0.0060	0.0370	-1.0760	3.18	60	58	1
881	1	1	0	170803	092028.40	108.53710748	34.22449025	53.65	0.0470	0.0360	-0.9550	4.45	60	58	1
882	1	1	0	170803	092028.50	108.53709811	34.22448786	53.65	0.0390	0.0160	-1.0690	4.45	60	58	1
883	1	1	0	170803	092028.60	108.53708873	34.22448552	53.65	0.0430	-0.0060	-0.9990	4.45	60	59	1
884	1	1	0	170803	092028.70	108.53707932	34.22448315	53.65	0.0280	-0.0010	-0.9560	4.45	60	58	1
885	1	1	0	170803	092028.80	108.53706989	34.22448081	53.65	0.0470	0.0740	-1.0880	4.36	60	58	1
886	1	1	0	170803	092028.90	108.53706049	34.22447846	53.65	0.0450	0.0450	-1.0060	4.36	60	58	1
887	1	1	0	170803	092029.00	108.53705106	34.22447612	53.65	-0.0560	-0.0100	-0.9260	4.36	60	58	1
888	1	1	0	170803	092029.10	108.53704166	34.22447379	53.65	0.0320	-0.0160	-0.9870	2.91	60	58	1
889	1	1	0	170803	092029.20	108.53703226	34.22447151	53.65	0.0560	-0.0140	-0.9940	2.91	60	58	1
890	1	1	0	170803	092029.30	108.53702288	34.22446920	53.65	-0.0060	0.0110	-1.0920	2.91	60	58	1
891	1	1	0	170803	092029.40	108.53701354	34.22446693	53.65	0.0160	0.0570	-0.9950	2.49	60	58	1
892	1	1	0	170803	092029.50	108.53700417	34.22446463	53.65	0.0210	0.0070	-1.0090	2.49	60	58	1
893	1	1	0	170803	092029.60	108.53699483	34.22446236	53.65	-0.0870	0.0440	-0.9060	2.49	60	58	1
894	1	1	0	170803	092029.70	108.53698551	34.22446010	51.80	-0.0570	-0.0410	-0.9410	2.40	60	58	1
895	1	1	0	170803	092029.80	108.53697615	34.22445779	51.80	-0.0350	0.0350	-1.0930	2.40	60	58	1
896	1	1	0	170803	092029.90	108.53696681	34.22445550	51.80	0.0900	-0.0020	-1.0540	2.40	60	58	1
897	1	1	0	170803	092030.00	108.53695754	34.22445321	51.80	0.0070	0.0100	-0.9520	2.25	60	58	1
898	1	1	0	170803	092030.10	108.53694821	34.22445095	51.80	0.0280	0.0090	-1.0080	2.25	60	57	1
899	1	1	0	170803	092030.20	108.53693904	34.22444874	51.80	-0.0410	0.0400	-0.9930	2.25	60	57	1
900	1	1	0	170803	092030.30	108.53692976	34.22444651	51.80	-0.0000	0.0200	-1.0830	2.26	60	58	1
901	1	1	0	170803	092030.40	108.53692055	34.22444439	51.80	0.0340	0.0150	-1.1250	2.26	60	57	1
902	1	1	0	170803	092030.50	108.53691120	34.22444221	51.80	-0.0490	0.0510	-1.0160	2.26	60	57	1
903	1	1	0	170803	092030.60	108.53690195	34.22444016	51.80	0.0440	0.0430	-1.0430	2.15	60	57	1
904	1	1	0	170803	092030.70	108.53689265	34.22443799	51.80	0.0540	-0.0360	-0.8790	2.15	60	58	1
905	1	1	0	170803	092030.80	108.53688328	34.22443586	51.80	-0.0150	0.0320	-0.9580	2.15	60	58	1
906	1	1	0	170803	092030.90	108.53687394	34.22443372	51.80	0.0230	0.0180	-1.0000	2.29	60	57	1
907	1	1	0	170803	092031.00	108.53686447	34.22443152	51.80	0.0540	0.0070	-1.0140	2.29	60	58	1
908	1	1	0	170803	092031.10	108.53685509	34.22442937	51.80	-0.0150	0.0320	-0.8950	2.29	60	58	1
909	1	1	0	170803	092031.20	108.53684565	34.22442715	53.65	0.0890	-0.0340	-1.0360	3.09	60	58	1
910	1	1	0	170803	092031.30	108.53683625	34.22442499	53.65	0.0020	0.0190	-1.0640	3.09	60	58	1
911	1	1	0	170803	092031.40	108.53682683	34.22442286	53.65	0.0030	0.0000	-0.9810	3.09	60	58	1
912	1	1	0	170803	092031.50	108.53681741	34.22442070	53.65	0.0420	0.0410	-0.9250	3.09	60	58	1
913	1	1	0	170803	092031.60	108.53680808	34.22441851	53.65	0.0660	-0.0520	-0.9580	3.81	60	58	1
914	1	1	0	170803	092031.70	108.53679864	34.22441636	53.65	-0.0360	0.0540	-1.0610	3.81	60	58	1
915	1	1	0	170803	092031.80	108.53678928	34.22441426	53.65	-0.0010	-0.0030	-1.0040	3.81	60	58	1
916	1	1	0	170803	092031.90	108.53677984	34.22441210	53.65	0.0360	-0.0020	-1.1300	3.61	60	58	1
917	1	1	0	170803	092032.00	108.53677045	34.22440995	53.65	0.0290	0.0230	-0.9610	3.61	60	58	1
918	1	1	0	170803	092032.10	108.53676107	34.22440782	53.65	-0.0540	0.0280	-0.9070	3.61	60	58	1
919	1	1	0	170803	092032.20	108.53675164	34.22440571	53.65	0.0580	0.0040	-1.0370	3.05	60	57	1
920	1	1	0	170803	092032.30	108.53674222	34.22440357	53.65	0.0070	0.0140	-1.0800	3.05	60	58	1
921	1	1	0	170803	092032.40	108.53673280	34.22440135	53.65	-0.0380	0.0180	-0.9450	2.57	60	58	1
922	1	1	0	170803	092032.50	108.53672342	34.22439919	51.80	0.0310	0.0470	-1.0160	2.57	60	58	1
923	1	1	0	170803	092032.60	108.53671397	34.22439699	51.80	-0.0140	0.0090	-0.9660	2.57	60	57	1
924	1	1	0	170803	092032.70	108.53670462	34.22439485	51.80	0.0010	-0.0020	-0.9830	2.57	60	58	1
925	1	1	0	170803	092032.80	108.53669520	34.22439269	51.80	-0.0300	0.0350	-1.0450	2.38	60	58	1
926	1	1	0	170803	092032.90	108.53668584	34.22439055	51.80	0.0060	0.0620	-0.9090	2.38	60	58	1
927	1	1	0	170803	092033.00	108.53667647	34.22438841	51.80	0.0430	-0.0250	-0.9930	2.38	60	57	1
928	1	1	0	170803	092033.10	108.53666715	34.22438627	51.80	0.0330	0.0230	-1.0280	2.32	60	57	1
929	1	1	0	170803	092033.20	108.53665776	34.22438412	51.80	0.0200	0.0170	-0.9470	2.32	60	58	1
930	1	1	0	170803	092033.30	108.53664843	34.22438199	51.80	-0.0270	0.0080	-0.9190	2.32	60	57	1
931	1	1	0	170803	092033.40	108.53663905	34.22437987	51.80	0.0780	0.0310	-1.0470	2.24	60	57	1
932	1	1	0	170803	092033.50	108.53662969	34.22437775	51.80	0.0100	-0.0460	-1.0970	2.24	60	57	1
933	1	1	0	170803	092033.60	108.53662028	34.22437564	51.80	0.0210	0.0010	-0.8990	2.24	60	58	1
934	1	1	0	170803	092033.70	108.53661094	34.22437352	51.80	0.0360	0.0420	-0.9810	2.18	60	58	1
935	1	1	0	170803	092033.80	108.53660152	34.22437142	51.80	0.0470	-0.0780	-1.0650	2.18	60	58	1
936	1	1	0	170803	092033.90	108.53659214	34.22436927	51.80	0.0000	0.0490	-1.0020	2.18	60	58	1
937	1	1	0	170803	092034.00	108.53658273	34.22436710	53.65	0.0810	-0.0040	-1.0210	2.18	60	58	1
938	1	1	0	170803	092034.10	108.53657331	34.22436493	53.65	-0.0100	-0.0210	-1.0580	2.18	60	58	1
939	1	1	0	170803	092034.20	108.53656387	34.22436273	53.65	0.0180	0.0120	-0.9710	2.18	60	58	1
940	1	1	0	170803	092034.30	108.53655449	34.22436055	53.65	0.0630	-0.0030	-1.0190	2.26	60	58	1
941	1	1	0	170803	092034.40	108.53654502	34.22435836	53.65	0.0290	-0.0280	-0.9860	2.26	60	58	1
942	1	1	0	170803	092034.50	108.53653562	34.22435617	53.65	-0.0390	-0.0090	-1.0220	2.26	60	58	1
943	1	1	0	170803	092034.60	108.53652621	34.22435397	53.65	0.0760	-0.1070	-1.0830	3.07	60	58	1
944	1	1	0	170803	092034.70	108.53651681	34.22435176	53.65	-0.0130	-0.0310	-1.0150	3.07	60	58	1
945	1	1	0	170803	092034.80	108.53650739	34.22434958	53.65	-0.0010	-0.0640	-0.9250	3.07	60	57	1
946	1	1	0	170803	092034.90	108.53649800	34.22434737	53.65	0.0640	0.0410	-1.0700	4.61	60	58	1
947	1	1	0	170803	092035.00	108.53648858	34.22434518	53.65	-0.0160	-0.0180	-1.0480	4.61	60	58	1
948	1	1	0	170803	092035.10	108.53647921	34.22434298	53.65	0.0230	0.0050	-1.0080	4.61	60	57	1
949	1	1	0	170803	092035.20	108.53646986	34.22434075	53.65	-0.0520	-0.0200	-1.0170	4.26	60	57	1
950	1	1	0	170803	092035.30	108.53646050	34.22433853	51.80	0.0380	-0.0090	-1.0910	4.26	60	58	1
951	1	1	0	170803	092035.40	108.53645117	34.22433630	51.80	0.0610	-0.0560	-1.0360	4.26	60	58	1
952	1	1	0	170803	092035.50	108.53644185	34.22433410	51.80	-0.0300	0.0510	-0.9800	4.26	60	57	1
953	1	1	0	170803	092035.60	108.53643254	34.22433186	51.80	-0.0220	-0.0140	-1.0470	4.26	60	57	1
954	1	1	0	170803	092035.70	108.53642323	34.22432963	51.80	-0.0080	-0.0360	-0.9670	4.26	60	58	1
955	1	1	0	170803	092035.80	108.53641391	34.22432740	51.80	-0.0140	-0.0250	-1.0460	2.69	60	58	1
956	1	1	0	170803	092035.90	108.53640459	34.22432516	51.80	0.0160	-0.0890	-0.9030	2.69	60	57	1
957	1	1	0	170803	092036.00	108.53639534	34.22432302	51.80	-0.0050	-0.0540	-1.0000	2.69	60	57	1
958	1	1	0	170803	092036.10	108.53638606	34.22432079	51.80	0.0760	0.0300	-1.0350	2.69	60	58	1
959	1	1	0	170803	092036.20	108.53637666	34.22431843	51.80	-0.0190	0.0020	-1.0540	2.43	60	58	1
960	1	1	0	170803	092036.30	108.53636736	34.22431618	51.80	0.0320	-0.0640	-0.9850	2.43	60	57	1
961	1	1	0	170803	092036.40	108.53635798	34.22431382	51.80	-0.0050	0.0630	-1.0020	2.33	60	57	1
962	1	1	0	170803	092036.50	108.53634869	34.22431158	51.80	0.0190	-0.0980	-1.0700	2.33	60	58	1
963	1	1	0	170803	092036.60	108.53633934	34.22430928	51.80	-0.0480	0.0720	-1.0450	2.33	60	58	1
964	1	1	0	170803	092036.70	108.53633002	34.22430704	51.80	-0.0800	0.0630	-0.7590	2.33	60	58	1
965	1	1	0	170803	092036.80	108.53632077	34.22430489	51.80	0.0550	0.0030	-1.0640	2.24	60	58	1
966	1	1	0	170803	092036.90	108.53631141	34.22430264	53.65	0.0340	-0.0070	-0.9660	2.24	60	58	1
967	1	1	0	170803	092037.00	108.53630210	34.22430043	53.65	-0.0610	0.0460	-1.0220	2.24	60	58	1
968	1	1	0	170803	092037.10	108.53629279	34.22429817	51.80	0.0180	-0.1350	-1.0580	2.16	60	58	1
969	1	1	0	170803	092037.20	108.53628347	34.22429591	51.80	0.0020	-0.0360	-0.9860	2.16	60	58	1
970	1	1	0	170803	092037.30	108.53627412	34.22429364	53.65	0.0600	-0.0420	-1.0230	2.16	60	58	1
971	1	1	0	170803	092037.40	108.53626482	34.22429139	53.65	-0.0100	0.0290	-0.9930	2.22	60	58	1
972	1	1	0	170803	092037.50	108.53625546	34.22428913	53.65	-0.0140	0.0750	-0.9850	2.22	60	58	1
973	1	1	0	170803	092037.60	108.53624610	34.22428685	53.65	0.0930	0.0130	-1.0120	2.22	60	58	1
974	1	1	0	170803	092037.70	108.53623670	34.22428457	53.65	0.0180	-0.0160	-1.1150	3.43	60	58	1
975	1	1	0	170803	092037.80	108.53622729	34.22428231	53.65	-0.0200	-0.0190	-0.9530	3.43	60	58	1
976	1	1	0	170803	092037.90	108.53621788	34.22428003	53.65	0.0100	0.0020	-1.0030	3.43	60	58	1
977	1	1	0	170803	092038.00	108.53620846	34.22427773	53.65	0.0210	-0.0510	-1.0850	3.94	60	58	1
978	1	1	0	170803	092038.10	108.53619908	34.22427544	53.65	0.0050	-0.0770	-1.0890	3.94	60	58	1
979	1	1	0	170803	092038.20	108.53618972	34.22427316	53.65	0.0150	-0.0270	-1.0270	3.94	60	58	1
980	1	1	0	170803	092038.30	108.53618034	34.22427088	53.65	-0.0200	0.0370	-1.0710	3.49	60	58	1
981	1	1	0	170803	092038.40	108.53617101	34.22426863	53.65	0.0220	-0.1540	-0.8910	3.49	60	58	1
982	1	1	0	170803	092038.50	108.53616166	34.22426635	53.65	-0.0260	0.0070	-1.0560	3.49	60	57	1
983	1	1	0	170803	092038.60	108.53615231	34.22426405	53.65	-0.0400	-0.0290	-0.8400	3.61	60	58	1
984	1	1	0	170803	092038.70	108.53614301	34.22426179	51.80	0.0020	-0.0290	-0.9650	3.61	60	58	1
985	1	1	0	170803	092038.80	108.53613374	34.22425955	51.80	-0.0330	0.0440	-1.1010	3.61	60	58	1
986	1	1	0	170803	092038.90	108.53612440	34.22425730	51.80	0.0640	-0.0630	-1.1070	4.66	60	57	1
987	1	1	0	170803	092039.00	108.53611510	34.22425505	51.80	-0.0530	-0.0950	-0.9940	4.66	60	57	1
988	1	1	0	170803	092039.10	108.53610581	34.22425279	51.80	-0.0720	-0.0710	-1.0000	4.66	60	58	1
989	1	1	0	170803	092039.20	108.53609651	34.22425050	51.80	0.0210	-0.0540	-1.0030	3.05	60	58	1
990	1	1	0	170803	092039.30	108.53608723	34.22424824	51.80	0.0280	0.0140	-1.1090	3.05	60	57	1
991	1	1	0	170803	092039.40	108.53607798	34.22424598	51.80	0.0810	-0.0300	-0.9520	3.05	60	57	1
992	1	1	0	170803	092039.50	108.53606871	34.22424373	51.80	-0.0180	0.0290	-1.1040	3.05	60	58	1
993	1	1	0	170803	092039.60	108.53605945	34.22424149	51.80	0.0540	0.0090	-0.9720	2.68	60	58	1
994	1	1	0	170803	092039.70	108.53605014	34.22423923	51.80	0.0250	0.0290	-1.0430	2.68	60	57	1
995	1	1	0	170803	092039.80	108.53604082	34.22423695	51.80	-0.0120	-0.0170	-0.9960	2.49	60	57	1
996	1	1	0	170803	092039.90	108.53603152	34.22423470	51.80	0.0120	0.0010	-0.9380	2.49	60	58	1
997	1	1	0	170803	092040.00	108.53602220	34.22423241	51.80	-0.0190	-0.0570	-1.0460	2.49	60	58	1
998	1	1	0	170803	092040.10	108.53601289	34.22423012	51.80	0.0220	-0.0110	-1.0130	2.49	60	58	1
999	1	1	0	170803	092040.20	108.53600356	34.22422781	51.80	0.0420	-0.0300	-1.0290	2.36	60	58	1
1000	1	1	0	170803	092040.30	108.53599425	34.22422552	51.80	-0.0290	0.0170	-1.0750	2.36	60	58	1
1001	1	1	0	170803	092040.40	108.53598493	34.22422320	51.80	0.0210	-0.0140	-1.0630	2.28	60	58	1
1002	1	1	0	170803	092040.50	108.53597562	34.22422089	51.80	0.0310	-0.0350	-1.0890	2.28	60	58	1
1003	1	1	0	170803	092040.60	108.53596631	34.22421859	51.80	-0.0450	-0.1170	-1.0400	2.28	60	57	1
1004	1	1	0	170803	092040.70	108.53595693	34.22421626	53.65	0.0040	0.0000	-0.9740	2.28	60	58	1
1005	1	1	0	170803	092040.80	108.53594756	34.22421394	53.65	-0.0460	-0.0750	-0.7620	2.60	60	58	1
1006	1	1	0	170803	092040.90	108.53593824	34.22421159	53.65	0.0850	-0.1030	-0.9490	2.60	60	58	1
1007	1	1	0	170803	092041.00	108.53592892	34.22420924	53.65	0.0830	-0.0210	-1.0050	2.60	60	58	1
1008	1	1	0	170803	092041.10	108.53591960	34.22420687	53.65	0.0350	-0.0760	-1.1280	4.01	60	58	1
1009	1	1	0	170803	092041.20	108.53591035	34.22420449	53.65	-0.0630	0.0240	-0.9710	4.01	60	58	1
1010	1	1	0	170803	092041.30	108.53590105	34.22420211	51.80	-0.0020	-0.0050	-1.0430	4.01	60	58	1
1011	1	1	0	170803	092041.40	108.53589177	34.22419972	53.65	0.0540	-0.0180	-1.0530	4.74	60	58	1
1012	1	1	0	170803	092041.50	108.53588246	34.22419734	53.65	-0.0990	-0.0300	-0.9400	4.74	60	58	1
1013	1	1	0	170803	092041.60	108.53587319	34.22419496	53.65	-0.0500	-0.0110	-1.0400	4.74	60	58	1
1014	1	1	0	170803	092041.70	108.53586392	34.22419257	51.80	0.0590	0.0490	-0.9680	3.70	60	58	1
1015	1	1	0	170803	092041.80	108.53585468	34.22419017	51.80	0.0520	-0.0670	-0.9980	3.70	60	58	1
1016	1	1	0	170803	092041.90	108.53584540	34.22418778	51.80	0.0030	0.0150	-1.0230	3.70	60	57	1
1017	1	1	0	170803	092042.00	108.53583616	34.22418538	51.80	-0.0100	0.0130	-1.0170	3.14	60	57	1
1018	1	1	0	170803	092042.10	108.53582692	34.22418301	51.80	0.0460	0.0410	-0.8310	3.14	60	58	1
1019	1	1	0	170803	092042.20	108.53581768	34.22418061	51.80	0.0180	-0.0850	-1.0430	3.14	60	57	1
1020	1	1	0	170803	092042.30	108.53580845	34.22417821	51.80	0.0570	-0.0370	-1.0240	2.67	60	57	1