19292	1	1	0	170801	102834.80	108.53985972	34.22528572	25.90	0.0110	0.0190	-1.0640	3.46	30	29	1
19293	1	1	0	170801	102834.90	108.53985521	34.22528396	25.90	0.0240	-0.0220	-0.9790	3.46	30	29	1
19294	1	1	0	170801	102835.00	108.53985068	34.22528219	25.90	0.0150	-0.0430	-0.9690	3.19	30	29	1
19295	1	1	0	170801	102835.10	108.53984614	34.22528044	25.90	-0.0020	-0.0880	-0.9930	3.19	30	29	1
19296	1	1	0	170801	102835.20	108.53984160	34.22527868	25.90	0.0020	-0.0330	-1.0240	3.19	30	29	1
19297	1	1	0	170801	102835.30	108.53983708	34.22527692	25.90	-0.0110	0.0150	-1.0360	2.53	30	29	1
19298	1	1	0	170801	102835.40	108.53983256	34.22527517	25.90	0.0050	-0.0450	-0.9510	2.53	30	29	1
19299	1	1	0	170801	102835.50	108.53982804	34.22527343	25.90	-0.0100	-0.0060	-0.9690	2.53	30	29	1
19300	1	1	0	170801	102835.60	108.53982355	34.22527170	25.90	-0.0060	-0.0040	-1.0040	2.53	30	29	1
19301	1	1	0	170801	102835.70	108.53981904	34.22526996	25.90	0.0020	-0.0350	-1.0340	2.27	30	29	1
19302	1	1	0	170801	102835.80	108.53981456	34.22526824	25.90	-0.0380	0.0230	-0.9950	2.27	30	29	1
19303	1	1	0	170801	102835.90	108.53981005	34.22526651	25.90	-0.0270	-0.0820	-1.0400	2.27	30	29	1
19304	1	1	0	170801	102836.00	108.53980556	34.22526478	25.90	0.0000	-0.0230	-0.9580	2.14	30	29	1
19305	1	1	0	170801	102836.10	108.53980109	34.22526305	25.90	0.0130	-0.0660	-0.9290	2.14	30	29	1
19306	1	1	0	170801	102836.20	108.53979664	34.22526134	25.90	0.0060	-0.0500	-1.0100	2.14	30	29	1
19307	1	1	0	170801	102836.30	108.53979219	34.22525966	25.90	-0.0370	-0.0580	-1.0410	2.02	30	29	1
19308	1	1	0	170801	102836.40	108.53978778	34.22525797	25.90	-0.0330	-0.0600	-1.0630	2.02	30	29	1
19309	1	1	0	170801	102836.50	108.53978336	34.22525628	25.90	-0.0260	0.0200	-1.0150	2.02	30	29	1
19310	1	1	0	170801	102836.60	108.53977896	34.22525459	25.90	0.0070	-0.0580	-0.9760	1.88	30	29	1
19311	1	1	0	170801	102836.70	108.53977454	34.22525292	25.90	-0.0280	-0.0400	-0.9290	1.88	30	28	1
19312	1	1	0	170801	102836.80	108.53977016	34.22525125	25.90	-0.0110	-0.0430	-1.0320	1.88	30	29	1
19313	1	1	0	170801	102836.90	108.53976575	34.22524959	25.90	0.0370	-0.0420	-0.9850	1.87	30	29	1
19314	1	1	0	170801	102837.00	108.53976137	34.22524793	25.90	0.0480	-0.0450	-0.9520	1.87	30	29	1
19315	1	1	0	170801	102837.10	108.53975695	34.22524626	25.90	0.0320	-0.0650	-1.0120	1.87	30	29	1
19316	1	1	0	170801	102837.20	108.53975253	34.22524458	25.90	0.0550	-0.0220	-1.0240	2.58	30	29	1
19317	1	1	0	170801	102837.30	108.53974806	34.22524291	25.90	0.0630	-0.0010	-0.9900	2.58	30	29	1
19318	1	1	0	170801	102837.40	108.53974357	34.22524122	25.90	0.0150	-0.0620	-0.9400	2.58	30	29	1
19319	1	1	0	170801	102837.50	108.53973905	34.22523951	25.90	0.0880	-0.0750	-0.9920	3.41	30	29	1
19320	1	1	0	170801	102837.60	108.53973451	34.22523779	25.90	0.0410	-0.0480	-0.9720	3.41	30	29	1
19321	1	1	0	170801	102837.70	108.53972997	34.22523609	25.90	0.0600	0.0170	-1.0030	3.41	30	29	1
19322	1	1	0	170801	102837.80	108.53972540	34.22523437	25.90	-0.0280	-0.0830	-0.9700	3.17	30	29	1
19323	1	1	0	170801	102837.90	108.53972086	34.22523266	25.90	-0.0300	-0.0810	-1.0660	3.17	30	29	1
19324	1	1	0	170801	102838.00	108.53971632	34.22523095	25.90	0.0010	-0.0080	-0.9840	3.17	30	29	1
19325	1	1	0	170801	102838.10	108.53971175	34.22522926	25.90	-0.0260	0.0120	-1.0040	2.58	30	29	1
19326	1	1	0	170801	102838.20	108.53970722	34.22522757	25.90	-0.0080	-0.0540	-0.9920	2.58	30	29	1
19327	1	1	0	170801	102838.30	108.53970267	34.22522587	25.90	-0.0020	-0.0080	-1.0370	2.58	30	29	1
19328	1	1	0	170801	102838.40	108.53969818	34.22522416	25.90	-0.0060	-0.0100	-0.9960	2.25	30	29	1
19329	1	1	0	170801	102838.50	108.53969364	34.22522248	25.90	-0.0100	-0.0420	-1.0420	2.25	30	29	1
19330	1	1	0	170801	102838.60	108.53968913	34.22522075	25.90	0.0750	-0.1190	-0.9160	2.25	30	29	1
19331	1	1	0	170801	102838.70	108.53968459	34.22521907	25.90	0.0270	-0.0300	-0.9580	2.12	30	29	1
19332	1	1	0	170801	102838.80	108.53968007	34.22521734	25.90	0.0540	-0.0560	-0.9640	2.12	30	29	1
19333	1	1	0	170801	102838.90	108.53967556	34.22521565	25.90	0.0210	-0.0370	-1.0400	2.12	30	29	1
19334	1	1	0	170801	102839.00	108.53967104	34.22521393	25.90	-0.0220	-0.0620	-1.0300	1.90	30	29	1
19335	1	1	0	170801	102839.10	108.53966652	34.22521221	25.90	-0.0380	-0.0500	-0.9980	1.90	30	29	1
19336	1	1	0	170801	102839.20	108.53966203	34.22521048	25.90	-0.0520	-0.0230	-1.0770	1.90	30	29	1
19337	1	1	0	170801	102839.30	108.53965752	34.22520880	25.90	-0.0200	-0.0450	-0.9220	1.69	30	29	1
19338	1	1	0	170801	102839.40	108.53965304	34.22520711	25.90	-0.0310	-0.0380	-0.9860	1.69	30	29	1
19339	1	1	0	170801	102839.50	108.53964858	34.22520540	25.90	0.0070	-0.0020	-0.9850	1.69	30	29	1
19340	1	1	0	170801	102839.60	108.53964412	34.22520375	25.90	0.0170	-0.0430	-1.0040	1.69	30	29	1
19341	1	1	0	170801	102839.70	108.53963965	34.22520208	25.90	-0.0200	-0.0230	-1.0300	1.63	30	29	1
19342	1	1	0	170801	102839.80	108.53963500	34.22520039	25.90	0.0220	-0.0470	-1.0180	1.63	30	29	1
19343	1	1	0	170801	102839.90	108.53963053	34.22519871	25.90	-0.0060	-0.0120	-0.9770	1.63	30	29	1
19344	1	1	0	170801	102840.00	108.53962593	34.22519706	25.90	-0.0090	-0.0150	-0.9970	1.66	30	29	1
19345	1	1	0	170801	102840.10	108.53962148	34.22519542	25.90	0.0380	-0.0420	-0.9760	1.66	30	29	1
19346	1	1	0	170801	102840.20	108.53961709	34.22519381	25.90	-0.0570	-0.0530	-1.0430	1.66	30	29	1
19347	1	1	0	170801	102840.30	108.53961265	34.22519217	25.90	-0.0160	-0.0200	-1.0050	1.59	30	29	1
19348	1	1	0	170801	102840.40	108.53960825	34.22519058	25.90	-0.0160	-0.0200	-1.0050	1.59	30	29	1
19349	1	1	0	170801	102840.50	108.53960382	34.22518895	25.90	-0.0070	-0.0630	-0.9870	1.59	30	29	1
19350	1	1	0	170801	102840.60	108.53959921	34.22518732	25.90	0.0050	-0.0360	-0.9990	1.51	30	29	1
19351	1	1	0	170801	102840.70	108.53959476	34.22518570	25.90	0.0080	-0.0310	-1.0410	1.51	30	29	1
19352	1	1	0	170801	102840.80	108.53959012	34.22518406	25.90	-0.0010	-0.0450	-0.9870	1.51	30	28	1
19353	1	1	0	170801	102840.90	108.53958567	34.22518245	25.90	0.0050	-0.0010	-1.0170	1.60	30	29	1
19354	1	1	0	170801	102841.00	108.53958105	34.22518083	25.90	-0.0210	-0.0110	-1.0140	1.60	30	29	1
19355	1	1	0	170801	102841.10	108.53957661	34.22517924	25.90	-0.0020	-0.0450	-1.0010	1.60	30	29	1
19356	1	1	0	170801	102841.20	108.53957207	34.22517765	25.90	0.0170	-0.0460	-0.9890	1.51	30	29	1
19357	1	1	0	170801	102841.30	108.53956756	34.22517604	25.90	0.0230	-0.0170	-0.9890	1.51	30	29	1
19358	1	1	0	170801	102841.40	108.53956307	34.22517447	25.90	0.0810	-0.0390	-0.9990	1.51	30	29	1
19359	1	1	0	170801	102841.50	108.53955853	34.22517287	25.90	0.0510	-0.0240	-0.9750	2.58	30	29	1
19360	1	1	0	170801	102841.60	108.53955399	34.22517129	25.90	0.0560	-0.0350	-0.9760	2.58	30	29	1
19361	1	1	0	170801	102841.70	108.53954941	34.22516969	25.90	0.0380	-0.0440	-1.0460	2.58	30	29	1
19362	1	1	0	170801	102841.80	108.53954500	34.22516818	25.90	0.0110	-0.0340	-1.0430	2.87	30	29	1
19363	1	1	0	170801	102841.90	108.53954039	34.22516657	25.90	0.0210	-0.0730	-1.0190	2.87	30	29	1
19364	1	1	0	170801	102842.00	108.53953595	34.22516505	27.75	-0.0200	-0.0190	-0.9800	2.87	30	29	1
19365	1	1	0	170801	102842.10	108.53953135	34.22516345	25.90	-0.0030	0.0110	-1.0140	2.20	30	29	1
19366	1	1	0	170801	102842.20	108.53952688	34.22516195	25.90	-0.0300	-0.0340	-0.9930	2.20	30	29	1
19367	1	1	0	170801	102842.30	108.53952226	34.22516035	25.90	-0.0290	-0.0720	-1.0270	2.20	30	29	1
19368	1	1	0	170801	102842.40	108.53951755	34.22515898	25.90	-0.0100	-0.0020	-1.0470	1.85	30	29	1
19369	1	1	0	170801	102842.50	108.53951293	34.22515743	25.90	-0.0050	-0.0020	-0.9520	1.85	30	29	1
19370	1	1	0	170801	102842.60	108.53950870	34.22515612	25.90	0.0220	-0.0510	-0.9800	1.85	30	29	1
19371	1	1	0	170801	102842.70	108.53950406	34.22515454	25.90	0.0140	-0.0420	-0.9990	1.64	30	29	1
19372	1	1	0	170801	102842.80	108.53949957	34.22515330	25.90	-0.0190	0.0090	-0.9690	1.64	30	29	1
19373	1	1	0	170801	102842.90	108.53949498	34.22515172	25.90	0.0490	-0.0490	-1.0390	1.64	30	29	1
19374	1	1	0	170801	102843.00	108.53949057	34.22515047	25.90	0.0320	-0.0260	-0.9530	1.56	30	29	1
19375	1	1	0	170801	102843.10	108.53948595	34.22514892	25.90	-0.0030	-0.0460	-0.9950	1.56	30	29	1
19376	1	1	0	170801	102843.20	108.53948154	34.22514758	25.90	-0.0040	-0.0300	-0.9990	1.56	30	29	1
19377	1	1	0	170801	102843.30	108.53947696	34.22514600	25.90	0.0080	-0.0410	-0.9390	1.52	30	29	1
19378	1	1	0	170801	102843.40	108.53947256	34.22514459	25.90	0.0000	-0.0290	-1.0380	1.52	30	29	1
19379	1	1	0	170801	102843.50	108.53946799	34.22514306	25.90	-0.0060	-0.0370	-0.9730	1.52	30	29	1
19380	1	1	0	170801	102843.60	108.53946352	34.22514165	25.90	0.0030	-0.0740	-1.0120	1.52	30	29	1
19381	1	1	0	170801	102843.70	108.53945892	34.22514008	25.90	0.0090	-0.0310	-1.0740	1.54	30	29	1
19382	1	1	0	170801	102843.80	108.53945445	34.22513876	25.90	-0.0070	-0.0300	-0.9290	1.54	30	29	1
19383	1	1	0	170801	102843.90	108.53944989	34.22513726	25.90	-0.0280	0.0270	-1.0280	1.54	30	29	1
19384	1	1	0	170801	102844.00	108.53944534	34.22513587	25.90	-0.0660	-0.0310	-1.0120	1.51	30	29	1
19385	1	1	0	170801	102844.10	108.53944082	34.22513439	25.90	-0.0880	-0.0700	-1.0040	1.51	30	29	1
19386	1	1	0	170801	102844.20	108.53943624	34.22513284	25.90	-0.0270	-0.0430	-1.0050	1.51	30	29	1
19387	1	1	0	170801	102844.30	108.53943172	34.22513136	25.90	-0.0280	-0.0040	-0.9780	1.51	30	29	1
19388	1	1	0	170801	102844.40	108.53942727	34.22512994	25.90	-0.0170	-0.0300	-1.0170	1.51	30	29	1
19389	1	1	0	170801	102844.50	108.53942274	34.22512846	25.90	-0.0470	-0.0870	-0.9270	1.51	30	29	1
19390	1	1	0	170801	102844.60	108.53941808	34.22512696	25.90	0.0600	-0.0250	-0.9650	1.52	30	29	1
19391	1	1	0	170801	102844.70	108.53941357	34.22512550	25.90	-0.0560	-0.0270	-1.0380	1.52	30	28	1
19392	1	1	0	170801	102844.80	108.53940896	34.22512402	25.90	-0.0070	-0.0640	-1.0140	1.52	30	29	1
19393	1	1	0	170801	102844.90	108.53940446	34.22512255	25.90	0.0640	-0.0720	-0.9480	1.56	30	29	1
19394	1	1	0	170801	102845.00	108.53939987	34.22512101	25.90	-0.0250	-0.0040	-1.0130	1.56	30	29	1
19395	1	1	0	170801	102845.10	108.53939529	34.22511955	25.90	0.0620	-0.0270	-0.9950	1.56	30	29	1
19396	1	1	0	170801	102845.20	108.53939068	34.22511796	25.90	0.0530	-0.0320	-1.0200	2.74	30	29	1
19397	1	1	0	170801	102845.30	108.53938607	34.22511649	25.90	0.0370	-0.0390	-0.9870	2.74	30	29	1
19398	1	1	0	170801	102845.40	108.53938136	34.22511492	25.90	0.0070	-0.0190	-0.9600	2.74	30	29	1
19399	1	1	0	170801	102845.50	108.53937672	34.22511343	25.90	0.0030	0.0200	-1.0200	2.82	30	29	1
19400	1	1	0	170801	102845.60	108.53937202	34.22511195	25.90	0.0160	0.0060	-0.9890	2.82	30	29	1
19401	1	1	0	170801	102845.70	108.53936736	34.22511048	25.90	0.0020	0.0170	-0.9910	2.82	30	29	1
19402	1	1	0	170801	102845.80	108.53936267	34.22510901	25.90	-0.0050	-0.0630	-1.0070	2.22	30	29	1
19403	1	1	0	170801	102845.90	108.53935802	34.22510752	25.90	-0.0140	-0.0620	-1.0300	2.22	30	29	1
19404	1	1	0	170801	102846.00	108.53935335	34.22510606	25.90	-0.0030	-0.0120	-1.0200	2.22	30	29	1
19405	1	1	0	170801	102846.10	108.53934870	34.22510460	25.90	-0.0030	-0.0320	-0.9400	1.58	30	29	1
19406	1	1	0	170801	102846.20	108.53934399	34.22510310	25.90	0.0130	-0.0500	-1.0520	1.58	30	29	1
19407	1	1	0	170801	102846.30	108.53933935	34.22510164	25.90	-0.0100	-0.0190	-1.0300	1.58	30	29	1
19408	1	1	0	170801	102846.40	108.53933467	34.22510018	25.90	-0.0530	-0.0280	-0.9870	1.39	30	29	1
19409	1	1	0	170801	102846.50	108.53933005	34.22509876	25.90	-0.0200	-0.0270	-1.0260	1.39	30	29	1
19410	1	1	0	170801	102846.60	108.53932546	34.22509733	25.90	-0.0080	-0.0330	-0.9190	1.39	30	29	1
19411	1	1	0	170801	102846.70	108.53932086	34.22509590	25.90	0.0090	-0.0020	-0.9830	1.35	30	29	1
19412	1	1	0	170801	102846.80	108.53931629	34.22509448	25.90	0.0010	0.0010	-1.0090	1.35	30	29	1
19413	1	1	0	170801	102846.90	108.53931170	34.22509308	25.90	0.0030	-0.0650	-0.9650	1.35	30	29	1
19414	1	1	0	170801	102847.00	108.53930715	34.22509167	25.90	0.0160	-0.0480	-1.0320	1.32	30	29	1
19415	1	1	0	170801	102847.10	108.53930258	34.22509025	25.90	-0.0120	-0.0420	-0.9760	1.32	30	29	1
19416	1	1	0	170801	102847.20	108.53929802	34.22508882	25.90	0.0120	0.0070	-1.0240	1.32	30	29	1
19417	1	1	0	170801	102847.30	108.53929345	34.22508743	25.90	-0.0160	-0.0270	-1.0040	1.30	30	28	1
19418	1	1	0	170801	102847.40	108.53928887	34.22508603	25.90	-0.0140	-0.0400	-1.0040	1.30	30	29	1
19419	1	1	0	170801	102847.50	108.53928434	34.22508462	25.90	-0.0370	-0.0340	-1.0570	1.30	30	29	1
19420	1	1	0	170801	102847.60	108.53927983	34.22508323	25.90	0.1060	-0.0190	-1.0120	1.30	30	29	1
19421	1	1	0	170801	102847.70	108.53927524	34.22508183	25.90	0.0400	-0.0800	-1.0710	1.37	30	29	1
19422	1	1	0	170801	102847.80	108.53927064	34.22508042	25.90	0.0930	-0.0770	-1.0030	1.37	30	29	1
19423	1	1	0	170801	102847.90	108.53926602	34.22507898	25.90	-0.0340	-0.1210	-1.0200	1.37	30	29	1
19424	1	1	0	170801	102848.00	108.53926136	34.22507753	25.90	0.0640	-0.0530	-1.0340	2.77	30	29	1
19425	1	1	0	170801	102848.10	108.53925670	34.22507610	25.90	0.0630	-0.0160	-1.0270	2.77	30	29	1
19426	1	1	0	170801	102848.20	108.53925204	34.22507466	25.90	-0.0080	-0.0450	-0.9830	2.77	30	29	1
19427	1	1	0	170801	102848.30	108.53924737	34.22507322	25.90	0.0370	-0.0330	-1.0470	2.72	30	29	1
19428	1	1	0	170801	102848.40	108.53924272	34.22507177	25.90	-0.0110	-0.0210	-0.9200	2.72	30	29	1
19429	1	1	0	170801	102848.50	108.53923806	34.22507032	25.90	0.0460	-0.0560	-0.9670	2.72	30	29	1
19430	1	1	0	170801	102848.60	108.53923343	34.22506888	25.90	-0.0040	-0.0410	-0.9250	1.81	30	29	1
19431	1	1	0	170801	102848.70	108.53922879	34.22506742	25.90	-0.0300	-0.0400	-1.0210	1.81	30	29	1
19432	1	1	0	170801	102848.80	108.53922419	34.22506595	25.90	-0.0270	-0.0730	-0.9880	1.81	30	29	1
19433	1	1	0	170801	102848.90	108.53921954	34.22506451	25.90	-0.0320	-0.0270	-1.0170	1.53	30	29	1
19434	1	1	0	170801	102849.00	108.53921490	34.22506303	25.90	-0.0220	-0.0640	-1.0700	1.53	30	29	1
19435	1	1	0	170801	102849.10	108.53921027	34.22506159	25.90	-0.0030	-0.0500	-1.0020	1.53	30	29	1
19436	1	1	0	170801	102849.20	108.53920564	34.22506012	25.90	0.0080	-0.0680	-0.9980	1.40	30	29	1
19437	1	1	0	170801	102849.30	108.53920103	34.22505870	25.90	-0.0310	-0.0420	-0.9930	1.40	30	29	1
19438	1	1	0	170801	102849.40	108.53919641	34.22505724	25.90	-0.0060	-0.0650	-1.0140	1.40	30	29	1
19439	1	1	0	170801	102849.50	108.53919182	34.22505581	25.90	-0.0100	-0.0280	-0.9690	1.33	30	29	1
19440	1	1	0	170801	102849.60	108.53918721	34.22505436	25.90	-0.0160	-0.0060	-1.0020	1.33	30	29	1
19441	1	1	0	170801	102849.70	108.53918263	34.22505296	25.90	0.0180	-0.0140	-0.9540	1.33	30	29	1
19442	1	1	0	170801	102849.80	108.53917803	34.22505155	25.90	0.0160	-0.0290	-0.9810	1.31	30	29	1
19443	1	1	0	170801	102849.90	108.53917347	34.22505016	25.90	0.0160	-0.0300	-1.0150	1.31	30	29	1
19444	1	1	0	170801	102850.00	108.53916889	34.22504877	25.90	0.0050	-0.0310	-0.9800	1.31	30	29	1
19445	1	1	0	170801	102850.10	108.53916433	34.22504740	25.90	0.0000	-0.0310	-1.0350	1.34	30	29	1
19446	1	1	0	170801	102850.20	108.53915975	34.22504602	25.90	0.0170	-0.0150	-1.0360	1.34	30	29	1
19447	1	1	0	170801	102850.30	108.53915517	34.22504465	25.90	0.0120	-0.0540	-0.9680	1.34	30	29	1
19448	1	1	0	170801	102850.40	108.53915058	34.22504329	25.90	0.0060	-0.0110	-1.0520	1.59	30	29	1
19449	1	1	0	170801	102850.50	108.53914598	34.22504193	25.90	-0.0310	0.0180	-0.9250	1.59	30	29	1
19450	1	1	0	170801	102850.60	108.53914139	34.22504058	25.90	0.0260	-0.0450	-1.0100	1.59	30	29	1
19451	1	1	0	170801	102850.70	108.53913678	34.22503922	25.90	0.0420	-0.0200	-0.9960	1.87	30	29	1
19452	1	1	0	170801	102850.80	108.53913215	34.22503787	25.90	0.0200	-0.0250	-1.0250	1.87	30	29	1
19453	1	1	0	170801	102850.90	108.53912750	34.22503653	25.90	0.0490	-0.0260	-1.0420	1.87	30	29	1
19454	1	1	0	170801	102851.00	108.53912280	34.22503517	25.90	0.0140	-0.0230	-0.9870	2.82	30	29	1
19455	1	1	0	170801	102851.10	108.53911810	34.22503382	25.90	-0.0020	-0.0070	-0.9820	2.82	30	29	1
19456	1	1	0	170801	102851.20	108.53911341	34.22503249	25.90	0.0180	-0.0580	-1.0600	2.82	30	29	1
19457	1	1	0	170801	102851.30	108.53910869	34.22503113	25.90	0.0100	-0.0100	-0.9720	2.83	30	29	1
19458	1	1	0	170801	102851.40	108.53910394	34.22502977	25.90	-0.0320	-0.0260	-0.9570	2.83	30	29	1
19459	1	1	0	170801	102851.50	108.53909924	34.22502843	25.90	-0.0190	-0.0630	-1.0020	2.83	30	29	1
19460	1	1	0	170801	102851.60	108.53909452	34.22502706	25.90	0.0190	-0.0710	-0.9840	2.83	30	29	1
19461	1	1	0	170801	102851.70	108.53908980	34.22502570	25.90	0.0120	-0.0330	-1.0030	2.18	30	29	1
19462	1	1	0	170801	102851.80	108.53908510	34.22502434	25.90	0.0170	-0.0240	-0.9590	2.18	30	29	1
19463	1	1	0	170801	102851.90	108.53908040	34.22502301	25.90	0.0040	-0.0340	-0.9930	2.18	30	29	1
19464	1	1	0	170801	102852.00	108.53907570	34.22502165	25.90	-0.0530	-0.0030	-1.0180	2.00	30	29	1
19465	1	1	0	170801	102852.10	108.53907101	34.22502034	25.90	0.0070	-0.0100	-1.0310	2.00	30	29	1
19466	1	1	0	170801	102852.20	108.53906632	34.22501901	25.90	0.0110	-0.0360	-1.0140	2.00	30	29	1
19467	1	1	0	170801	102852.30	108.53906164	34.22501771	25.90	-0.0430	-0.0180	-0.9790	1.90	30	29	1
19468	1	1	0	170801	102852.40	108.53905700	34.22501638	25.90	-0.0130	-0.0450	-1.0220	1.90	30	29	1
19469	1	1	0	170801	102852.50	108.53905232	34.22501509	25.90	-0.0090	-0.0520	-1.0050	1.90	30	29	1
19470	1	1	0	170801	102852.60	108.53904766	34.22501374	25.90	-0.0730	-0.0200	-0.9280	1.85	30	29	1
19471	1	1	0	170801	102852.70	108.53904302	34.22501246	25.90	0.0060	-0.0460	-0.9960	1.85	30	29	1
19472	1	1	0	170801	102852.80	108.53903833	34.22501108	25.90	0.0060	-0.0320	-1.0200	1.85	30	29	1
19473	1	1	0	170801	102852.90	108.53903371	34.22500980	25.90	-0.0350	-0.0210	-0.9830	1.73	30	29	1
19474	1	1	0	170801	102853.00	108.53902906	34.22500846	25.90	-0.0440	-0.0130	-0.9540	1.73	30	29	1
19475	1	1	0	170801	102853.10	108.53902443	34.22500718	25.90	0.0040	-0.0100	-0.9460	1.73	30	29	1
19476	1	1	0	170801	102853.20	108.53901982	34.22500587	25.90	0.0150	0.0280	-1.0290	1.71	30	29	1
19477	1	1	0	170801	102853.30	108.53901522	34.22500462	25.90	-0.0020	-0.0190	-0.9860	1.71	30	29	1
19478	1	1	0	170801	102853.40	108.53901061	34.22500334	25.90	-0.0410	-0.0200	-0.9780	1.71	30	29	1
19479	1	1	0	170801	102853.50	108.53900600	34.22500208	25.90	0.0580	-0.0230	-1.0620	1.82	30	29	1
19480	1	1	0	170801	102853.60	108.53900137	34.22500080	25.90	0.0050	-0.0060	-1.0180	1.82	30	29	1
19481	1	1	0	170801	102853.70	108.53899670	34.22499954	25.90	0.0470	-0.0310	-0.9500	1.82	30	29	1
19482	1	1	0	170801	102853.80	108.53899207	34.22499829	25.90	0.0680	-0.0220	-1.0540	2.84	30	29	1
19483	1	1	0	170801	102853.90	108.53898734	34.22499703	25.90	0.0170	-0.0340	-0.9390	2.84	30	29	1
19484	1	1	0	170801	102854.00	108.53898257	34.22499573	25.90	0.0330	-0.0500	-1.0890	2.84	30	29	1
19485	1	1	0	170801	102854.10	108.53897782	34.22499445	25.90	0.0290	0.0260	-0.9760	3.18	30	29	1
19486	1	1	0	170801	102854.20	108.53897302	34.22499315	25.90	0.0130	-0.0410	-0.9660	3.18	30	29	1
19487	1	1	0	170801	102854.30	108.53896826	34.22499189	25.90	0.0380	-0.0400	-0.9960	3.18	30	29	1
19488	1	1	0	170801	102854.40	108.53896352	34.22499062	25.90	0.0090	0.0260	-0.9820	2.62	30	29	1
19489	1	1	0	170801	102854.50	108.53895876	34.22498936	25.90	-0.0260	-0.0380	-1.0160	2.62	30	29	1
19490	1	1	0	170801	102854.60	108.53895398	34.22498805	25.90	-0.0030	-0.0350	-0.9380	2.62	30	29	1
19491	1	1	0	170801	102854.70	108.53894924	34.22498677	25.90	0.0090	-0.0870	-0.9970	2.21	30	29	1
19492	1	1	0	170801	102854.80	108.53894448	34.22498547	25.90	0.0340	0.0330	-0.9790	2.21	30	29	1
19493	1	1	0	170801	102854.90	108.53893973	34.22498421	25.90	0.0200	-0.0050	-1.0540	2.21	30	29	1
19494	1	1	0	170801	102855.00	108.53893498	34.22498291	25.90	0.0030	-0.0310	-0.9340	2.07	30	29	1
19495	1	1	0	170801	102855.10	108.53893024	34.22498164	25.90	-0.0080	0.0070	-1.0470	2.07	30	29	1
19496	1	1	0	170801	102855.20	108.53892549	34.22498035	25.90	-0.0160	-0.0040	-1.0050	2.07	30	29	1
19497	1	1	0	170801	102855.30	108.53892075	34.22497910	25.90	-0.0440	0.0030	-1.0290	1.97	30	29	1
19498	1	1	0	170801	102855.40	108.53891601	34.22497781	25.90	-0.0320	-0.0270	-1.0120	1.97	30	29	1
19499	1	1	0	170801	102855.50	108.53891128	34.22497657	25.90	-0.0090	-0.0340	-0.9880	1.97	30	29	1
19500	1	1	0	170801	102855.60	108.53890657	34.22497531	25.90	-0.0760	-0.0930	-1.0860	1.97	30	29	1
19501	1	1	0	170801	102855.70	108.53890187	34.22497407	25.90	-0.0120	-0.0220	-0.9870	1.90	30	29	1
19502	1	1	0	170801	102855.80	108.53889722	34.22497284	25.90	0.0370	-0.0320	-1.0100	1.90	30	29	1
19503	1	1	0	170801	102855.90	108.53889253	34.22497161	25.90	0.0060	-0.0180	-0.9500	1.90	30	29	1
19504	1	1	0	170801	102856.00	108.53888784	34.22497034	25.90	-0.0240	-0.0150	-0.9840	1.83	30	29	1
19505	1	1	0	170801	102856.10	108.53888319	34.22496911	25.90	-0.0040	-0.0090	-0.9460	1.83	30	29	1
19506	1	1	0	170801	102856.20	108.53887853	34.22496785	25.90	-0.0020	0.0120	-1.0120	1.83	30	29	1
19507	1	1	0	170801	102856.30	108.53887391	34.22496661	25.90	-0.0190	-0.0040	-0.9860	1.82	30	28	1
19508	1	1	0	170801	102856.40	108.53886930	34.22496535	25.90	-0.0260	-0.0190	-1.0420	1.82	30	29	1
19509	1	1	0	170801	102856.50	108.53886469	34.22496412	25.90	0.0120	0.0050	-1.0110	1.82	30	29	1
19510	1	1	0	170801	102856.60	108.53886007	34.22496287	25.90	-0.0200	-0.0040	-0.9640	1.81	30	29	1
19511	1	1	0	170801	102856.70	108.53885545	34.22496162	25.90	0.0240	-0.0380	-0.9040	1.81	30	29	1
19512	1	1	0	170801	102856.80	108.53885080	34.22496036	25.90	0.0010	0.0130	-1.0660	1.81	30	29	1
19513	1	1	0	170801	102856.90	108.53884612	34.22495911	25.90	0.0430	0.0120	-1.0090	2.50	30	29	1
19514	1	1	0	170801	102857.00	108.53884139	34.22495782	25.90	0.0310	-0.0280	-0.9760	2.50	30	29	1
19515	1	1	0	170801	102857.10	108.53883667	34.22495657	25.90	0.0510	-0.0250	-0.9500	2.50	30	29	1
19516	1	1	0	170801	102857.20	108.53883190	34.22495527	25.90	0.0410	-0.0310	-1.0190	3.28	30	30	1
19517	1	1	0	170801	102857.30	108.53882714	34.22495401	25.90	0.0420	-0.0090	-1.0070	3.28	30	29	1
19518	1	1	0	170801	102857.40	108.53882235	34.22495270	25.90	-0.0010	-0.0340	-1.0170	3.28	30	29	1
19519	1	1	0	170801	102857.50	108.53881757	34.22495144	27.75	0.0030	-0.0500	-1.0270	3.24	30	30	1
19520	1	1	0	170801	102857.60	108.53881276	34.22495014	27.75	0.0080	0.0130	-1.0090	3.24	30	29	1
19521	1	1	0	170801	102857.70	108.53880797	34.22494887	27.75	0.0070	-0.0270	-1.0110	3.24	30	30	1
19522	1	1	0	170801	102857.80	108.53880317	34.22494757	27.75	0.0190	-0.0080	-0.9650	2.55	30	30	1
19523	1	1	0	170801	102857.90	108.53879837	34.22494629	27.75	0.0110	0.0240	-1.0190	2.55	30	30	1
19524	1	1	0	170801	102858.00	108.53879356	34.22494498	27.75	0.0170	-0.0310	-0.9620	2.55	30	30	1
19525	1	1	0	170801	102858.10	108.53878876	34.22494373	27.75	0.0530	-0.0700	-1.0460	2.28	30	30	1
19526	1	1	0	170801	102858.20	108.53878395	34.22494244	27.75	-0.0110	0.0080	-0.9950	2.28	30	30	1
19527	1	1	0	170801	102858.30	108.53877916	34.22494117	27.75	-0.0050	-0.0200	-0.9630	2.28	30	30	1
19528	1	1	0	170801	102858.40	108.53877439	34.22493989	25.90	-0.0380	0.0090	-1.0840	1.99	30	30	1
19529	1	1	0	170801	102858.50	108.53876959	34.22493863	25.90	-0.0020	-0.0180	-0.9950	1.99	30	30	1
19530	1	1	0	170801	102858.60	108.53876481	34.22493735	25.90	-0.0180	-0.0050	-0.9980	1.99	30	29	1
19531	1	1	0	170801	102858.70	108.53876001	34.22493608	25.90	-0.0050	-0.0310	-1.0420	1.74	30	30	1
19532	1	1	0	170801	102858.80	108.53875521	34.22493480	27.75	0.0180	-0.0100	-0.9450	1.74	30	30	1
19533	1	1	0	170801	102858.90	108.53875040	34.22493356	27.75	0.0120	0.0110	-1.0000	1.74	30	29	1
19534	1	1	0	170801	102859.00	108.53874559	34.22493228	27.75	-0.0140	-0.0120	-0.9550	1.67	30	30	1
19535	1	1	0	170801	102859.10	108.53874080	34.22493103	27.75	0.0090	-0.0240	-0.9910	1.67	30	29	1
19536	1	1	0	170801	102859.20	108.53873601	34.22492976	27.75	0.0140	0.0040	-1.0090	1.67	30	30	1
19537	1	1	0	170801	102859.30	108.53873121	34.22492852	25.90	0.0180	-0.0520	-0.9500	1.65	30	30	1
19538	1	1	0	170801	102859.40	108.53872644	34.22492726	25.90	0.0160	-0.0400	-1.0190	1.65	30	30	1
19539	1	1	0	170801	102859.50	108.53872164	34.22492600	25.90	-0.0240	-0.0100	-0.9990	1.65	30	30	1
19540	1	1	0	170801	102859.60	108.53871687	34.22492473	25.90	-0.0370	0.0270	-1.0480	1.65	30	30	1
19541	1	1	0	170801	102859.70	108.53871208	34.22492349	25.90	-0.0450	-0.0330	-0.9970	1.63	30	30	1
19542	1	1	0	170801	102859.80	108.53870730	34.22492222	25.90	-0.0550	-0.0030	-1.0470	1.63	30	30	1
19543	1	1	0	170801	102859.90	108.53870251	34.22492099	25.90	0.0430	0.0060	-0.9740	1.63	30	29	1
19544	1	1	0	170801	102900.00	108.53869774	34.22491973	25.90	0.0120	0.0140	-0.9510	1.64	30	30	1
19545	1	1	0	170801	102900.10	108.53869296	34.22491848	25.90	-0.0080	-0.0400	-1.0400	1.64	30	30	1
19546	1	1	0	170801	102900.20	108.53868818	34.22491722	25.90	0.0150	0.0290	-0.9930	1.64	30	30	1
19547	1	1	0	170801	102900.30	108.53868339	34.22491598	25.90	0.0030	0.0350	-1.0390	1.63	30	30	1
19548	1	1	0	170801	102900.40	108.53867864	34.22491472	25.90	-0.0140	-0.0020	-1.0710	1.63	30	29	1
19549	1	1	0	170801	102900.50	108.53867386	34.22491349	25.90	-0.0110	-0.0030	-1.0240	1.63	30	30	1
19550	1	1	0	170801	102900.60	108.53866910	34.22491224	25.90	-0.0050	-0.0230	-1.0160	1.62	30	29	1
19551	1	1	0	170801	102900.70	108.53866432	34.22491099	25.90	0.0600	0.0170	-1.0460	1.62	30	29	1
19552	1	1	0	170801	102900.80	108.53865955	34.22490974	25.90	0.0020	-0.0310	-0.9610	1.62	30	29	1
19553	1	1	0	170801	102900.90	108.53865478	34.22490849	25.90	-0.0180	-0.0410	-1.0180	1.62	30	29	1
19554	1	1	0	170801	102901.00	108.53865002	34.22490721	25.90	0.0190	0.0530	-0.9720	1.62	30	29	1
19555	1	1	0	170801	102901.10	108.53864524	34.22490596	25.90	0.0120	0.0010	-0.9530	1.62	30	29	1
19556	1	1	0	170801	102901.20	108.53864051	34.22490469	25.90	0.0220	0.0160	-1.0070	1.64	30	29	1
19557	1	1	0	170801	102901.30	108.53863575	34.22490343	25.90	-0.0420	-0.0210	-0.9960	1.64	30	29	1
19558	1	1	0	170801	102901.40	108.53863100	34.22490217	25.90	0.0210	0.0480	-0.9650	1.64	30	29	1
19559	1	1	0	170801	102901.50	108.53862624	34.22490090	25.90	0.0040	0.0140	-1.0950	1.64	30	29	1
19560	1	1	0	170801	102901.60	108.53862152	34.22489966	25.90	-0.0030	-0.0060	-0.9580	1.64	30	29	1
19561	1	1	0	170801	102901.70	108.53861678	34.22489841	25.90	-0.0610	0.0370	-0.9770	1.64	30	29	1
19562	1	1	0	170801	102901.80	108.53861202	34.22489714	25.90	0.0210	-0.0090	-0.9500	1.64	30	29	1
19563	1	1	0	170801	102901.90	108.53860728	34.22489590	25.90	0.0160	0.0470	-0.9920	1.64	30	29	1
19564	1	1	0	170801	102902.00	108.53860256	34.22489466	25.90	-0.0170	0.0010	-1.0310	1.64	30	29	1
19565	1	1	0	170801	102902.10	108.53859782	34.22489344	25.90	-0.0480	-0.0450	-1.0180	1.64	30	29	1
19566	1	1	0	170801	102902.20	108.53859306	34.22489219	25.90	-0.0180	-0.0330	-1.0190	1.64	30	29	1
19567	1	1	0	170801	102902.30	108.53858834	34.22489097	25.90	-0.0140	-0.0120	-1.0260	1.64	30	29	1
19568	1	1	0	170801	102902.40	108.53858363	34.22488973	25.90	-0.0210	0.0100	-1.0190	1.63	30	29	1
19569	1	1	0	170801	102902.50	108.53857890	34.22488852	25.90	-0.0320	-0.0320	-1.0130	1.63	30	29	1
19570	1	1	0	170801	102902.60	108.53857421	34.22488731	25.90	0.0150	0.0310	-1.0040	1.63	30	29	1
19571	1	1	0	170801	102902.70	108.53856949	34.22488610	25.90	0.0350	0.0110	-0.9070	1.62	30	29	1
19572	1	1	0	170801	102902.80	108.53856484	34.22488480	25.90	0.0330	0.0060	-0.9710	1.62	30	29	1
19573	1	1	0	170801	102902.90	108.53856014	34.22488361	25.90	0.0070	0.0070	-1.0310	1.62	30	29	1
19574	1	1	0	170801	102903.00	108.53855555	34.22488229	25.90	-0.0340	-0.0330	-0.9820	1.61	30	29	1
19575	1	1	0	170801	102903.10	108.53855086	34.22488109	25.90	0.0160	0.0100	-0.9840	1.61	30	29	1
19576	1	1	0	170801	102903.20	108.53854626	34.22487979	25.90	-0.0350	0.0270	-1.0110	1.61	30	29	1
19577	1	1	0	170801	102903.30	108.53854161	34.22487860	25.90	0.0000	-0.0090	-1.0150	1.61	30	29	1
19578	1	1	0	170801	102903.40	108.53853706	34.22487732	25.90	-0.0990	-0.0310	-0.9720	1.61	30	29	1
19579	1	1	0	170801	102903.50	108.53853244	34.22487615	25.90	-0.0190	0.0020	-1.0380	1.61	30	28	1
19580	1	1	0	170801	102903.60	108.53852786	34.22487493	25.90	0.0130	0.0030	-1.0750	1.61	30	29	1
19581	1	1	0	170801	102903.70	108.53852321	34.22487373	25.90	0.0840	0.0350	-0.9460	1.61	30	29	1
19582	1	1	0	170801	102903.80	108.53851854	34.22487257	25.90	-0.0170	0.0380	-0.9950	1.61	30	29	1
19583	1	1	0	170801	102903.90	108.53851391	34.22487143	25.90	-0.0270	0.0190	-0.9220	1.61	30	29	1
19584	1	1	0	170801	102904.00	108.53850921	34.22487026	25.90	-0.0190	-0.0060	-1.0700	1.65	30	29	1
19585	1	1	0	170801	102904.10	108.53850454	34.22486907	25.90	0.0830	0.0020	-0.9910	1.65	30	29	1
19586	1	1	0	170801	102904.20	108.53849982	34.22486789	25.90	0.0670	0.0600	-1.0070	1.65	30	29	1
19587	1	1	0	170801	102904.30	108.53849510	34.22486669	25.90	0.0750	-0.0300	-0.9990	2.62	30	29	1
19588	1	1	0	170801	102904.40	108.53849033	34.22486551	25.90	0.0740	0.0410	-0.9830	2.62	30	29	1
19589	1	1	0	170801	102904.50	108.53848554	34.22486431	25.90	-0.0130	0.0090	-1.0310	2.62	30	29	1
19590	1	1	0	170801	102904.60	108.53848069	34.22486309	27.75	0.0320	-0.0070	-1.0480	2.88	30	29	1
19591	1	1	0	170801	102904.70	108.53847594	34.22486186	25.90	0.0330	-0.0080	-0.8850	2.88	30	30	1
19592	1	1	0	170801	102904.80	108.53847114	34.22486064	25.90	-0.0290	-0.0020	-1.0580	2.88	30	29	1
19593	1	1	0	170801	102904.90	108.53846637	34.22485944	25.90	-0.0140	-0.0160	-1.0460	2.19	30	29	1
19594	1	1	0	170801	102905.00	108.53846164	34.22485825	25.90	-0.0200	-0.0370	-1.0300	2.19	30	29	1
19595	1	1	0	170801	102905.10	108.53845687	34.22485706	25.90	0.0070	0.0170	-1.0240	2.19	30	29	1
19596	1	1	0	170801	102905.20	108.53845213	34.22485587	25.90	-0.0010	0.0070	-0.9990	1.64	30	29	1
19597	1	1	0	170801	102905.30	108.53844738	34.22485467	25.90	0.0290	-0.0350	-1.0240	1.64	30	29	1
19598	1	1	0	170801	102905.40	108.53844268	34.22485351	25.90	-0.0070	0.0180	-0.9860	1.64	30	29	1
19599	1	1	0	170801	102905.50	108.53843792	34.22485231	25.90	-0.0190	0.0250	-1.0250	1.36	30	29	1
19600	1	1	0	170801	102905.60	108.53843319	34.22485110	25.90	0.0140	-0.0330	-0.9550	1.36	30	29	1
19601	1	1	0	170801	102905.70	108.53842845	34.22484989	25.90	0.0000	-0.0160	-0.9990	1.36	30	29	1
19602	1	1	0	170801	102905.80	108.53842375	34.22484870	25.90	0.0010	0.0070	-0.9820	1.26	30	29	1
19603	1	1	0	170801	102905.90	108.53841904	34.22484750	25.90	0.0070	-0.0190	-1.0620	1.26	30	29	1
19604	1	1	0	170801	102906.00	108.53841440	34.22484630	25.90	0.0160	-0.0280	-1.0690	1.26	30	29	1
19605	1	1	0	170801	102906.10	108.53840972	34.22484514	25.90	-0.0100	-0.0360	-1.0100	1.25	30	29	1
19606	1	1	0	170801	102906.20	108.53840506	34.22484394	25.90	-0.0360	-0.0560	-1.0210	1.25	30	29	1
19607	1	1	0	170801	102906.30	108.53840039	34.22484274	25.90	-0.0090	-0.0000	-1.0210	1.25	30	29	1
19608	1	1	0	170801	102906.40	108.53839580	34.22484159	25.90	0.0040	0.0270	-0.9480	1.25	30	29	1
19609	1	1	0	170801	102906.50	108.53839114	34.22484042	25.90	0.0010	-0.0240	-0.9430	1.25	30	29	1
19610	1	1	0	170801	102906.60	108.53838649	34.22483924	25.90	0.0100	-0.0500	-1.0410	1.25	30	28	1
19611	1	1	0	170801	102906.70	108.53838188	34.22483807	25.90	0.0120	-0.0240	-1.1030	1.25	30	29	1
19612	1	1	0	170801	102906.80	108.53837723	34.22483679	25.90	0.0110	0.0200	-0.9670	1.25	30	28	1
19613	1	1	0	170801	102906.90	108.53837261	34.22483561	25.90	0.0080	-0.0100	-1.0520	1.25	30	28	1
19614	1	1	0	170801	102907.00	108.53836798	34.22483435	25.90	-0.0310	-0.0250	-0.9970	1.31	30	29	1
19615	1	1	0	170801	102907.10	108.53836336	34.22483317	25.90	0.0370	-0.0070	-1.0170	1.31	30	29	1
19616	1	1	0	170801	102907.20	108.53835870	34.22483189	25.90	0.0300	-0.0000	-1.0020	1.31	30	29	1
19617	1	1	0	170801	102907.30	108.53835404	34.22483071	25.90	0.0240	0.0070	-0.9730	1.72	30	29	1
19618	1	1	0	170801	102907.40	108.53834939	34.22482945	25.90	0.0670	-0.0310	-1.0310	1.72	30	29	1
19619	1	1	0	170801	102907.50	108.53834469	34.22482826	25.90	0.0480	-0.0010	-1.0040	1.72	30	29	1
19620	1	1	0	170801	102907.60	108.53834001	34.22482709	25.90	0.0470	-0.0350	-0.9690	1.72	30	29	1
19621	1	1	0	170801	102907.70	108.53833528	34.22482587	25.90	0.0770	-0.0030	-0.9750	2.89	30	29	1
19622	1	1	0	170801	102907.80	108.53833054	34.22482465	25.90	0.0690	0.0130	-0.9540	2.89	30	29	1
19623	1	1	0	170801	102907.90	108.53832572	34.22482345	25.90	-0.0030	-0.0350	-1.0110	2.89	30	29	1
19624	1	1	0	170801	102908.00	108.53832087	34.22482219	27.75	-0.0080	-0.0600	-1.0480	2.71	30	30	1
19625	1	1	0	170801	102908.10	108.53831609	34.22482099	27.75	0.0490	-0.0810	-0.9490	2.71	30	30	1
19626	1	1	0	170801	102908.20	108.53831132	34.22481983	27.75	0.0150	0.0200	-0.9360	2.71	30	29	1
19627	1	1	0	170801	102908.30	108.53830655	34.22481861	25.90	0.0210	-0.0480	-1.0330	2.05	30	29	1
19628	1	1	0	170801	102908.40	108.53830184	34.22481741	25.90	0.0460	0.0260	-1.0950	2.05	30	29	1
19629	1	1	0	170801	102908.50	108.53829705	34.22481621	25.90	-0.0250	-0.0170	-0.9810	2.05	30	29	1
19630	1	1	0	170801	102908.60	108.53829229	34.22481504	25.90	-0.0100	0.0110	-0.9970	1.78	30	29	1
19631	1	1	0	170801	102908.70	108.53828751	34.22481385	25.90	0.0280	0.0180	-0.9450	1.78	30	29	1
19632	1	1	0	170801	102908.80	108.53828274	34.22481268	25.90	0.0050	-0.0150	-0.9340	1.78	30	29	1
19633	1	1	0	170801	102908.90	108.53827796	34.22481148	25.90	-0.0370	0.0980	-1.0670	1.64	30	29	1
19634	1	1	0	170801	102909.00	108.53827324	34.22481028	25.90	0.0220	-0.0190	-1.0000	1.64	30	29	1
19635	1	1	0	170801	102909.10	108.53826846	34.22480910	25.90	-0.0050	-0.0160	-0.9560	1.64	30	29	1
19636	1	1	0	170801	102909.20	108.53826372	34.22480794	25.90	-0.0320	0.0480	-0.9820	1.55	30	29	1
19637	1	1	0	170801	102909.30	108.53825898	34.22480674	25.90	0.0270	-0.0170	-1.0360	1.55	30	29	1
19638	1	1	0	170801	102909.40	108.53825424	34.22480557	25.90	0.0020	-0.0110	-1.0020	1.55	30	29	1
19639	1	1	0	170801	102909.50	108.53824950	34.22480440	25.90	-0.0140	0.0100	-0.9700	1.53	30	29	1
19640	1	1	0	170801	102909.60	108.53824479	34.22480326	25.90	-0.0030	0.0290	-1.0130	1.53	30	29	1
19641	1	1	0	170801	102909.70	108.53824005	34.22480209	25.90	-0.0150	-0.0250	-0.9370	1.53	30	29	1
19642	1	1	0	170801	102909.80	108.53823534	34.22480091	25.90	-0.0240	-0.0330	-1.0700	1.58	30	29	1
19643	1	1	0	170801	102909.90	108.53823064	34.22479975	25.90	-0.0920	-0.0210	-0.9670	1.58	30	29	1
19644	1	1	0	170801	102910.00	108.53822601	34.22479858	25.90	-0.0400	0.0340	-1.0440	1.58	30	29	1
19645	1	1	0	170801	102910.10	108.53822132	34.22479745	25.90	-0.0180	0.0020	-0.9460	1.67	30	29	1
19646	1	1	0	170801	102910.20	108.53821666	34.22479621	25.90	-0.0400	-0.0000	-1.0660	1.67	30	28	1
19647	1	1	0	170801	102910.30	108.53821203	34.22479507	25.90	0.0710	0.0170	-0.9340	1.82	30	29	1
19648	1	1	0	170801	102910.40	108.53820742	34.22479396	25.90	0.0710	0.0170	-0.9340	1.82	30	29	1
19649	1	1	0	170801	102910.50	108.53820278	34.22479282	25.90	0.0130	-0.0570	-0.9470	1.82	30	28	1
19650	1	1	0	170801	102910.60	108.53819817	34.22479165	25.90	-0.0140	-0.0040	-1.0520	1.82	30	29	1
19651	1	1	0	170801	102910.70	108.53819353	34.22479049	25.90	0.0260	-0.0020	-0.9290	1.88	30	29	1
19652	1	1	0	170801	102910.80	108.53818895	34.22478926	25.90	0.0220	-0.0140	-1.0080	1.88	30	29	1
19653	1	1	0	170801	102910.90	108.53818427	34.22478810	25.90	0.1160	-0.0080	-1.0220	1.88	30	29	1
19654	1	1	0	170801	102911.00	108.53817977	34.22478675	25.90	-0.0140	0.0250	-1.0290	2.79	30	29	1
19655	1	1	0	170801	102911.10	108.53817506	34.22478558	25.90	0.0720	0.0050	-1.0290	2.79	30	29	1
19656	1	1	0	170801	102911.20	108.53817022	34.22478440	25.90	0.0490	-0.0080	-0.9970	2.79	30	29	1
19657	1	1	0	170801	102911.30	108.53816547	34.22478322	25.90	0.0670	0.0180	-0.9620	3.32	30	29	1
19658	1	1	0	170801	102911.40	108.53816066	34.22478206	25.90	0.0260	0.0260	-1.0330	3.32	30	29	1
19659	1	1	0	170801	102911.50	108.53815588	34.22478085	25.90	0.0250	-0.0110	-1.0080	3.32	30	29	1
19660	1	1	0	170801	102911.60	108.53815104	34.22477968	25.90	-0.0000	-0.0010	-1.0050	3.32	30	29	1
19661	1	1	0	170801	102911.70	108.53814627	34.22477848	25.90	0.0120	0.0420	-0.9710	3.10	30	29	1
19662	1	1	0	170801	102911.80	108.53814145	34.22477729	25.90	0.0340	-0.0130	-1.0630	3.10	30	29	1
19663	1	1	0	170801	102911.90	108.53813666	34.22477609	25.90	0.0060	-0.0170	-0.9950	3.10	30	29	1
19664	1	1	0	170801	102912.00	108.53813188	34.22477489	25.90	-0.0040	0.0070	-1.0430	2.49	30	29	1
19665	1	1	0	170801	102912.10	108.53812712	34.22477371	25.90	-0.0140	0.0420	-1.0110	2.49	30	29	1
19666	1	1	0	170801	102912.20	108.53812233	34.22477256	25.90	-0.0010	0.0000	-0.9870	2.49	30	29	1
19667	1	1	0	170801	102912.30	108.53811757	34.22477134	25.90	0.0060	0.0090	-1.0500	2.25	30	29	1
19668	1	1	0	170801	102912.40	108.53811280	34.22477017	25.90	-0.0190	-0.0150	-1.0080	2.25	30	29	1
19669	1	1	0	170801	102912.50	108.53810805	34.22476899	25.90	-0.0050	0.0270	-0.9970	2.25	30	29	1
19670	1	1	0	170801	102912.60	108.53810333	34.22476775	25.90	-0.0030	-0.0120	-0.9900	2.13	30	29	1
19671	1	1	0	170801	102912.70	108.53809859	34.22476659	25.90	-0.0050	0.0010	-0.9880	2.13	30	29	1
19672	1	1	0	170801	102912.80	108.53809384	34.22476541	25.90	-0.0240	-0.0330	-1.0040	2.13	30	29	1
19673	1	1	0	170801	102912.90	108.53808913	34.22476424	25.90	0.0170	-0.0270	-1.0610	2.04	30	29	1
19674	1	1	0	170801	102913.00	108.53808436	34.22476302	25.90	-0.0310	-0.0360	-0.9680	2.04	30	29	1
19675	1	1	0	170801	102913.10	108.53807965	34.22476184	25.90	-0.0540	-0.0230	-1.0050	2.04	30	29	1
19676	1	1	0	170801	102913.20	108.53807490	34.22476063	25.90	-0.0190	-0.0080	-1.0590	1.97	30	29	1
19677	1	1	0	170801	102913.30	108.53807022	34.22475945	25.90	-0.0530	-0.0120	-0.9660	1.97	30	29	1
19678	1	1	0	170801	102913.40	108.53806557	34.22475828	25.90	-0.0260	-0.0490	-1.0350	1.97	30	29	1
19679	1	1	0	170801	102913.50	108.53806093	34.22475711	25.90	0.0020	-0.0190	-1.0270	1.92	30	29	1
19680	1	1	0	170801	102913.60	108.53805634	34.22475597	25.90	-0.0100	0.0160	-0.9720	1.92	30	28	1
19681	1	1	0	170801	102913.70	108.53805171	34.22475478	25.90	-0.0210	-0.0050	-1.0620	1.92	30	28	1
19682	1	1	0	170801	102913.80	108.53804712	34.22475363	25.90	-0.0290	0.0040	-0.9550	1.90	30	29	1
19683	1	1	0	170801	102913.90	108.53804250	34.22475246	25.90	0.0540	-0.0270	-0.9970	1.90	30	29	1
19684	1	1	0	170801	102914.00	108.53803788	34.22475128	25.90	0.0550	-0.0180	-1.0260	1.90	30	29	1
19685	1	1	0	170801	102914.10	108.53803323	34.22475008	25.90	0.0550	0.0060	-0.9510	2.39	30	29	1
19686	1	1	0	170801	102914.20	108.53802856	34.22474889	25.90	0.0660	0.0290	-1.0420	2.39	30	29	1
19687	1	1	0	170801	102914.30	108.53802385	34.22474768	25.90	0.0170	-0.0480	-1.0510	2.39	30	29	1
19688	1	1	0	170801	102914.40	108.53801913	34.22474650	25.90	0.0180	0.0160	-0.9850	3.34	30	29	1
19689	1	1	0	170801	102914.50	108.53801439	34.22474529	25.90	-0.0090	0.0140	-1.0300	3.34	30	29	1
19690	1	1	0	170801	102914.60	108.53800962	34.22474408	25.90	0.0370	-0.0250	-0.9570	3.34	30	29	1
19691	1	1	0	170801	102914.70	108.53800483	34.22474286	25.90	0.0200	0.0100	-1.0180	3.34	30	29	1
19692	1	1	0	170801	102914.80	108.53800003	34.22474166	25.90	-0.0050	0.0030	-1.0090	3.34	30	29	1
19693	1	1	0	170801	102914.90	108.53799528	34.22474046	25.90	0.0120	0.0040	-1.0550	3.34	30	29	1
19694	1	1	0	170801	102915.00	108.53799050	34.22473928	25.90	0.0240	0.0060	-0.9580	2.92	30	29	1
19695	1	1	0	170801	102915.10	108.53798571	34.22473806	25.90	-0.0190	-0.0090	-1.0140	2.92	30	29	1
19696	1	1	0	170801	102915.20	108.53798093	34.22473685	25.90	-0.0300	0.0100	-1.0650	2.92	30	29	1
19697	1	1	0	170801	102915.30	108.53797615	34.22473565	25.90	-0.0360	0.0410	-0.9290	2.40	30	29	1
19698	1	1	0	170801	102915.40	108.53797138	34.22473445	25.90	-0.0060	-0.0060	-1.0130	2.40	30	29	1
19699	1	1	0	170801	102915.50	108.53796661	34.22473326	25.90	0.0210	-0.0270	-0.9810	2.40	30	29	1
19700	1	1	0	170801	102915.60	108.53796187	34.22473208	25.90	-0.0220	0.0390	-1.0320	2.40	30	29	1
19701	1	1	0	170801	102915.70	108.53795711	34.22473090	25.90	0.0200	0.0240	-1.0170	2.19	30	29	1
19702	1	1	0	170801	102915.80	108.53795236	34.22472971	25.90	-0.0010	-0.0170	-0.9510	2.19	30	29	1
19703	1	1	0	170801	102915.90	108.53794760	34.22472853	25.90	-0.0090	-0.0070	-1.0330	2.19	30	29	1
19704	1	1	0	170801	102916.00	108.53794287	34.22472735	25.90	-0.0490	-0.0110	-0.9740	2.07	30	29	1
19705	1	1	0	170801	102916.10	108.53793813	34.22472616	25.90	-0.0110	0.0400	-0.9070	2.07	30	29	1
19706	1	1	0	170801	102916.20	108.53793341	34.22472497	25.90	-0.0010	-0.0180	-1.0900	2.07	30	29	1
19707	1	1	0	170801	102916.30	108.53792869	34.22472380	25.90	-0.0020	-0.0140	-1.0430	2.03	30	29	1
19708	1	1	0	170801	102916.40	108.53792396	34.22472258	25.90	0.0030	-0.0180	-0.9770	2.03	30	29	1
19709	1	1	0	170801	102916.50	108.53791927	34.22472141	25.90	-0.0330	0.0220	-1.0640	2.03	30	29	1
19710	1	1	0	170801	102916.60	108.53791461	34.22472024	25.90	-0.0590	-0.0620	-0.9550	1.96	30	29	1
19711	1	1	0	170801	102916.70	108.53790995	34.22471908	25.90	-0.0500	-0.0300	-1.0790	1.96	30	29	1
19712	1	1	0	170801	102916.80	108.53790527	34.22471789	25.90	-0.0110	0.0010	-0.9680	1.96	30	29	1
19713	1	1	0	170801	102916.90	108.53790062	34.22471674	25.90	0.0120	-0.0410	-0.9560	1.86	30	28	1
19714	1	1	0	170801	102917.00	108.53789597	34.22471556	25.90	-0.0280	0.0210	-1.0180	1.86	30	29	1
19715	1	1	0	170801	102917.10	108.53789135	34.22471441	25.90	0.0350	0.0140	-1.0080	1.86	30	29	1
19716	1	1	0	170801	102917.20	108.53788671	34.22471323	25.90	0.0030	0.0100	-1.0220	1.83	30	29	1
19717	1	1	0	170801	102917.30	108.53788207	34.22471207	25.90	0.0060	-0.0320	-1.0460	1.83	30	29	1
19718	1	1	0	170801	102917.40	108.53787738	34.22471089	25.90	0.0270	-0.0180	-0.9680	1.83	30	29	1
19719	1	1	0	170801	102917.50	108.53787268	34.22470972	25.90	0.0390	0.0130	-1.0270	2.53	30	29	1
19720	1	1	0	170801	102917.60	108.53786798	34.22470855	25.90	0.0320	0.0330	-1.0320	2.53	30	29	1
19721	1	1	0	170801	102917.70	108.53786322	34.22470737	25.90	0.0150	0.0320	-1.0160	2.53	30	29	1
19722	1	1	0	170801	102917.80	108.53785843	34.22470619	25.90	0.0150	-0.0010	-1.0150	3.35	30	30	1
19723	1	1	0	170801	102917.90	108.53785365	34.22470500	25.90	0.0010	-0.0010	-0.8810	3.35	30	30	1
19724	1	1	0	170801	102918.00	108.53784886	34.22470382	27.75	0.0100	-0.0230	-1.0400	3.35	30	30	1
19725	1	1	0	170801	102918.10	108.53784408	34.22470264	25.90	0.0220	-0.0040	-1.0090	3.21	30	29	1
19726	1	1	0	170801	102918.20	108.53783928	34.22470147	25.90	0.0890	0.0290	-1.0160	3.21	30	29	1
19727	1	1	0	170801	102918.30	108.53783445	34.22470027	27.75	0.0310	0.0300	-1.0560	3.21	30	30	1
19728	1	1	0	170801	102918.40	108.53782957	34.22469904	27.75	0.0320	-0.0100	-1.0170	2.56	30	29	1
19729	1	1	0	170801	102918.50	108.53782474	34.22469784	27.75	-0.0300	0.0250	-1.0830	2.56	30	29	1
19730	1	1	0	170801	102918.60	108.53781986	34.22469661	27.75	-0.0160	0.0120	-0.9890	2.56	30	30	1
19731	1	1	0	170801	102918.70	108.53781505	34.22469542	27.75	-0.0340	-0.0090	-0.9680	2.14	30	30	1
19732	1	1	0	170801	102918.80	108.53781021	34.22469422	25.90	-0.0160	0.0040	-1.0720	2.14	30	30	1
19733	1	1	0	170801	102918.90	108.53780540	34.22469302	25.90	0.0290	0.0160	-1.0280	2.14	30	30	1
19734	1	1	0	170801	102919.00	108.53780058	34.22469181	25.90	-0.0360	0.0280	-1.0540	1.90	30	29	1
19735	1	1	0	170801	102919.10	108.53779577	34.22469061	25.90	-0.0510	0.0180	-1.0200	1.90	30	30	1
19736	1	1	0	170801	102919.20	108.53779095	34.22468938	25.90	-0.0090	-0.0480	-0.9610	1.90	30	29	1
19737	1	1	0	170801	102919.30	108.53778618	34.22468815	25.90	-0.0110	-0.0240	-0.9740	1.68	30	29	1
19738	1	1	0	170801	102919.40	108.53778139	34.22468690	25.90	-0.0100	-0.0250	-1.0240	1.68	30	29	1
19739	1	1	0	170801	102919.50	108.53777664	34.22468566	25.90	-0.0110	-0.0230	-1.0040	1.68	30	29	1
19740	1	1	0	170801	102919.60	108.53777188	34.22468438	25.90	0.0180	-0.0330	-1.0160	1.68	30	29	1
19741	1	1	0	170801	102919.70	108.53776713	34.22468313	25.90	-0.0030	-0.0300	-0.9400	1.58	30	29	1
19742	1	1	0	170801	102919.80	108.53776238	34.22468183	25.90	-0.0280	0.0120	-1.0600	1.58	30	29	1
19743	1	1	0	170801	102919.90	108.53775765	34.22468056	25.90	0.0300	-0.0080	-0.9600	1.58	30	29	1
19744	1	1	0	170801	102920.00	108.53775292	34.22467925	25.90	0.0080	-0.0220	-0.9580	1.56	30	29	1
19745	1	1	0	170801	102920.10	108.53774821	34.22467794	25.90	-0.0300	-0.0140	-1.0210	1.56	30	29	1
19746	1	1	0	170801	102920.20	108.53774351	34.22467662	25.90	-0.0230	-0.0240	-1.0140	1.56	30	29	1
19747	1	1	0	170801	102920.30	108.53773882	34.22467529	25.90	-0.0210	-0.0470	-0.9990	1.56	30	29	1
19748	1	1	0	170801	102920.40	108.53773415	34.22467395	25.90	-0.0020	-0.0430	-1.0270	1.56	30	29	1
19749	1	1	0	170801	102920.50	108.53772947	34.22467260	25.90	-0.0190	-0.0260	-0.9600	1.56	30	29	1
19750	1	1	0	170801	102920.60	108.53772481	34.22467125	25.90	-0.0140	-0.0050	-1.0440	1.55	30	29	1
19751	1	1	0	170801	102920.70	108.53772015	34.22466992	25.90	-0.0160	0.0090	-0.9910	1.55	30	29	1
19752	1	1	0	170801	102920.80	108.53771552	34.22466857	25.90	-0.0120	-0.0500	-0.9980	1.55	30	29	1
19753	1	1	0	170801	102920.90	108.53771086	34.22466720	25.90	-0.0240	-0.0070	-1.0300	1.62	30	29	1
19754	1	1	0	170801	102921.00	108.53770624	34.22466583	25.90	-0.0220	-0.0400	-1.0410	1.62	30	29	1
19755	1	1	0	170801	102921.10	108.53770162	34.22466447	25.90	-0.0150	0.0040	-1.0430	1.62	30	29	1
19756	1	1	0	170801	102921.20	108.53769700	34.22466309	25.90	-0.0190	-0.0330	-0.9670	1.61	30	29	1
19757	1	1	0	170801	102921.30	108.53769240	34.22466172	25.90	-0.0000	-0.0340	-0.9270	1.61	30	29	1
19758	1	1	0	170801	102921.40	108.53768782	34.22466034	25.90	-0.0090	-0.0190	-1.0170	1.61	30	29	1
19759	1	1	0	170801	102921.50	108.53768324	34.22465899	25.90	0.0030	-0.0280	-0.9870	1.61	30	29	1
19760	1	1	0	170801	102921.60	108.53767868	34.22465763	25.90	0.0010	-0.0380	-1.0100	1.61	30	29	1
19761	1	1	0	170801	102921.70	108.53767410	34.22465627	25.90	-0.0280	0.0320	-0.9750	1.61	30	29	1
19762	1	1	0	170801	102921.80	108.53766954	34.22465491	25.90	0.0230	0.0370	-1.0180	1.60	30	29	1
19763	1	1	0	170801	102921.90	108.53766498	34.22465353	25.90	0.0130	-0.0340	-0.9560	1.60	30	29	1
19764	1	1	0	170801	102922.00	108.53766042	34.22465215	25.90	-0.0160	0.0350	-1.0090	1.60	30	28	1
19765	1	1	0	170801	102922.10	108.53765587	34.22465076	25.90	0.0500	-0.0570	-0.9870	1.61	30	28	1
19766	1	1	0	170801	102922.20	108.53765132	34.22464936	25.90	-0.0350	-0.0100	-1.0640	1.61	30	29	1
19767	1	1	0	170801	102922.30	108.53764675	34.22464799	25.90	0.0250	-0.0050	-0.9760	1.61	30	29	1
19768	1	1	0	170801	102922.40	108.53764216	34.22464660	25.90	0.0200	-0.0260	-0.9980	1.62	30	29	1
19769	1	1	0	170801	102922.50	108.53763758	34.22464519	25.90	0.0010	0.0550	-0.9110	1.62	30	29	1
19770	1	1	0	170801	102922.60	108.53763297	34.22464378	25.90	0.0090	-0.0170	-1.0580	1.62	30	29	1
19771	1	1	0	170801	102922.70	108.53762834	34.22464237	25.90	0.0500	-0.0180	-1.0320	2.31	30	29	1
19772	1	1	0	170801	102922.80	108.53762368	34.22464094	25.90	-0.0020	-0.0390	-0.9870	2.31	30	29	1
19773	1	1	0	170801	102922.90	108.53761904	34.22463950	25.90	0.0080	0.0320	-1.0060	2.31	30	29	1
19774	1	1	0	170801	102923.00	108.53761435	34.22463804	25.90	-0.0080	-0.0020	-0.9660	2.82	30	29	1
19775	1	1	0	170801	102923.10	108.53760968	34.22463661	25.90	-0.0230	-0.0340	-1.0120	2.82	30	29	1
19776	1	1	0	170801	102923.20	108.53760498	34.22463515	25.90	-0.0130	-0.0120	-1.0150	2.82	30	29	1
19777	1	1	0	170801	102923.30	108.53760031	34.22463370	25.90	0.0130	0.0300	-1.0130	2.42	30	29	1
19778	1	1	0	170801	102923.40	108.53759562	34.22463225	25.90	-0.0100	-0.0200	-0.9720	2.42	30	29	1
19779	1	1	0	170801	102923.50	108.53759094	34.22463080	25.90	-0.0180	0.0170	-0.9830	2.42	30	29	1
19780	1	1	0	170801	102923.60	108.53758626	34.22462933	25.90	-0.0300	-0.0240	-1.0090	2.42	30	29	1
19781	1	1	0	170801	102923.70	108.53758159	34.22462787	25.90	0.0160	0.0190	-1.0280	1.80	30	29	1
19782	1	1	0	170801	102923.80	108.53757691	34.22462640	25.90	-0.0060	0.0180	-0.9450	1.80	30	29	1
19783	1	1	0	170801	102923.90	108.53757224	34.22462494	25.90	-0.0210	-0.0060	-0.9760	1.80	30	29	1
19784	1	1	0	170801	102924.00	108.53756759	34.22462348	25.90	0.0000	-0.0030	-0.9970	1.67	30	29	1
19785	1	1	0	170801	102924.10	108.53756293	34.22462201	25.90	-0.0160	-0.0250	-0.9810	1.67	30	29	1
19786	1	1	0	170801	102924.20	108.53755830	34.22462055	25.90	-0.0040	-0.0240	-1.0160	1.67	30	29	1
19787	1	1	0	170801	102924.30	108.53755365	34.22461909	25.90	-0.0210	0.0150	-0.9850	1.67	30	29	1
19788	1	1	0	170801	102924.40	108.53754902	34.22461763	25.90	0.0020	-0.0320	-1.0410	1.67	30	29	1
19789	1	1	0	170801	102924.50	108.53754438	34.22461616	25.90	-0.0070	-0.0140	-1.0080	1.67	30	29	1
19790	1	1	0	170801	102924.60	108.53753976	34.22461470	25.90	-0.0400	0.0050	-0.9960	1.62	30	29	1
19791	1	1	0	170801	102924.70	108.53753514	34.22461323	25.90	-0.0260	-0.0270	-1.0390	1.62	30	29	1
19792	1	1	0	170801	102924.80	108.53753054	34.22461177	25.90	-0.0390	0.0040	-1.0010	1.62	30	29	1
19793	1	1	0	170801	102924.90	108.53752594	34.22461030	25.90	-0.0330	0.0420	-1.0230	1.58	30	29	1
19794	1	1	0	170801	102925.00	108.53752136	34.22460883	25.90	-0.0140	-0.0240	-0.9940	1.58	30	29	1
19795	1	1	0	170801	102925.10	108.53751678	34.22460738	25.90	-0.0010	-0.0040	-1.0580	1.58	30	29	1
19796	1	1	0	170801	102925.20	108.53751222	34.22460592	25.90	0.0070	-0.0260	-0.9930	1.61	30	29	1
19797	1	1	0	170801	102925.30	108.53750764	34.22460444	25.90	0.0050	-0.0350	-1.0220	1.61	30	29	1
19798	1	1	0	170801	102925.40	108.53750307	34.22460298	25.90	-0.0250	-0.0310	-1.0150	1.61	30	29	1
19799	1	1	0	170801	102925.50	108.53749852	34.22460151	25.90	0.0190	-0.0180	-0.9620	1.56	30	29	1
19800	1	1	0	170801	102925.60	108.53749396	34.22460004	25.90	-0.0210	0.0400	-0.9630	1.56	30	29	1
19801	1	1	0	170801	102925.70	108.53748940	34.22459858	25.90	-0.0260	-0.0180	-1.0130	1.56	30	29	1
19802	1	1	0	170801	102925.80	108.53748486	34.22459711	25.90	-0.0120	-0.0150	-0.9440	1.48	30	29	1
19803	1	1	0	170801	102925.90	108.53748033	34.22459563	25.90	0.0160	-0.0310	-0.9860	1.48	30	29	1
19804	1	1	0	170801	102926.00	108.53747581	34.22459416	25.90	-0.0290	0.1080	-1.0100	1.48	30	29	1
19805	1	1	0	170801	102926.10	108.53747128	34.22459269	25.90	-0.0120	0.0550	-1.0680	1.45	30	29	1
19806	1	1	0	170801	102926.20	108.53746677	34.22459122	25.90	-0.0060	-0.1180	-1.0010	1.45	30	28	1
19807	1	1	0	170801	102926.30	108.53746224	34.22458976	25.90	-0.0060	0.0170	-1.0300	1.45	30	29	1
19808	1	1	0	170801	102926.40	108.53745774	34.22458828	25.90	-0.0170	0.0010	-0.9500	1.53	30	29	1
19809	1	1	0	170801	102926.50	108.53745323	34.22458680	25.90	-0.0580	0.1170	-1.0620	1.53	30	28	1
19810	1	1	0	170801	102926.60	108.53744874	34.22458529	25.90	0.0110	0.0170	-0.9680	1.53	30	29	1
19811	1	1	0	170801	102926.70	108.53744421	34.22458383	25.90	0.0630	-0.0070	-0.9910	1.55	30	29	1
19812	1	1	0	170801	102926.80	108.53743969	34.22458233	25.90	0.0380	0.0440	-1.0060	1.55	30	29	1
19813	1	1	0	170801	102926.90	108.53743513	34.22458088	25.90	0.0460	0.0440	-0.9790	1.55	30	29	1
19814	1	1	0	170801	102927.00	108.53743054	34.22457941	25.90	0.0510	0.0290	-1.0350	2.58	30	29	1
19815	1	1	0	170801	102927.10	108.53742592	34.22457796	25.90	0.0290	-0.0090	-1.0430	2.58	30	29	1
19816	1	1	0	170801	102927.20	108.53742131	34.22457647	25.90	0.0190	0.0290	-1.0010	2.58	30	29	1
19817	1	1	0	170801	102927.30	108.53741666	34.22457502	25.90	0.0050	0.0300	-0.9890	2.80	30	29	1
19818	1	1	0	170801	102927.40	108.53741195	34.22457359	25.90	-0.0100	0.0020	-0.9780	2.80	30	29	1
19819	1	1	0	170801	102927.50	108.53740730	34.22457215	25.90	0.0200	0.0040	-0.9590	2.80	30	29	1
19820	1	1	0	170801	102927.60	108.53740261	34.22457072	25.90	0.0200	0.0070	-0.9740	2.80	30	29	1
19821	1	1	0	170801	102927.70	108.53739794	34.22456930	25.90	0.0160	0.0240	-1.0120	2.33	30	29	1
19822	1	1	0	170801	102927.80	108.53739326	34.22456789	25.90	0.0140	0.0290	-1.0010	2.33	30	29	1
19823	1	1	0	170801	102927.90	108.53738859	34.22456646	25.90	-0.0150	0.0540	-1.0150	2.33	30	29	1
19824	1	1	0	170801	102928.00	108.53738391	34.22456507	25.90	-0.0060	-0.0260	-0.9780	1.88	30	29	1
19825	1	1	0	170801	102928.10	108.53737925	34.22456367	25.90	-0.0130	0.0170	-1.0240	1.88	30	29	1
19826	1	1	0	170801	102928.20	108.53737458	34.22456227	25.90	-0.0120	-0.0020	-1.0040	1.88	30	29	1
19827	1	1	0	170801	102928.30	108.53736994	34.22456087	25.90	0.0180	0.0230	-1.0130	1.70	30	29	1
19828	1	1	0	170801	102928.40	108.53736531	34.22455945	25.90	0.0050	0.0050	-1.0210	1.70	30	29	1
19829	1	1	0	170801	102928.50	108.53736067	34.22455808	25.90	-0.0340	-0.0110	-0.9830	1.70	30	29	1
19830	1	1	0	170801	102928.60	108.53735604	34.22455669	25.90	-0.0140	-0.0000	-1.0390	1.70	30	29	1
19831	1	1	0	170801	102928.70	108.53735139	34.22455531	25.90	-0.0060	-0.0020	-0.9740	1.70	30	29	1
19832	1	1	0	170801	102928.80	108.53734677	34.22455393	25.90	-0.0410	0.0030	-1.0340	1.70	30	29	1
19833	1	1	0	170801	102928.90	108.53734213	34.22455258	25.90	-0.0580	0.0300	-1.0120	1.78	30	29	1
19834	1	1	0	170801	102929.00	108.53733749	34.22455126	25.90	-0.0360	-0.0380	-1.0210	1.78	30	29	1
19835	1	1	0	170801	102929.10	108.53733290	34.22454993	25.90	0.0050	0.0000	-1.0030	1.78	30	28	1
19836	1	1	0	170801	102929.20	108.53732831	34.22454863	25.90	0.0070	0.0380	-0.9630	1.77	30	29	1
19837	1	1	0	170801	102929.30	108.53732371	34.22454731	25.90	0.0480	-0.0160	-0.9500	1.77	30	29	1
19838	1	1	0	170801	102929.40	108.53731912	34.22454602	25.90	-0.0210	0.0200	-1.0660	1.77	30	29	1
19839	1	1	0	170801	102929.50	108.53731453	34.22454472	25.90	-0.0260	0.0320	-1.0050	1.89	30	29	1
19840	1	1	0	170801	102929.60	108.53730993	34.22454344	25.90	-0.0180	0.0290	-0.9610	1.89	30	28	1
19841	1	1	0	170801	102929.70	108.53730533	34.22454215	25.90	0.0250	-0.0080	-0.9740	1.89	30	29	1
19842	1	1	0	170801	102929.80	108.53730075	34.22454083	25.90	0.0220	0.0250	-0.9870	1.97	30	29	1
19843	1	1	0	170801	102929.90	108.53729614	34.22453956	25.90	0.0700	0.0490	-1.0340	1.97	30	29	1
19844	1	1	0	170801	102930.00	108.53729151	34.22453825	25.90	0.0240	0.0220	-0.9310	1.97	30	29	1
19845	1	1	0	170801	102930.10	108.53728683	34.22453699	25.90	0.0230	0.0460	-1.1010	2.64	30	29	1
19846	1	1	0	170801	102930.20	108.53728212	34.22453570	25.90	0.0310	-0.0170	-1.0410	2.64	30	29	1
19847	1	1	0	170801	102930.30	108.53727738	34.22453444	25.90	0.0060	0.0610	-0.9950	2.64	30	29	1
19848	1	1	0	170801	102930.40	108.53727260	34.22453314	25.90	0.0540	0.0080	-0.9620	3.35	30	29	1
19849	1	1	0	170801	102930.50	108.53726786	34.22453187	25.90	-0.0500	0.0230	-1.0070	3.35	30	29	1
19850	1	1	0	170801	102930.60	108.53726308	34.22453060	25.90	-0.0050	0.0010	-0.9740	3.35	30	29	1
19851	1	1	0	170801	102930.70	108.53725833	34.22452935	25.90	-0.0100	0.0000	-1.0130	3.06	30	29	1
19852	1	1	0	170801	102930.80	108.53725358	34.22452810	25.90	-0.0330	0.0610	-1.0030	3.06	30	29	1
19853	1	1	0	170801	102930.90	108.53724883	34.22452685	25.90	0.0310	-0.0640	-1.0380	3.06	30	29	1
19854	1	1	0	170801	102931.00	108.53724410	34.22452558	25.90	-0.0260	-0.0260	-1.0510	2.42	30	29	1
19855	1	1	0	170801	102931.10	108.53723936	34.22452433	25.90	-0.0140	0.0700	-0.9720	2.42	30	29	1
19856	1	1	0	170801	102931.20	108.53723464	34.22452305	25.90	0.0520	0.0080	-1.0150	2.42	30	29	1
19857	1	1	0	170801	102931.30	108.53722990	34.22452181	25.90	0.0260	-0.0380	-0.9530	2.26	30	29	1
19858	1	1	0	170801	102931.40	108.53722519	34.22452055	25.90	0.0340	0.0670	-0.9880	2.26	30	29	1
19859	1	1	0	170801	102931.50	108.53722045	34.22451931	25.90	-0.0180	-0.0030	-0.9970	2.26	30	29	1
19860	1	1	0	170801	102931.60	108.53721574	34.22451806	25.90	0.0260	0.0300	-0.9940	2.26	30	29	1
19861	1	1	0	170801	102931.70	108.53721095	34.22451682	25.90	0.1220	-0.0230	-0.9960	2.07	30	29	1
19862	1	1	0	170801	102931.80	108.53720615	34.22451556	25.90	0.0170	0.0090	-0.9380	2.07	30	29	1
19863	1	1	0	170801	102931.90	108.53720136	34.22451432	25.90	-0.1050	0.0080	-0.9280	2.07	30	29	1
19864	1	1	0	170801	102932.00	108.53719658	34.22451308	25.90	-0.0140	-0.0130	-0.0610	2.02	30	29	1
19865	1	1	0	170801	102932.10	108.53719200	34.22451190	25.90	-0.2780	-0.0140	-0.4530	2.02	30	29	1
19866	1	1	0	170801	102932.20	108.53718745	34.22451075	25.90	0.0300	0.0300	-1.2830	2.02	30	29	1
19867	1	1	0	170801	102932.30	108.53718277	34.22450953	25.90	0.1100	0.0210	-1.2940	1.97	30	29	1
19868	1	1	0	170801	102932.40	108.53717823	34.22450831	25.90	0.0070	0.0050	-1.0430	1.97	30	29	1
19869	1	1	0	170801	102932.50	108.53717353	34.22450710	25.90	-0.0490	0.0220	-0.9000	1.97	30	29	1
19870	1	1	0	170801	102932.60	108.53716881	34.22450589	25.90	-0.0500	0.0100	-0.8790	1.97	30	29	1
19871	1	1	0	170801	102932.70	108.53716418	34.22450471	25.90	-0.0540	0.0100	-0.9770	1.97	30	28	1
19872	1	1	0	170801	102932.80	108.53715951	34.22450354	25.90	-0.0090	0.0130	-1.0260	1.97	30	29	1
19873	1	1	0	170801	102932.90	108.53715486	34.22450237	25.90	0.0860	0.0490	-1.0490	1.89	30	29	1
19874	1	1	0	170801	102933.00	108.53715025	34.22450122	25.90	0.0270	0.0020	-0.9710	1.89	30	29	1
19875	1	1	0	170801	102933.10	108.53714561	34.22450006	25.90	-0.0860	0.0000	-0.9680	1.89	30	29	1
19876	1	1	0	170801	102933.20	108.53714096	34.22449892	25.90	-0.0250	0.0290	-0.9810	1.93	30	28	1
19877	1	1	0	170801	102933.30	108.53713634	34.22449775	25.90	0.0050	0.0370	-1.0240	1.93	30	29	1
19878	1	1	0	170801	102933.40	108.53713172	34.22449660	25.90	0.0790	0.0120	-1.0370	1.93	30	29	1
19879	1	1	0	170801	102933.50	108.53712706	34.22449543	25.90	0.0150	0.0120	-0.9950	2.03	30	29	1
19880	1	1	0	170801	102933.60	108.53712239	34.22449429	25.90	0.0170	0.0140	-1.0040	2.03	30	29	1
19881	1	1	0	170801	102933.70	108.53711768	34.22449313	25.90	0.0050	0.0140	-1.0180	2.03	30	29	1
19882	1	1	0	170801	102933.80	108.53711294	34.22449194	25.90	0.0440	0.0290	-0.9470	2.74	30	29	1
19883	1	1	0	170801	102933.90	108.53710821	34.22449077	25.90	0.0390	0.0300	-1.0230	2.74	30	29	1
19884	1	1	0	170801	102934.00	108.53710343	34.22448960	25.90	0.0270	-0.0150	-1.0010	2.74	30	29	1
19885	1	1	0	170801	102934.10	108.53709866	34.22448840	25.90	0.0220	-0.0290	-1.0390	3.26	30	29	1
19886	1	1	0	170801	102934.20	108.53709386	34.22448722	25.90	0.0150	-0.0210	-1.0300	3.26	30	29	1
19887	1	1	0	170801	102934.30	108.53708909	34.22448603	25.90	-0.0080	0.0190	-0.9970	3.26	30	29	1
19888	1	1	0	170801	102934.40	108.53708432	34.22448483	25.90	-0.0180	0.0100	-0.9660	2.93	30	29	1
19889	1	1	0	170801	102934.50	108.53707956	34.22448364	25.90	-0.0100	0.0000	-1.0680	2.93	30	29	1
19890	1	1	0	170801	102934.60	108.53707485	34.22448243	25.90	-0.0210	-0.0200	-0.9920	2.93	30	29	1
19891	1	1	0	170801	102934.70	108.53707007	34.22448123	25.90	0.0080	0.0080	-1.0570	2.30	30	29	1
19892	1	1	0	170801	102934.80	108.53706542	34.22447996	25.90	0.0100	-0.0020	-0.9810	2.30	30	29	1
19893	1	1	0	170801	102934.90	108.53706066	34.22447877	25.90	0.0040	0.0010	-1.0410	2.30	30	29	1
19894	1	1	0	170801	102935.00	108.53705595	34.22447753	25.90	-0.0120	0.0040	-0.9610	2.15	30	29	1
19895	1	1	0	170801	102935.10	108.53705122	34.22447635	25.90	-0.0300	0.0150	-1.0160	2.15	30	29	1
19896	1	1	0	170801	102935.20	108.53704647	34.22447514	25.90	-0.0120	0.0120	-1.0620	2.15	30	29	1
19897	1	1	0	170801	102935.30	108.53704175	34.22447395	25.90	-0.0130	-0.0080	-0.9440	2.01	30	29	1
19898	1	1	0	170801	102935.40	108.53703704	34.22447274	25.90	-0.0130	0.0120	-1.0400	2.01	30	29	1
19899	1	1	0	170801	102935.50	108.53703233	34.22447155	25.90	-0.0090	-0.0110	-1.0060	2.01	30	29	1
19900	1	1	0	170801	102935.60	108.53702764	34.22447033	25.90	-0.0190	0.0050	-1.0000	2.01	30	29	1
19901	1	1	0	170801	102935.70	108.53702296	34.22446915	25.90	0.0110	0.0150	-0.9710	1.95	30	29	1
19902	1	1	0	170801	102935.80	108.53701814	34.22446792	25.90	0.0160	0.0280	-1.0490	1.95	30	28	1
19903	1	1	0	170801	102935.90	108.53701346	34.22446674	25.90	-0.0140	-0.0070	-1.0130	1.95	30	29	1
19904	1	1	0	170801	102936.00	108.53700884	34.22446555	25.90	-0.0050	0.0050	-1.0470	1.89	30	29	1
19905	1	1	0	170801	102936.10	108.53700417	34.22446437	25.90	0.0090	0.0230	-1.0360	1.89	30	29	1
19906	1	1	0	170801	102936.20	108.53699954	34.22446317	25.90	-0.0020	-0.0120	-0.9330	1.89	30	29	1
19907	1	1	0	170801	102936.30	108.53699490	34.22446200	25.90	-0.0130	0.0090	-0.9700	1.80	30	29	1
19908	1	1	0	170801	102936.40	108.53699031	34.22446079	25.90	-0.0110	0.0090	-1.0370	1.80	30	29	1
19909	1	1	0	170801	102936.50	108.53698568	34.22445962	25.90	0.0560	0.0050	-1.0510	1.80	30	29	1
19910	1	1	0	170801	102936.60	108.53698111	34.22445846	25.90	0.0340	-0.0090	-1.0170	1.57	30	29	1
19911	1	1	0	170801	102936.70	108.53697641	34.22445726	25.90	0.0530	0.0040	-1.0140	1.57	30	29	1
19912	1	1	0	170801	102936.80	108.53697179	34.22445609	25.90	0.0480	0.0170	-0.9550	1.57	30	29	1
19913	1	1	0	170801	102936.90	108.53696708	34.22445489	25.90	0.0360	0.0800	-0.9710	2.36	30	29	1
19914	1	1	0	170801	102937.00	108.53696239	34.22445379	25.90	0.0270	-0.0100	-1.0150	2.36	30	29	1
19915	1	1	0	170801	102937.10	108.53695764	34.22445259	25.90	0.0240	0.0180	-1.0730	2.36	30	29	1
19916	1	1	0	170801	102937.20	108.53695284	34.22445148	25.90	0.0060	0.0260	-1.0010	2.84	30	29	1
19917	1	1	0	170801	102937.30	108.53694809	34.22445026	25.90	0.0060	0.0110	-1.0040	2.84	30	29	1
19918	1	1	0	170801	102937.40	108.53694346	34.22444927	25.90	-0.0300	-0.0010	-0.9800	2.84	30	29	1
19919	1	1	0	170801	102937.50	108.53693870	34.22444806	25.90	-0.0240	0.0510	-1.0340	2.41	30	29	1
19920	1	1	0	170801	102937.60	108.53693390	34.22444692	25.90	0.0190	0.0160	-1.0210	2.41	30	29	1
19921	1	1	0	170801	102937.70	108.53692912	34.22444575	25.90	-0.0120	0.0090	-0.9470	2.41	30	29	1
19922	1	1	0	170801	102937.80	108.53692428	34.22444447	25.90	-0.0130	0.0180	-1.0650	1.68	30	29	1
19923	1	1	0	170801	102937.90	108.53691951	34.22444330	25.90	-0.0050	-0.0080	-0.9800	1.68	30	29	1
19924	1	1	0	170801	102938.00	108.53691480	34.22444206	25.90	-0.0240	0.0080	-0.9310	1.68	30	29	1
19925	1	1	0	170801	102938.10	108.53691008	34.22444086	25.90	-0.0410	0.0470	-0.9820	1.47	30	29	1
19926	1	1	0	170801	102938.20	108.53690542	34.22443960	25.90	-0.0080	0.0220	-1.0920	1.47	30	29	1
19927	1	1	0	170801	102938.30	108.53690066	34.22443840	25.90	0.0060	-0.0120	-0.9630	1.47	30	29	1
19928	1	1	0	170801	102938.40	108.53689609	34.22443724	25.90	-0.0090	0.0170	-1.0130	1.43	30	29	1
19929	1	1	0	170801	102938.50	108.53689136	34.22443604	25.90	0.0150	0.0040	-1.0780	1.43	30	29	1
19930	1	1	0	170801	102938.60	108.53688664	34.22443487	25.90	-0.0290	0.0070	-0.9180	1.43	30	29	1
19931	1	1	0	170801	102938.70	108.53688195	34.22443369	25.90	0.0210	-0.0040	-1.0150	1.39	30	29	1
19932	1	1	0	170801	102938.80	108.53687721	34.22443234	25.90	0.0000	0.0140	-0.9700	1.39	30	29	1
19933	1	1	0	170801	102938.90	108.53687253	34.22443115	25.90	-0.0070	-0.0030	-1.0610	1.39	30	29	1
19934	1	1	0	170801	102939.00	108.53686787	34.22442989	25.90	-0.0170	0.0410	-0.9720	1.38	30	29	1
19935	1	1	0	170801	102939.10	108.53686323	34.22442873	25.90	-0.0080	-0.0050	-0.9470	1.38	30	29	1
19936	1	1	0	170801	102939.20	108.53685872	34.22442728	25.90	-0.0190	-0.0000	-0.9340	1.38	30	29	1
19937	1	1	0	170801	102939.30	108.53685410	34.22442612	25.90	-0.0010	0.0200	-1.0940	1.36	30	29	1
19938	1	1	0	170801	102939.40	108.53684963	34.22442493	25.90	0.0110	-0.0070	-1.0160	1.36	30	28	1
19939	1	1	0	170801	102939.50	108.53684499	34.22442375	25.90	0.0080	0.0130	-1.0010	1.36	30	29	1
19940	1	1	0	170801	102939.60	108.53684033	34.22442272	25.90	0.0150	0.0150	-1.0040	1.36	30	29	1
19941	1	1	0	170801	102939.70	108.53683572	34.22442155	25.90	-0.0190	-0.0120	-1.0080	1.34	30	29	1
19942	1	1	0	170801	102939.80	108.53683100	34.22442050	25.90	0.0130	0.0010	-1.0060	1.34	30	29	1
19943	1	1	0	170801	102939.90	108.53682635	34.22441933	25.90	0.0320	0.0040	-1.0340	1.34	30	29	1
19944	1	1	0	170801	102940.00	108.53682162	34.22441828	25.90	0.0230	-0.0050	-0.9720	1.45	30	29	1
19945	1	1	0	170801	102940.10	108.53681693	34.22441709	25.90	0.0470	0.0190	-0.9890	1.45	30	29	1
19946	1	1	0	170801	102940.20	108.53681214	34.22441600	25.90	0.0620	-0.0010	-1.0060	1.45	30	29	1
19947	1	1	0	170801	102940.30	108.53680739	34.22441480	25.90	0.0510	0.0170	-1.0200	2.65	30	29	1
19948	1	1	0	170801	102940.40	108.53680255	34.22441366	25.90	0.0180	-0.0150	-0.9740	2.65	30	29	1
19949	1	1	0	170801	102940.50	108.53679776	34.22441246	25.90	0.0030	0.0130	-1.0120	2.65	30	29	1
19950	1	1	0	170801	102940.60	108.53679290	34.22441132	27.75	-0.0180	0.0120	-1.0370	2.99	30	29	1
19951	1	1	0	170801	102940.70	108.53678810	34.22441009	27.75	0.0080	0.0310	-1.0440	2.99	30	29	1
19952	1	1	0	170801	102940.80	108.53678324	34.22440893	27.75	-0.0170	0.0040	-0.9380	2.99	30	30	1
19953	1	1	0	170801	102940.90	108.53677846	34.22440773	27.75	-0.0080	0.0050	-1.0500	2.36	30	29	1
19954	1	1	0	170801	102941.00	108.53677359	34.22440660	25.90	-0.0080	0.0180	-0.9560	2.36	30	29	1
19955	1	1	0	170801	102941.10	108.53676883	34.22440539	25.90	-0.0270	0.0320	-1.0210	2.36	30	29	1
19956	1	1	0	170801	102941.20	108.53676408	34.22440423	25.90	-0.0040	0.0130	-1.0200	1.65	30	29	1
19957	1	1	0	170801	102941.30	108.53675932	34.22440302	25.90	0.0310	0.0150	-1.0040	1.65	30	29	1
19958	1	1	0	170801	102941.40	108.53675456	34.22440185	25.90	-0.0010	0.0110	-1.0080	1.65	30	29	1
19959	1	1	0	170801	102941.50	108.53674980	34.22440066	25.90	-0.0160	-0.0040	-0.9980	1.49	30	29	1
19960	1	1	0	170801	102941.60	108.53674505	34.22439948	25.90	-0.0100	0.0310	-0.9400	1.49	30	29	1
19961	1	1	0	170801	102941.70	108.53674031	34.22439828	25.90	-0.0320	0.0110	-0.9770	1.49	30	29	1
19962	1	1	0	170801	102941.80	108.53673560	34.22439708	25.90	0.0020	0.0150	-0.9990	1.40	30	29	1
19963	1	1	0	170801	102941.90	108.53673087	34.22439588	25.90	0.0050	0.0160	-1.0020	1.40	30	29	1
19964	1	1	0	170801	102942.00	108.53672618	34.22439465	25.90	-0.0010	0.0050	-0.9690	1.40	30	29	1
19965	1	1	0	170801	102942.10	108.53672147	34.22439346	25.90	-0.0100	0.0130	-0.9860	1.40	30	29	1
19966	1	1	0	170801	102942.20	108.53671681	34.22439224	25.90	0.0040	0.0060	-1.0120	1.40	30	29	1
19967	1	1	0	170801	102942.30	108.53671212	34.22439105	25.90	-0.0610	0.0420	-1.0130	1.40	30	29	1
19968	1	1	0	170801	102942.40	108.53670739	34.22438977	25.90	-0.0150	0.0090	-1.0220	1.37	30	29	1
19969	1	1	0	170801	102942.50	108.53670271	34.22438859	25.90	-0.0100	-0.0070	-0.9940	1.37	30	29	1
19970	1	1	0	170801	102942.60	108.53669798	34.22438736	25.90	-0.0270	-0.0050	-1.0100	1.37	30	29	1
19971	1	1	0	170801	102942.70	108.53669333	34.22438618	25.90	-0.0330	0.0460	-1.0350	1.39	30	29	1
19972	1	1	0	170801	102942.80	108.53668864	34.22438495	25.90	-0.0200	0.0100	-0.9170	1.39	30	28	1
19973	1	1	0	170801	102942.90	108.53668403	34.22438378	25.90	0.0050	0.0270	-1.0630	1.39	30	29	1
19974	1	1	0	170801	102943.00	108.53667940	34.22438258	25.90	0.0610	0.0170	-0.9880	1.36	30	28	1
19975	1	1	0	170801	102943.10	108.53667475	34.22438141	25.90	0.0700	0.0010	-1.0410	1.36	30	29	1
19976	1	1	0	170801	102943.20	108.53667010	34.22438020	25.90	0.0290	0.0200	-1.0550	1.36	30	29	1
19977	1	1	0	170801	102943.30	108.53666544	34.22437902	25.90	0.0330	0.0410	-1.0340	1.40	30	29	1
19978	1	1	0	170801	102943.40	108.53666073	34.22437779	25.90	0.0080	0.0120	-0.9300	1.40	30	29	1
19979	1	1	0	170801	102943.50	108.53665606	34.22437661	25.90	0.0290	-0.0020	-1.0100	1.40	30	29	1
19980	1	1	0	170801	102943.60	108.53665135	34.22437539	25.90	0.0230	0.0230	-1.0440	1.40	30	29	1
19981	1	1	0	170801	102943.70	108.53664661	34.22437420	25.90	0.0240	0.0080	-1.0460	2.36	30	29	1
19982	1	1	0	170801	102943.80	108.53664186	34.22437297	25.90	0.0070	0.0350	-1.0810	2.36	30	29	1
19983	1	1	0	170801	102943.90	108.53663710	34.22437176	25.90	-0.0060	0.0050	-1.0040	2.36	30	29	1
19984	1	1	0	170801	102944.00	108.53663231	34.22437048	25.90	-0.0160	0.0090	-0.9460	2.80	30	29	1
19985	1	1	0	170801	102944.10	108.53662755	34.22436928	25.90	0.0170	0.0110	-0.9660	2.80	30	29	1
19986	1	1	0	170801	102944.20	108.53662281	34.22436801	25.90	0.0170	0.0180	-0.9700	2.80	30	29	1
19987	1	1	0	170801	102944.30	108.53661805	34.22436681	25.90	0.0070	-0.0000	-1.0410	2.25	30	29	1
19988	1	1	0	170801	102944.40	108.53661336	34.22436556	25.90	-0.0130	-0.0090	-1.0220	2.25	30	29	1
19989	1	1	0	170801	102944.50	108.53660860	34.22436437	25.90	-0.0220	0.0020	-1.0340	2.25	30	29	1
19990	1	1	0	170801	102944.60	108.53660376	34.22436308	25.90	-0.0200	0.0340	-0.9710	1.72	30	29	1
19991	1	1	0	170801	102944.70	108.53659901	34.22436189	25.90	-0.0060	-0.0020	-0.9380	1.72	30	29	1
19992	1	1	0	170801	102944.80	108.53659419	34.22436062	25.90	0.0030	0.0090	-1.0000	1.72	30	29	1
19993	1	1	0	170801	102944.90	108.53658946	34.22435944	25.90	0.0010	0.0420	-1.0180	1.50	30	29	1
19994	1	1	0	170801	102945.00	108.53658464	34.22435819	25.90	0.0040	-0.0170	-1.0060	1.50	30	29	1
19995	1	1	0	170801	102945.10	108.53657993	34.22435699	25.90	-0.0270	0.0400	-1.0350	1.50	30	29	1
19996	1	1	0	170801	102945.20	108.53657515	34.22435576	25.90	-0.0210	0.0130	-0.9640	1.44	30	29	1
19997	1	1	0	170801	102945.30	108.53657047	34.22435458	25.90	-0.0100	-0.0050	-0.9980	1.44	30	29	1
19998	1	1	0	170801	102945.40	108.53656575	34.22435334	25.90	0.0220	0.0400	-0.9700	1.44	30	29	1
19999	1	1	0	170801	102945.50	108.53656108	34.22435217	25.90	0.0070	0.0550	-0.9570	1.43	30	29	1
20000	1	1	0	170801	102945.60	108.53655641	34.22435091	25.90	-0.0020	0.0040	-1.0760	1.43	30	29	1
20001	1	1	0	170801	102945.70	108.53655174	34.22434974	25.90	-0.0320	0.0290	-1.0160	1.43	30	29	1
20002	1	1	0	170801	102945.80	108.53654707	34.22434849	25.90	-0.0470	0.0410	-1.0210	1.40	30	29	1
20003	1	1	0	170801	102945.90	108.53654243	34.22434735	25.90	-0.0450	0.0110	-0.9640	1.40	30	29	1
20004	1	1	0	170801	102946.00	108.53653778	34.22434612	25.90	0.0020	0.0240	-1.0250	1.40	30	29	1
20005	1	1	0	170801	102946.10	108.53653313	34.22434496	25.90	0.0560	0.0270	-1.0470	1.41	30	29	1
20006	1	1	0	170801	102946.20	108.53652846	34.22434376	25.90	0.0140	0.0050	-1.0020	1.41	30	29	1
20007	1	1	0	170801	102946.30	108.53652380	34.22434260	25.90	0.0260	0.0240	-1.0020	1.41	30	29	1
20008	1	1	0	170801	102946.40	108.53651904	34.22434133	25.90	0.0500	0.0270	-0.9870	2.24	30	29	1
20009	1	1	0	170801	102946.50	108.53651432	34.22434017	25.90	0.0450	0.0340	-0.9550	2.24	30	29	1
20010	1	1	0	170801	102946.60	108.53650949	34.22433895	25.90	0.0600	0.0000	-1.0380	2.24	30	29	1
20011	1	1	0	170801	102946.70	108.53650473	34.22433777	25.90	0.0380	-0.0080	-0.9870	2.87	30	29	1
20012	1	1	0	170801	102946.80	108.53649988	34.22433654	25.90	0.0260	0.0140	-1.0340	2.87	30	29	1
20013	1	1	0	170801	102946.90	108.53649509	34.22433536	25.90	0.0210	0.0350	-1.0000	2.87	30	29	1
20014	1	1	0	170801	102947.00	108.53649024	34.22433410	27.75	-0.0330	-0.0180	-1.0040	2.78	30	30	1
20015	1	1	0	170801	102947.10	108.53648545	34.22433291	25.90	0.0180	0.0030	-1.0020	2.78	30	29	1
20016	1	1	0	170801	102947.20	108.53648063	34.22433166	27.75	0.0270	0.0230	-1.0350	2.78	30	29	1
20017	1	1	0	170801	102947.30	108.53647581	34.22433047	27.75	-0.0250	0.0160	-0.9850	2.15	30	30	1
20018	1	1	0	170801	102947.40	108.53647099	34.22432923	25.90	-0.0160	0.0090	-1.0310	2.15	30	29	1
20019	1	1	0	170801	102947.50	108.53646619	34.22432803	25.90	-0.0270	0.0220	-0.9950	2.15	30	29	1
20020	1	1	0	170801	102947.60	108.53646137	34.22432679	25.90	-0.0170	0.0090	-1.0070	2.15	30	30	1
20021	1	1	0	170801	102947.70	108.53645659	34.22432557	25.90	-0.0030	-0.0050	-0.9970	1.90	30	29	1
20022	1	1	0	170801	102947.80	108.53645180	34.22432433	25.90	-0.0180	0.0420	-0.9770	1.90	30	29	1
20023	1	1	0	170801	102947.90	108.53644701	34.22432313	25.90	0.0220	0.0160	-1.0600	1.90	30	29	1
20024	1	1	0	170801	102948.00	108.53644221	34.22432188	25.90	0.0140	0.0110	-0.9840	1.72	30	29	1
20025	1	1	0	170801	102948.10	108.53643742	34.22432068	25.90	-0.0160	0.0160	-1.0330	1.72	30	29	1
20026	1	1	0	170801	102948.20	108.53643262	34.22431946	25.90	-0.0260	0.0210	-0.9520	1.72	30	29	1
20027	1	1	0	170801	102948.30	108.53642786	34.22431826	25.90	-0.0090	0.0280	-1.0580	1.65	30	29	1
20028	1	1	0	170801	102948.40	108.53642307	34.22431706	25.90	-0.0140	0.0260	-0.9980	1.65	30	29	1
20029	1	1	0	170801	102948.50	108.53641829	34.22431586	25.90	0.0140	0.0210	-1.0140	1.65	30	29	1
20030	1	1	0	170801	102948.60	108.53641350	34.22431467	25.90	-0.0300	0.0280	-1.0030	1.62	30	29	1
20031	1	1	0	170801	102948.70	108.53640876	34.22431347	25.90	-0.0190	0.0640	-1.0330	1.62	30	29	1
20032	1	1	0	170801	102948.80	108.53640391	34.22431225	25.90	-0.0420	0.0370	-0.9340	1.62	30	29	1
20033	1	1	0	170801	102948.90	108.53639917	34.22431107	25.90	0.0060	0.0110	-1.0430	1.60	30	29	1
20034	1	1	0	170801	102949.00	108.53639436	34.22430986	25.90	-0.0320	0.0150	-0.9740	1.60	30	29	1
20035	1	1	0	170801	102949.10	108.53638962	34.22430866	25.90	-0.0150	0.0170	-1.0190	1.60	30	29	1
20036	1	1	0	170801	102949.20	108.53638486	34.22430748	25.90	0.0060	0.0330	-0.9870	1.59	30	29	1
20037	1	1	0	170801	102949.30	108.53638015	34.22430630	25.90	-0.0150	0.0260	-1.0090	1.59	30	29	1
20038	1	1	0	170801	102949.40	108.53637534	34.22430509	25.90	-0.0470	0.0100	-1.0240	1.59	30	29	1
20039	1	1	0	170801	102949.50	108.53637065	34.22430392	25.90	-0.0120	0.0250	-1.0160	1.57	30	29	1
20040	1	1	0	170801	102949.60	108.53636592	34.22430273	25.90	-0.0010	0.0230	-0.9980	1.57	30	29	1
20041	1	1	0	170801	102949.70	108.53636123	34.22430155	25.90	0.0010	0.0270	-0.9110	1.57	30	29	1
20042	1	1	0	170801	102949.80	108.53635657	34.22430039	25.90	0.0290	-0.0150	-1.0190	1.58	30	29	1
20043	1	1	0	170801	102949.90	108.53635190	34.22429920	25.90	0.0300	0.0290	-1.0300	1.58	30	29	1
20044	1	1	0	170801	102950.00	108.53634725	34.22429803	25.90	0.0060	0.0340	-1.0030	1.58	30	29	1
20045	1	1	0	170801	102950.10	108.53634260	34.22429684	25.90	0.0220	0.0330	-0.9980	1.57	30	29	1
20046	1	1	0	170801	102950.20	108.53633794	34.22429564	25.90	-0.0650	0.0530	-1.0460	1.57	30	29	1
20047	1	1	0	170801	102950.30	108.53633327	34.22429445	25.90	0.0190	0.0270	-1.0640	1.57	30	28	1
20048	1	1	0	170801	102950.40	108.53632858	34.22429325	25.90	-0.0280	0.0180	-1.0410	1.66	30	28	1
20049	1	1	0	170801	102950.50	108.53632393	34.22429207	25.90	0.0380	-0.0220	-0.9410	1.66	30	29	1
20050	1	1	0	170801	102950.60	108.53631923	34.22429088	25.90	0.0030	0.0180	-1.0040	1.66	30	29	1
20051	1	1	0	170801	102950.70	108.53631456	34.22428968	25.90	0.0600	0.0130	-0.9610	2.22	30	29	1
20052	1	1	0	170801	102950.80	108.53630983	34.22428848	25.90	0.0710	-0.0030	-0.9930	2.22	30	29	1
20053	1	1	0	170801	102950.90	108.53630509	34.22428726	25.90	0.0540	0.0460	-1.0670	2.22	30	29	1
20054	1	1	0	170801	102951.00	108.53630031	34.22428605	25.90	0.0250	0.0110	-1.0010	2.96	30	29	1
20055	1	1	0	170801	102951.10	108.53629553	34.22428484	25.90	0.0130	0.0150	-1.0030	2.96	30	29	1
20056	1	1	0	170801	102951.20	108.53629068	34.22428362	27.75	0.0010	0.0240	-0.9280	2.96	30	30	1
20057	1	1	0	170801	102951.30	108.53628589	34.22428239	27.75	-0.0080	-0.0030	-1.1060	2.96	30	29	1
20058	1	1	0	170801	102951.40	108.53628105	34.22428117	27.75	-0.0060	0.0220	-0.9680	2.96	30	29	1
20059	1	1	0	170801	102951.50	108.53627624	34.22427995	27.75	0.0150	0.0140	-1.0230	2.96	30	30	1
20060	1	1	0	170801	102951.60	108.53627141	34.22427872	27.75	-0.0150	0.0070	-0.9730	2.96	30	29	1
20061	1	1	0	170801	102951.70	108.53626664	34.22427751	25.90	0.0330	0.0210	-0.9980	2.23	30	30	1
20062	1	1	0	170801	102951.80	108.53626184	34.22427630	25.90	0.0010	0.0170	-1.0100	2.23	30	29	1
20063	1	1	0	170801	102951.90	108.53625707	34.22427509	25.90	-0.0210	-0.0090	-1.0280	2.23	30	29	1
20064	1	1	0	170801	102952.00	108.53625229	34.22427390	25.90	0.0130	0.0560	-1.0120	2.12	30	29	1
20065	1	1	0	170801	102952.10	108.53624751	34.22427269	25.90	-0.0040	0.0270	-1.0210	2.12	30	29	1
20066	1	1	0	170801	102952.20	108.53624274	34.22427150	25.90	-0.0290	0.0110	-1.0310	2.12	30	29	1
20067	1	1	0	170801	102952.30	108.53623799	34.22427030	25.90	-0.0270	-0.0200	-1.0240	2.05	30	29	1
20068	1	1	0	170801	102952.40	108.53623320	34.22426911	25.90	-0.0670	0.0490	-0.9460	2.05	30	29	1
20069	1	1	0	170801	102952.50	108.53622846	34.22426791	25.90	-0.0370	-0.0220	-0.9920	2.05	30	29	1
20070	1	1	0	170801	102952.60	108.53622372	34.22426673	25.90	0.0070	-0.0080	-0.9900	2.01	30	29	1
20071	1	1	0	170801	102952.70	108.53621898	34.22426553	25.90	0.0310	0.0300	-1.0170	2.01	30	29	1
20072	1	1	0	170801	102952.80	108.53621426	34.22426435	25.90	-0.0020	0.0130	-0.9490	2.01	30	29	1
20073	1	1	0	170801	102952.90	108.53620953	34.22426317	25.90	-0.0180	0.0130	-1.0870	1.97	30	29	1
20074	1	1	0	170801	102953.00	108.53620480	34.22426199	25.90	0.0160	0.0180	-0.8960	1.97	30	29	1
20075	1	1	0	170801	102953.10	108.53620011	34.22426081	25.90	-0.0370	0.0260	-1.0710	1.97	30	29	1
20076	1	1	0	170801	102953.20	108.53619542	34.22425964	25.90	-0.0540	-0.0100	-0.9790	1.95	30	29	1
20077	1	1	0	170801	102953.30	108.53619073	34.22425847	25.90	-0.0300	0.0130	-0.9370	1.95	30	29	1
20078	1	1	0	170801	102953.40	108.53618608	34.22425731	25.90	-0.0550	-0.0120	-1.0400	1.95	30	28	1
20079	1	1	0	170801	102953.50	108.53618144	34.22425615	25.90	-0.0150	0.0760	-1.0150	1.93	30	29	1
20080	1	1	0	170801	102953.60	108.53617682	34.22425500	25.90	0.0030	0.0150	-0.9240	1.93	30	28	1
20081	1	1	0	170801	102953.70	108.53617218	34.22425384	25.90	0.0150	0.0400	-1.0190	1.93	30	29	1
20082	1	1	0	170801	102953.80	108.53616757	34.22425271	25.90	-0.0030	-0.0010	-0.9560	1.92	30	29	1
20083	1	1	0	170801	102953.90	108.53616294	34.22425153	25.90	0.0700	0.0140	-1.0380	1.92	30	29	1
20084	1	1	0	170801	102954.00	108.53615830	34.22425037	25.90	0.0590	0.0610	-0.9780	1.92	30	29	1
20085	1	1	0	170801	102954.10	108.53615364	34.22424921	25.90	0.0450	0.0030	-1.0070	2.33	30	29	1
20086	1	1	0	170801	102954.20	108.53614897	34.22424804	25.90	0.0450	-0.0170	-1.0190	2.33	30	29	1
20087	1	1	0	170801	102954.30	108.53614425	34.22424686	25.90	0.0460	0.0280	-0.9860	2.33	30	29	1
20088	1	1	0	170801	102954.40	108.53613952	34.22424568	25.90	0.0610	-0.0000	-1.0510	3.45	30	29	1
20089	1	1	0	170801	102954.50	108.53613474	34.22424449	25.90	0.0850	0.0420	-1.0000	3.45	30	29	1
20090	1	1	0	170801	102954.60	108.53612993	34.22424329	25.90	0.0300	0.0180	-1.0360	3.45	30	29	1
20091	1	1	0	170801	102954.70	108.53612511	34.22424207	27.75	0.0270	0.0010	-1.0280	3.43	30	29	1
20092	1	1	0	170801	102954.80	108.53612027	34.22424086	27.75	-0.0500	0.0160	-0.9080	3.43	30	30	1
20093	1	1	0	170801	102954.90	108.53611546	34.22423966	27.75	-0.0280	0.0800	-0.9720	3.43	30	30	1
20094	1	1	0	170801	102955.00	108.53611066	34.22423845	27.75	-0.0020	0.0150	-0.9480	2.71	30	29	1
20095	1	1	0	170801	102955.10	108.53610587	34.22423724	27.75	0.0050	0.0280	-1.0550	2.71	30	30	1
20096	1	1	0	170801	102955.20	108.53610111	34.22423604	25.90	0.0360	0.0410	-0.9810	2.71	30	29	1
20097	1	1	0	170801	102955.30	108.53609629	34.22423484	25.90	-0.0270	-0.0280	-1.0330	2.43	30	30	1
20098	1	1	0	170801	102955.40	108.53609152	34.22423364	25.90	-0.0500	0.0110	-1.0390	2.43	30	29	1
20099	1	1	0	170801	102955.50	108.53608675	34.22423243	25.90	-0.0310	0.0390	-0.9660	2.43	30	29	1
20100	1	1	0	170801	102955.60	108.53608200	34.22423124	25.90	-0.0140	0.0320	-1.0900	2.43	30	29	1
20101	1	1	0	170801	102955.70	108.53607721	34.22423003	25.90	0.0020	-0.0030	-1.0970	2.43	30	29	1
20102	1	1	0	170801	102955.80	108.53607244	34.22422882	25.90	-0.0250	0.0460	-0.9840	2.43	30	29	1
20103	1	1	0	170801	102955.90	108.53606767	34.22422762	25.90	-0.0240	0.0140	-0.9730	2.43	30	29	1
20104	1	1	0	170801	102956.00	108.53606290	34.22422642	25.90	-0.0070	-0.0070	-1.0390	2.18	30	29	1
20105	1	1	0	170801	102956.10	108.53605813	34.22422521	25.90	-0.0020	0.0100	-1.0090	2.18	30	29	1
20106	1	1	0	170801	102956.20	108.53605337	34.22422402	25.90	-0.0160	-0.0070	-0.9870	2.18	30	29	1
20107	1	1	0	170801	102956.30	108.53604863	34.22422283	25.90	0.0010	0.0090	-0.9640	2.18	30	29	1
20108	1	1	0	170801	102956.40	108.53604389	34.22422164	25.90	0.0050	-0.0110	-0.9500	2.18	30	29	1
20109	1	1	0	170801	102956.50	108.53603916	34.22422043	25.90	-0.0080	-0.0030	-1.0000	2.18	30	29	1
20110	1	1	0	170801	102956.60	108.53603445	34.22421924	25.90	-0.0080	0.0100	-1.0700	2.03	30	29	1
20111	1	1	0	170801	102956.70	108.53602973	34.22421805	25.90	0.0010	-0.0050	-0.9680	2.03	30	29	1
20112	1	1	0	170801	102956.80	108.53602504	34.22421686	25.90	-0.0540	0.0190	-0.9870	2.03	30	29	1
20113	1	1	0	170801	102956.90	108.53602035	34.22421567	25.90	0.0040	0.0430	-1.0080	1.96	30	29	1
20114	1	1	0	170801	102957.00	108.53601567	34.22421449	25.90	-0.0680	0.0020	-0.9770	1.96	30	29	1
20115	1	1	0	170801	102957.10	108.53601100	34.22421331	25.90	-0.0380	0.0420	-0.9750	1.96	30	29	1
20116	1	1	0	170801	102957.20	108.53600637	34.22421214	25.90	0.0160	0.0160	-1.0150	1.96	30	29	1
20117	1	1	0	170801	102957.30	108.53600173	34.22421097	25.90	0.0110	0.0190	-0.9310	1.96	30	29	1
20118	1	1	0	170801	102957.40	108.53599712	34.22420981	25.90	0.0380	0.0100	-1.0970	1.96	30	29	1
20119	1	1	0	170801	102957.50	108.53599248	34.22420865	25.90	0.0080	0.0360	-0.9620	1.88	30	28	1
20120	1	1	0	170801	102957.60	108.53598786	34.22420748	25.90	0.0040	0.0170	-1.0160	1.88	30	29	1
20121	1	1	0	170801	102957.70	108.53598320	34.22420631	25.90	-0.0080	0.0080	-1.0070	1.88	30	29	1
20122	1	1	0	170801	102957.80	108.53597855	34.22420514	25.90	0.0330	0.0170	-0.9870	2.02	30	29	1
20123	1	1	0	170801	102957.90	108.53597390	34.22420397	25.90	0.0760	0.0240	-0.8640	2.02	30	29	1
20124	1	1	0	170801	102958.00	108.53596924	34.22420279	25.90	0.0490	-0.0410	-1.0060	2.02	30	29	1
20125	1	1	0	170801	102958.10	108.53596455	34.22420159	25.90	0.0440	0.0020	-1.0930	2.49	30	29	1
20126	1	1	0	170801	102958.20	108.53595983	34.22420040	25.90	0.0580	0.0470	-1.0350	2.49	30	29	1
20127	1	1	0	170801	102958.30	108.53595506	34.22419919	25.90	0.0330	-0.0010	-0.9620	2.49	30	29	1
20128	1	1	0	170801	102958.40	108.53595026	34.22419797	25.90	0.0180	0.0140	-1.0160	3.42	30	30	1
20129	1	1	0	170801	102958.50	108.53594548	34.22419675	25.90	-0.0080	0.0240	-1.0160	3.42	30	29	1
20130	1	1	0	170801	102958.60	108.53594065	34.22419552	27.75	0.0190	0.0150	-0.9820	3.42	30	29	1
20131	1	1	0	170801	102958.70	108.53593584	34.22419430	27.75	0.0090	-0.0030	-1.0030	3.23	30	30	1
20132	1	1	0	170801	102958.80	108.53593102	34.22419308	27.75	0.0090	0.0340	-1.0310	3.23	30	29	1
20133	1	1	0	170801	102958.90	108.53592621	34.22419186	27.75	-0.0060	0.0130	-0.9520	3.23	30	30	1
20134	1	1	0	170801	102959.00	108.53592140	34.22419064	27.75	-0.0140	0.0230	-0.9560	2.46	30	29	1
20135	1	1	0	170801	102959.10	108.53591661	34.22418942	27.75	0.0060	0.0060	-1.0200	2.46	30	29	1
20136	1	1	0	170801	102959.20	108.53591182	34.22418821	25.90	-0.0420	0.0270	-1.0360	2.46	30	30	1
20137	1	1	0	170801	102959.30	108.53590704	34.22418698	25.90	0.0120	-0.0080	-1.0320	2.22	30	29	1
20138	1	1	0	170801	102959.40	108.53590225	34.22418577	25.90	-0.0300	-0.0070	-0.9620	2.22	30	29	1
20139	1	1	0	170801	102959.50	108.53589745	34.22418454	25.90	-0.0190	-0.0370	-0.9790	2.22	30	29	1
20140	1	1	0	170801	102959.60	108.53589271	34.22418333	25.90	0.0110	-0.0080	-0.9530	2.22	30	29	1
20141	1	1	0	170801	102959.70	108.53588794	34.22418211	25.90	-0.0140	-0.0080	-0.9800	2.12	30	30	1
20142	1	1	0	170801	102959.80	108.53588321	34.22418090	25.90	0.0280	-0.0850	-0.7600	2.12	30	29	1
20143	1	1	0	170801	102959.90	108.53587844	34.22417968	25.90	0.0090	-0.0130	-1.0420	2.12	30	29	1
20144	1	1	0	170801	103000.00	108.53587370	34.22417848	25.90	0.0100	0.0200	-1.0280	1.93	30	29	1
20145	1	1	0	170801	103000.10	108.53586891	34.22417725	25.90	0.0440	0.0050	-0.9860	1.93	30	29	1
20146	1	1	0	170801	103000.20	108.53586414	34.22417604	25.90	0.0070	0.0110	-0.9420	1.93	30	29	1
20147	1	1	0	170801	103000.30	108.53585935	34.22417480	25.90	0.0170	-0.0150	-0.9320	1.78	30	29	1
20148	1	1	0	170801	103000.40	108.53585454	34.22417357	25.90	-0.0170	0.0590	-0.9750	1.78	30	29	1
20149	1	1	0	170801	103000.50	108.53584978	34.22417235	25.90	0.0100	-0.0180	-1.0150	1.78	30	29	1
20150	1	1	0	170801	103000.60	108.53584501	34.22417111	25.90	-0.0070	0.0240	-1.0260	1.68	30	29	1
20151	1	1	0	170801	103000.70	108.53584026	34.22416989	25.90	-0.0290	0.0090	-0.9690	1.68	30	29	1
20152	1	1	0	170801	103000.80	108.53583551	34.22416866	25.90	-0.0080	0.0080	-1.0080	1.68	30	29	1
20153	1	1	0	170801	103000.90	108.53583074	34.22416743	25.90	0.0110	0.0060	-1.0390	1.58	30	29	1
20154	1	1	0	170801	103001.00	108.53582604	34.22416621	25.90	-0.0130	-0.0100	-0.9780	1.58	30	29	1
20155	1	1	0	170801	103001.10	108.53582130	34.22416499	25.90	-0.0210	-0.0010	-1.0390	1.58	30	29	1
20156	1	1	0	170801	103001.20	108.53581654	34.22416375	25.90	-0.0270	0.0380	-0.9840	1.55	30	29	1
20157	1	1	0	170801	103001.30	108.53581182	34.22416255	25.90	-0.0410	-0.0040	-0.9980	1.55	30	29	1
20158	1	1	0	170801	103001.40	108.53580710	34.22416132	25.90	-0.0110	0.0020	-0.9940	1.55	30	29	1
20159	1	1	0	170801	103001.50	108.53580239	34.22416010	25.90	-0.0240	-0.0060	-1.0130	1.62	30	29	1