2113	1	1	1	170803	082435.10	108.53608763	34.22313946	25.90	0.0260	0.0470	-1.0010	2.56	NULL	28	0
2114	1	1	1	170803	082435.20	108.53609221	34.22314053	25.90	0.0190	-0.0090	-0.9890	2.56	NULL	28	0
2115	1	1	1	170803	082435.30	108.53609678	34.22314159	25.90	0.0280	0.0430	-1.0220	2.56	NULL	28	0
2116	1	1	1	170803	082435.40	108.53610135	34.22314259	25.90	-0.0140	0.0310	-1.0150	2.56	NULL	28	0
2117	1	1	1	170803	082435.50	108.53610597	34.22314365	25.90	-0.0350	-0.0310	-1.0150	2.56	NULL	28	0
2118	1	1	1	170803	082435.60	108.53611059	34.22314470	25.90	-0.0140	0.0410	-1.0400	2.56	NULL	28	0
2119	1	1	1	170803	082435.70	108.53611520	34.22314575	25.90	-0.0050	-0.0140	-0.9630	2.56	NULL	28	0
2120	1	1	1	170803	082435.80	108.53611982	34.22314680	25.90	-0.0290	0.0260	-0.9510	2.56	NULL	28	0
2121	1	1	1	170803	082435.90	108.53612445	34.22314787	25.90	0.0090	-0.0190	-1.0400	2.56	NULL	28	0
2122	1	1	1	170803	082436.00	108.53612906	34.22314892	25.90	0.0520	0.0180	-0.9640	2.56	NULL	28	0
2123	1	1	1	170803	082436.10	108.53613370	34.22314995	25.90	0.0070	0.0020	-1.0370	2.56	NULL	28	0
2124	1	1	1	170803	082436.20	108.53613832	34.22315109	25.90	-0.0150	-0.0190	-1.0310	2.56	NULL	28	0
2125	1	1	1	170803	082436.30	108.53614295	34.22315215	25.90	-0.0140	0.0590	-0.9120	0.11	NULL	28	0
2126	1	1	1	170803	082436.40	108.53614750	34.22315329	25.90	-0.0040	0.0380	-1.0560	0.11	NULL	28	0
2127	1	1	1	170803	082436.50	108.53615212	34.22315434	25.90	0.0130	-0.0170	-1.0230	0.11	NULL	28	0
2128	1	1	1	170803	082436.60	108.53615664	34.22315550	25.90	0.0340	0.0340	-0.9280	0.11	NULL	28	0
2129	1	1	1	170803	082436.70	108.53616125	34.22315657	25.90	0.0070	-0.0290	-0.9820	0.11	NULL	28	0
2130	1	1	1	170803	082436.80	108.53616577	34.22315771	25.90	-0.0080	-0.0100	-1.0110	0.11	NULL	28	0
2131	1	1	1	170803	082436.90	108.53617032	34.22315879	25.90	0.0240	-0.0070	-0.9970	0.11	NULL	28	0
2132	1	1	1	170803	082437.00	108.53617471	34.22316000	25.90	-0.0370	-0.0370	-0.9870	0.11	NULL	28	0
2133	1	1	1	170803	082437.10	108.53617928	34.22316107	25.90	0.0090	-0.0530	-1.0170	0.11	NULL	28	0
2134	1	1	1	170803	082437.20	108.53618373	34.22316221	25.90	-0.0150	-0.0610	-0.9720	0.11	NULL	28	0
2135	1	1	1	170803	082437.30	108.53618827	34.22316329	25.90	-0.0040	-0.0180	-0.9610	0.11	NULL	28	0
2136	1	1	1	170803	082437.40	108.53619278	34.22316439	25.90	-0.0100	-0.0170	-1.0210	0.11	NULL	28	0
2137	1	1	1	170803	082437.50	108.53619736	34.22316545	25.90	0.0030	-0.0260	-1.0220	0.11	NULL	28	0
2138	1	1	1	170803	082437.60	108.53620188	34.22316658	25.90	-0.0100	-0.0430	-1.0060	0.11	NULL	28	0
2139	1	1	1	170803	082437.70	108.53620644	34.22316767	25.90	-0.0160	-0.0280	-0.9910	0.11	NULL	28	0
2140	1	1	1	170803	082437.80	108.53621099	34.22316882	25.90	-0.0110	-0.0520	-0.9670	0.58	NULL	28	0
2141	1	1	1	170803	082437.90	108.53621554	34.22316992	25.90	-0.0030	-0.0240	-1.0060	0.58	NULL	28	0
2142	1	1	1	170803	082438.00	108.53622010	34.22317105	25.90	0.0130	0.0420	-0.9890	0.58	NULL	28	0
2143	1	1	1	170803	082438.10	108.53622466	34.22317214	25.90	-0.0110	-0.0630	-1.0660	2.56	NULL	28	0
2144	1	1	1	170803	082438.20	108.53622921	34.22317326	25.90	0.0150	-0.0070	-1.0240	2.56	NULL	28	0
2145	1	1	1	170803	082438.30	108.53623376	34.22317438	25.90	-0.0260	-0.0200	-1.0360	2.56	NULL	28	0
2146	1	1	1	170803	082438.40	108.53623831	34.22317551	25.90	-0.0410	-0.0050	-1.0130	0.58	NULL	28	0
2147	1	1	1	170803	082438.50	108.53624284	34.22317661	25.90	-0.0100	0.0090	-1.0020	0.58	NULL	28	0
2148	1	1	1	170803	082438.60	108.53624740	34.22317773	25.90	-0.0350	-0.0010	-0.9780	0.58	NULL	28	0
2149	1	1	1	170803	082438.70	108.53625193	34.22317885	25.90	0.0160	0.0240	-0.9850	2.56	NULL	28	0
2150	1	1	1	170803	082438.80	108.53625646	34.22317995	25.90	0.0360	0.0180	-0.9380	2.56	NULL	28	0
2151	1	1	1	170803	082438.90	108.53626097	34.22318107	25.90	0.0220	-0.0320	-1.0030	2.56	NULL	28	0
2152	1	1	1	170803	082439.00	108.53626548	34.22318219	24.05	-0.0030	0.0200	-1.0180	2.56	NULL	28	0
2153	1	1	1	170803	082439.10	108.53627001	34.22318328	25.90	-0.0030	-0.0340	-1.0400	2.56	NULL	27	0
2154	1	1	1	170803	082439.20	108.53627451	34.22318439	24.05	-0.0050	0.0150	-0.9580	2.56	NULL	28	0
2155	1	1	1	170803	082439.30	108.53627899	34.22318551	24.05	0.0220	0.0010	-0.9200	2.56	NULL	28	0
2156	1	1	1	170803	082439.40	108.53628350	34.22318664	24.05	0.0670	0.0250	-1.0190	2.56	NULL	28	0
2157	1	1	1	170803	082439.50	108.53628801	34.22318775	24.05	0.0220	-0.0150	-0.9570	2.56	NULL	28	0
2158	1	1	1	170803	082439.60	108.53629250	34.22318887	24.05	0.0430	-0.0590	-1.0760	0.52	NULL	27	0
2159	1	1	1	170803	082439.70	108.53629701	34.22318997	24.05	0.0040	-0.0230	-1.0120	0.52	NULL	28	0
2160	1	1	1	170803	082439.80	108.53630150	34.22319106	24.05	-0.0290	-0.0210	-1.0150	0.52	NULL	28	0
2161	1	1	1	170803	082439.90	108.53630601	34.22319216	25.90	0.0280	-0.0180	-1.0090	0.52	NULL	27	0
2162	1	1	1	170803	082440.00	108.53631044	34.22319318	25.90	0.0070	0.0030	-0.9750	0.52	NULL	28	0
2163	1	1	1	170803	082440.10	108.53631491	34.22319430	24.05	-0.0300	0.0340	-1.0100	0.52	NULL	28	0
2164	1	1	1	170803	082440.20	108.53631933	34.22319539	24.05	0.0040	0.0320	-1.0580	0.52	NULL	27	0
2165	1	1	1	170803	082440.30	108.53632381	34.22319652	24.05	-0.0310	-0.0280	-0.9670	0.15	NULL	28	0
2166	1	1	1	170803	082440.40	108.53632822	34.22319761	24.05	-0.0040	-0.0320	-0.9650	0.15	NULL	27	0
2167	1	1	1	170803	082440.50	108.53633268	34.22319872	24.05	0.0390	0.0120	-0.9680	0.15	NULL	27	0
2168	1	1	1	170803	082440.60	108.53633710	34.22319994	24.05	0.0220	-0.0360	-1.0200	0.15	NULL	28	0
2169	1	1	1	170803	082440.70	108.53634157	34.22320105	24.05	0.0100	0.0020	-1.0150	0.15	NULL	27	0
2170	1	1	1	170803	082440.80	108.53634599	34.22320223	24.05	-0.0020	-0.0280	-0.9960	0.15	NULL	28	0
2171	1	1	1	170803	082440.90	108.53635045	34.22320335	24.05	-0.0040	-0.0250	-0.9760	0.15	NULL	28	0
2172	1	1	1	170803	082441.00	108.53635493	34.22320445	24.05	0.0100	0.0060	-0.9770	0.15	NULL	27	0
2173	1	1	1	170803	082441.10	108.53635936	34.22320558	24.05	-0.0120	0.0090	-1.0310	0.15	NULL	27	0
2174	1	1	1	170803	082441.20	108.53636374	34.22320674	24.05	-0.0190	-0.0290	-0.9320	0.32	NULL	27	0
2175	1	1	1	170803	082441.30	108.53636818	34.22320786	24.05	0.0190	-0.0350	-1.0350	0.32	NULL	27	0
2176	1	1	1	170803	082441.40	108.53637259	34.22320902	24.05	0.0100	0.0170	-0.9880	0.32	NULL	27	0
2177	1	1	1	170803	082441.50	108.53637704	34.22321017	24.05	-0.0560	0.0530	-0.9610	0.48	NULL	27	0
2178	1	1	1	170803	082441.60	108.53638139	34.22321135	24.05	-0.0230	-0.0040	-0.9460	0.48	NULL	27	0
2179	1	1	1	170803	082441.70	108.53638582	34.22321249	24.05	0.0180	-0.0870	-0.9920	0.48	NULL	27	0
2180	1	1	1	170803	082441.80	108.53639020	34.22321362	24.05	0.0080	-0.0330	-1.0770	0.48	NULL	27	0
2181	1	1	1	170803	082441.90	108.53639462	34.22321476	24.05	-0.0050	-0.1180	-0.9850	0.48	NULL	27	0
2182	1	1	1	170803	082442.00	108.53639900	34.22321587	24.05	0.0090	0.0640	-1.0460	0.48	NULL	27	0
2183	1	1	1	170803	082442.10	108.53640344	34.22321700	24.05	0.0180	-0.0470	-1.0680	0.48	NULL	27	0
2184	1	1	1	170803	082442.20	108.53640787	34.22321808	24.05	-0.0240	-0.0210	-0.9630	0.48	NULL	27	0
2185	1	1	1	170803	082442.30	108.53641229	34.22321923	24.05	0.0080	-0.0030	-1.0300	0.48	NULL	27	0
2186	1	1	1	170803	082442.40	108.53641667	34.22322034	24.05	0.0240	-0.0170	-0.9490	0.00	NULL	27	0
2187	1	1	1	170803	082442.50	108.53642111	34.22322148	24.05	0.0030	0.0550	-0.9730	0.00	NULL	28	0
2188	1	1	1	170803	082442.60	108.53642553	34.22322258	24.05	0.0350	-0.1370	-1.0480	0.00	NULL	27	0
2189	1	1	1	170803	082442.70	108.53643000	34.22322374	24.05	0.0490	0.0240	-0.9920	2.40	NULL	28	0
2190	1	1	1	170803	082442.80	108.53643440	34.22322491	24.05	0.0480	-0.0670	-0.9420	2.40	NULL	28	0
2191	1	1	1	170803	082442.90	108.53643889	34.22322608	25.90	0.0600	-0.0010	-1.0030	2.40	NULL	28	0
2192	1	1	1	170803	082443.00	108.53644335	34.22322725	25.90	0.0220	-0.0750	-0.9900	2.40	NULL	28	0
2193	1	1	1	170803	082443.10	108.53644788	34.22322842	25.90	0.0720	0.0320	-1.0730	2.40	NULL	28	0
2194	1	1	1	170803	082443.20	108.53645238	34.22322960	25.90	0.0060	0.0290	-0.9320	2.40	NULL	28	0
2195	1	1	1	170803	082443.30	108.53645692	34.22323081	25.90	0.0360	-0.0120	-1.0830	2.40	NULL	28	0
2196	1	1	1	170803	082443.40	108.53646145	34.22323208	25.90	0.0330	-0.0320	-1.0190	2.40	NULL	28	0
2197	1	1	1	170803	082443.50	108.53646606	34.22323329	25.90	-0.0270	0.0180	-0.9930	2.40	NULL	29	0
2198	1	1	1	170803	082443.60	108.53647069	34.22323452	25.90	0.0430	-0.0610	-1.0180	2.40	NULL	29	0
2199	1	1	1	170803	082443.70	108.53647532	34.22323574	25.90	0.0440	-0.0630	-0.9510	2.40	NULL	28	0
2200	1	1	1	170803	082443.80	108.53647997	34.22323693	25.90	0.0460	-0.0240	-0.9610	2.40	NULL	29	0
2201	1	1	1	170803	082443.90	108.53648463	34.22323817	25.90	0.0310	0.0870	-0.9580	3.20	NULL	29	0
2202	1	1	1	170803	082444.00	108.53648933	34.22323935	25.90	0.0400	0.0050	-1.0290	3.20	NULL	29	0
2203	1	1	1	170803	082444.10	108.53649400	34.22324057	25.90	0.0080	-0.0130	-1.0110	3.20	NULL	29	0
2204	1	1	1	170803	082444.20	108.53649869	34.22324184	25.90	-0.0140	-0.0190	-1.0360	2.72	NULL	29	0
2205	1	1	1	170803	082444.30	108.53650335	34.22324309	25.90	-0.0120	0.0550	-1.0780	2.72	NULL	29	0
2206	1	1	1	170803	082444.40	108.53650804	34.22324436	25.90	-0.0080	-0.0640	-1.0260	2.72	NULL	29	0
2207	1	1	1	170803	082444.50	108.53651270	34.22324559	25.90	0.0130	0.0090	-1.0420	2.63	NULL	29	0
2208	1	1	1	170803	082444.60	108.53651743	34.22324682	25.90	-0.0300	-0.0090	-0.9190	2.63	NULL	29	0
2209	1	1	1	170803	082444.70	108.53652208	34.22324807	25.90	0.0060	0.0210	-1.0150	2.63	NULL	29	0
2210	1	1	1	170803	082444.80	108.53652674	34.22324932	25.90	0.0080	0.0050	-1.0100	2.31	NULL	29	0
2211	1	1	1	170803	082444.90	108.53653139	34.22325055	25.90	0.0190	-0.0330	-1.0240	2.31	NULL	29	0
2212	1	1	1	170803	082445.00	108.53653605	34.22325180	25.90	0.0020	0.0440	-0.9980	2.31	NULL	29	0
2213	1	1	1	170803	082445.10	108.53654071	34.22325302	25.90	0.0400	-0.0230	-0.9900	2.31	NULL	29	0
2214	1	1	1	170803	082445.20	108.53654535	34.22325424	25.90	0.0240	-0.0290	-0.9820	2.18	NULL	29	0
2215	1	1	1	170803	082445.30	108.53654999	34.22325548	25.90	-0.0120	0.0300	-1.0000	2.18	NULL	29	0
2216	1	1	1	170803	082445.40	108.53655466	34.22325663	25.90	0.0030	-0.0020	-0.9870	2.13	NULL	29	0
2217	1	1	1	170803	082445.50	108.53655930	34.22325787	25.90	-0.0240	0.0070	-0.9810	2.13	NULL	29	0
2218	1	1	1	170803	082445.60	108.53656395	34.22325906	25.90	0.0030	0.0210	-1.0180	2.13	NULL	29	0
2219	1	1	1	170803	082445.70	108.53656857	34.22326030	25.90	0.0190	0.0080	-0.9320	2.13	NULL	29	0
2220	1	1	1	170803	082445.80	108.53657320	34.22326152	25.90	0.0360	-0.0220	-1.0260	2.10	NULL	29	0
2221	1	1	1	170803	082445.90	108.53657782	34.22326275	25.90	0.0120	-0.0190	-0.9800	2.10	NULL	29	0
2222	1	1	1	170803	082446.00	108.53658244	34.22326397	25.90	0.0050	0.0230	-1.0980	2.10	NULL	28	0
2223	1	1	1	170803	082446.10	108.53658705	34.22326521	25.90	-0.0380	0.0010	-0.9870	2.09	NULL	29	0
2224	1	1	1	170803	082446.20	108.53659166	34.22326645	25.90	0.0160	-0.0070	-1.0760	2.09	NULL	29	0
2225	1	1	1	170803	082446.30	108.53659627	34.22326768	25.90	-0.0300	-0.0550	-1.0400	2.09	NULL	28	0
2226	1	1	1	170803	082446.40	108.53660084	34.22326893	25.90	-0.0380	-0.0280	-1.0320	2.13	NULL	29	0
2227	1	1	1	170803	082446.50	108.53660546	34.22327019	25.90	-0.0240	0.0210	-0.9670	2.13	NULL	29	0
2228	1	1	1	170803	082446.60	108.53661008	34.22327142	25.90	0.0140	0.0220	-0.9980	2.13	NULL	29	0
2229	1	1	1	170803	082446.70	108.53661471	34.22327266	25.90	0.0030	-0.0520	-0.9470	2.27	NULL	29	0
2230	1	1	1	170803	082446.80	108.53661931	34.22327389	25.90	0.0020	0.0010	-1.0310	2.27	NULL	29	0
2231	1	1	1	170803	082446.90	108.53662393	34.22327513	25.90	0.0600	-0.0130	-0.9720	2.27	NULL	29	0
2232	1	1	1	170803	082447.00	108.53662857	34.22327640	25.90	0.0130	-0.0070	-1.0050	2.61	NULL	29	0
2233	1	1	1	170803	082447.10	108.53663322	34.22327765	25.90	0.0510	-0.0420	-1.0620	2.61	NULL	29	0
2234	1	1	1	170803	082447.20	108.53663791	34.22327892	25.90	0.0330	0.0570	-1.0280	2.61	NULL	29	0
2235	1	1	1	170803	082447.30	108.53664259	34.22328016	25.90	-0.0210	-0.0270	-0.9970	2.73	NULL	29	0
2236	1	1	1	170803	082447.40	108.53664730	34.22328139	25.90	-0.0090	-0.0780	-1.0350	2.73	NULL	29	0
2237	1	1	1	170803	082447.50	108.53665198	34.22328264	25.90	0.0170	-0.0360	-1.0060	2.73	NULL	29	0
2238	1	1	1	170803	082447.60	108.53665667	34.22328383	25.90	0.0270	0.0210	-1.0440	2.76	NULL	29	0
2239	1	1	1	170803	082447.70	108.53666138	34.22328506	25.90	-0.0190	0.0020	-0.9140	2.76	NULL	29	0
2240	1	1	1	170803	082447.80	108.53666610	34.22328633	25.90	0.0040	-0.0210	-1.0200	2.76	NULL	29	0
2241	1	1	1	170803	082447.90	108.53667079	34.22328759	25.90	0.0350	0.0180	-0.9090	2.48	NULL	29	0
2242	1	1	1	170803	082448.00	108.53667548	34.22328879	25.90	0.0400	0.0220	-1.0690	2.48	NULL	29	0
2243	1	1	1	170803	082448.10	108.53668021	34.22329002	25.90	0.0310	-0.0420	-1.0080	2.48	NULL	29	0
2244	1	1	1	170803	082448.20	108.53668491	34.22329122	25.90	-0.0100	-0.0080	-1.0330	2.59	NULL	29	0
2245	1	1	1	170803	082448.30	108.53668965	34.22329246	25.90	0.0440	-0.0180	-0.9440	2.59	NULL	29	0
2246	1	1	1	170803	082448.40	108.53669438	34.22329367	25.90	0.0220	-0.0320	-0.9950	2.59	NULL	29	0
2247	1	1	1	170803	082448.50	108.53669912	34.22329491	25.90	0.0580	0.0140	-0.9680	2.82	NULL	29	0
2248	1	1	1	170803	082448.60	108.53670388	34.22329611	25.90	-0.0440	-0.0210	-1.0110	2.82	NULL	29	0
2249	1	1	1	170803	082448.70	108.53670865	34.22329734	25.90	0.0440	-0.0010	-1.0050	2.82	NULL	29	0
2250	1	1	1	170803	082448.80	108.53671346	34.22329857	25.90	0.0320	0.0280	-0.8700	2.82	NULL	29	0
2251	1	1	1	170803	082448.90	108.53671824	34.22329980	25.90	0.0190	-0.0360	-1.0000	2.80	NULL	29	0
2252	1	1	1	170803	082449.00	108.53672303	34.22330106	25.90	0.0280	0.0330	-0.9600	2.80	NULL	30	0
2253	1	1	1	170803	082449.10	108.53672781	34.22330229	25.90	0.0160	-0.0280	-1.0240	2.80	NULL	29	0
2254	1	1	1	170803	082449.20	108.53673260	34.22330357	25.90	-0.0040	0.0070	-0.9270	2.53	NULL	29	0
2255	1	1	1	170803	082449.30	108.53673737	34.22330481	25.90	0.0110	-0.0070	-1.0290	2.53	NULL	30	0
2256	1	1	1	170803	082449.40	108.53674214	34.22330608	25.90	-0.0050	0.0650	-1.0690	2.37	NULL	29	0
2257	1	1	1	170803	082449.50	108.53674693	34.22330732	25.90	-0.0320	-0.0080	-1.0410	2.37	NULL	30	0
2258	1	1	1	170803	082449.60	108.53675172	34.22330860	25.90	-0.0090	0.0220	-1.0360	2.37	NULL	29	0
2259	1	1	1	170803	082449.70	108.53675650	34.22330982	25.90	-0.0110	-0.0170	-0.9860	2.37	NULL	29	0
2260	1	1	1	170803	082449.80	108.53676129	34.22331103	25.90	0.0060	-0.0350	-1.0110	2.28	NULL	29	0
2261	1	1	1	170803	082449.90	108.53676605	34.22331227	25.90	0.0390	0.0130	-0.8800	2.28	NULL	29	0
2262	1	1	1	170803	082450.00	108.53677083	34.22331348	25.90	0.0390	0.0170	-1.0060	2.28	NULL	29	0
2263	1	1	1	170803	082450.10	108.53677562	34.22331468	25.90	-0.0170	0.0800	-0.9460	2.23	NULL	29	0
2264	1	1	1	170803	082450.20	108.53678039	34.22331585	25.90	-0.0220	-0.0030	-0.9700	2.23	NULL	29	0
2265	1	1	1	170803	082450.30	108.53678516	34.22331705	25.90	0.0110	-0.0580	-1.0160	2.23	NULL	29	0
2266	1	1	1	170803	082450.40	108.53678993	34.22331821	25.90	0.0160	0.0110	-0.9050	2.20	NULL	29	0
2267	1	1	1	170803	082450.50	108.53679469	34.22331941	25.90	-0.0580	-0.0010	-1.0690	2.20	NULL	29	0
2268	1	1	1	170803	082450.60	108.53679944	34.22332055	25.90	-0.0040	-0.0020	-1.0430	2.20	NULL	29	0
2269	1	1	1	170803	082450.70	108.53680420	34.22332176	25.90	-0.0680	-0.0360	-1.0250	2.17	NULL	29	0
2270	1	1	1	170803	082450.80	108.53680892	34.22332288	25.90	0.0200	-0.0700	-1.0330	2.17	NULL	29	0
2271	1	1	1	170803	082450.90	108.53681366	34.22332409	25.90	0.0080	-0.0930	-1.0070	2.17	NULL	29	0
2272	1	1	1	170803	082451.00	108.53681838	34.22332523	25.90	0.0210	-0.0000	-1.0220	2.16	NULL	29	0
2273	1	1	1	170803	082451.10	108.53682313	34.22332642	25.90	-0.0190	-0.0190	-1.0590	2.16	NULL	29	0
2274	1	1	1	170803	082451.20	108.53682788	34.22332760	25.90	-0.0030	-0.0560	-0.9730	2.16	NULL	29	0
2275	1	1	1	170803	082451.30	108.53683261	34.22332880	25.90	-0.0400	0.0030	-0.9950	2.13	NULL	29	0
2276	1	1	1	170803	082451.40	108.53683736	34.22332999	25.90	0.0030	0.0500	-0.9420	2.13	NULL	29	0
2277	1	1	1	170803	082451.50	108.53684209	34.22333119	25.90	-0.0110	-0.0440	-0.9760	2.13	NULL	29	0
2278	1	1	1	170803	082451.60	108.53684680	34.22333240	25.90	0.0500	-0.0650	-0.9580	2.15	NULL	29	0
2279	1	1	1	170803	082451.70	108.53685151	34.22333360	25.90	0.0310	-0.0210	-0.9710	2.15	NULL	29	0
2280	1	1	1	170803	082451.80	108.53685623	34.22333480	25.90	0.0160	-0.0200	-0.9940	2.15	NULL	29	0
2281	1	1	1	170803	082451.90	108.53686094	34.22333600	25.90	0.0190	-0.0550	-1.0120	2.15	NULL	29	0
2282	1	1	1	170803	082452.00	108.53686567	34.22333718	25.90	-0.0240	-0.0030	-0.9730	2.15	NULL	29	0
2283	1	1	1	170803	082452.10	108.53687037	34.22333838	25.90	0.0420	-0.0400	-1.0200	2.15	NULL	29	0
2284	1	1	1	170803	082452.20	108.53687507	34.22333956	25.90	0.0380	-0.0270	-0.9280	2.14	NULL	29	0
2285	1	1	1	170803	082452.30	108.53687978	34.22334076	25.90	-0.0240	0.0090	-1.0330	2.14	NULL	29	0
2286	1	1	1	170803	082452.40	108.53688446	34.22334194	25.90	0.0140	0.0180	-0.9990	2.14	NULL	29	0
2287	1	1	1	170803	082452.50	108.53688916	34.22334313	25.90	-0.0040	-0.0210	-1.0040	2.13	NULL	29	0
2288	1	1	1	170803	082452.60	108.53689384	34.22334431	25.90	0.0080	0.0030	-1.0150	2.13	NULL	29	0
2289	1	1	1	170803	082452.70	108.53689855	34.22334549	25.90	0.0310	-0.0580	-0.9040	2.13	NULL	29	0
2290	1	1	1	170803	082452.80	108.53690328	34.22334676	25.90	0.0340	-0.0070	-1.0570	2.12	NULL	29	0
2291	1	1	1	170803	082452.90	108.53690799	34.22334795	25.90	0.0180	0.0390	-1.0010	2.12	NULL	29	0
2292	1	1	1	170803	082453.00	108.53691273	34.22334921	25.90	0.0440	0.0160	-0.8970	2.12	NULL	29	0
2293	1	1	1	170803	082453.10	108.53691743	34.22335040	25.90	0.0340	-0.0440	-0.9820	2.12	NULL	29	0
2294	1	1	1	170803	082453.20	108.53692214	34.22335163	25.90	0.0410	-0.0160	-0.8960	2.12	NULL	29	0
2295	1	1	1	170803	082453.30	108.53692682	34.22335284	25.90	-0.0300	0.0150	-1.0630	2.12	NULL	29	0
2296	1	1	1	170803	082453.40	108.53693156	34.22335404	25.90	-0.0270	-0.0560	-0.9970	2.12	NULL	29	0
2297	1	1	1	170803	082453.50	108.53693626	34.22335522	25.90	0.0210	-0.0490	-1.0150	2.09	NULL	29	0
2298	1	1	1	170803	082453.60	108.53694103	34.22335639	25.90	-0.0090	0.0350	-0.9580	2.09	NULL	29	0
2299	1	1	1	170803	082453.70	108.53694571	34.22335756	25.90	-0.0030	-0.0080	-1.0180	2.09	NULL	29	0
2300	1	1	1	170803	082453.80	108.53695046	34.22335868	25.90	-0.0090	-0.0170	-1.0460	2.10	NULL	29	0
2301	1	1	1	170803	082453.90	108.53695516	34.22335987	25.90	-0.0060	0.0240	-1.0800	2.10	NULL	29	0
2302	1	1	1	170803	082454.00	108.53695968	34.22336106	25.90	-0.0520	-0.0200	-1.0050	2.10	NULL	29	0
2303	1	1	1	170803	082454.10	108.53696435	34.22336225	25.90	0.0010	0.0330	-0.9990	2.10	NULL	29	0
2304	1	1	1	170803	082454.20	108.53696902	34.22336332	25.90	0.0300	-0.0050	-0.9080	2.10	NULL	29	0
2305	1	1	1	170803	082454.30	108.53697366	34.22336445	25.90	0.0480	-0.0420	-1.0590	2.10	NULL	28	0
2306	1	1	1	170803	082454.40	108.53697835	34.22336550	25.90	0.0290	-0.0180	-0.9040	2.10	NULL	29	0
2307	1	1	1	170803	082454.50	108.53698298	34.22336667	25.90	-0.0080	-0.0470	-1.1970	2.10	NULL	29	0
2308	1	1	1	170803	082454.60	108.53698770	34.22336776	25.90	0.0040	0.0030	-0.9320	2.10	NULL	28	0
2309	1	1	1	170803	082454.70	108.53699244	34.22336894	25.90	-0.0420	0.0180	-0.9060	2.11	NULL	29	0
2310	1	1	1	170803	082454.80	108.53699728	34.22337017	25.90	0.1320	-0.1230	-0.9570	2.11	NULL	29	0
2311	1	1	1	170803	082454.90	108.53700182	34.22337132	25.90	-0.0280	0.0060	-1.0790	2.11	NULL	29	0
2312	1	1	1	170803	082455.00	108.53700655	34.22337251	25.90	0.0530	-0.0660	-1.0870	2.08	NULL	29	0
2313	1	1	1	170803	082455.10	108.53701127	34.22337362	25.90	0.0230	-0.0630	-1.0880	2.08	NULL	28	0
2314	1	1	1	170803	082455.20	108.53701578	34.22337485	25.90	0.0320	0.0210	-0.9610	2.08	NULL	29	0
2315	1	1	1	170803	082455.30	108.53702048	34.22337599	25.90	-0.0160	-0.0300	-0.9830	2.10	NULL	28	0
2316	1	1	1	170803	082455.40	108.53702523	34.22337726	25.90	-0.0170	-0.0110	-1.0150	2.10	NULL	28	0
2317	1	1	1	170803	082455.50	108.53702988	34.22337844	25.90	-0.0430	-0.0100	-1.0570	2.10	NULL	29	0
2318	1	1	1	170803	082455.60	108.53703474	34.22337959	25.90	-0.0380	-0.0520	-1.0180	2.07	NULL	28	0
2319	1	1	1	170803	082455.70	108.53703936	34.22338075	25.90	-0.0010	-0.0420	-1.0020	2.07	NULL	28	0
2320	1	1	1	170803	082455.80	108.53704400	34.22338196	25.90	0.0000	-0.0370	-0.9580	2.07	NULL	28	0
2321	1	1	1	170803	082455.90	108.53704865	34.22338313	25.90	-0.0070	-0.0130	-1.0350	2.08	NULL	28	0
2322	1	1	1	170803	082456.00	108.53705337	34.22338433	25.90	-0.0020	-0.0500	-1.0040	2.08	NULL	28	0
2323	1	1	1	170803	082456.10	108.53705798	34.22338548	25.90	-0.0050	-0.0090	-1.0330	2.08	NULL	28	0
2324	1	1	1	170803	082456.20	108.53706253	34.22338689	25.90	-0.0170	0.0780	-0.9520	2.06	NULL	28	0
2325	1	1	1	170803	082456.30	108.53706712	34.22338805	25.90	-0.0030	-0.0010	-1.0560	2.06	NULL	28	0
2326	1	1	1	170803	082456.40	108.53707159	34.22338941	25.90	0.0010	0.0240	-0.9760	2.06	NULL	28	0
2327	1	1	1	170803	082456.50	108.53707619	34.22339060	25.90	0.0160	-0.0180	-1.0190	2.07	NULL	28	0
2328	1	1	1	170803	082456.60	108.53708066	34.22339192	25.90	0.0240	-0.0310	-1.0490	2.07	NULL	28	0
2329	1	1	1	170803	082456.70	108.53708524	34.22339310	25.90	-0.0120	-0.0610	-0.9930	2.07	NULL	28	0
2330	1	1	1	170803	082456.80	108.53708978	34.22339441	25.90	-0.0130	-0.0560	-1.0490	2.07	NULL	28	0
2331	1	1	1	170803	082456.90	108.53709438	34.22339557	25.90	0.0020	-0.0790	-1.0870	2.07	NULL	28	0
2332	1	1	1	170803	082457.00	108.53709905	34.22339670	25.90	0.0040	0.0150	-0.9590	2.07	NULL	28	0
2333	1	1	1	170803	082457.10	108.53710363	34.22339788	25.90	0.0250	0.0350	-0.9360	2.07	NULL	28	0
2334	1	1	1	170803	082457.20	108.53710812	34.22339900	25.90	0.0170	-0.0500	-1.0870	2.06	NULL	28	0
2335	1	1	1	170803	082457.30	108.53711270	34.22340016	25.90	-0.0400	0.0320	-0.9420	2.06	NULL	28	0
2336	1	1	1	170803	082457.40	108.53711727	34.22340119	25.90	-0.0070	-0.0370	-0.9870	2.06	NULL	28	0
2337	1	1	1	170803	082457.50	108.53712182	34.22340236	25.90	0.0070	-0.0330	-1.0090	2.06	NULL	28	0
2338	1	1	1	170803	082457.60	108.53712632	34.22340349	25.90	0.0410	-0.0500	-1.0160	2.06	NULL	28	0
2339	1	1	1	170803	082457.70	108.53713087	34.22340468	25.90	0.0140	-0.1470	-1.0170	2.06	NULL	28	0
2340	1	1	1	170803	082457.80	108.53713527	34.22340595	25.90	-0.0400	0.0000	-1.0110	2.06	NULL	28	0
2341	1	1	1	170803	082457.90	108.53713982	34.22340712	25.90	0.0110	0.0150	-1.0040	2.06	NULL	28	0
2342	1	1	1	170803	082458.00	108.53714425	34.22340837	25.90	0.0180	0.0060	-1.0630	2.06	NULL	28	0
2343	1	1	1	170803	082458.10	108.53714880	34.22340955	25.90	-0.0180	0.0330	-1.0020	2.05	NULL	28	0
2344	1	1	1	170803	082458.20	108.53715326	34.22341078	25.90	0.0130	-0.0600	-1.0430	2.05	NULL	28	0
2345	1	1	1	170803	082458.30	108.53715782	34.22341193	25.90	0.0330	0.0360	-1.0090	2.05	NULL	28	0
2346	1	1	1	170803	082458.40	108.53716225	34.22341315	25.90	-0.0410	0.0120	-0.9980	2.06	NULL	28	0
2347	1	1	1	170803	082458.50	108.53716679	34.22341431	25.90	-0.0080	-0.0440	-1.0000	2.06	NULL	28	0
2348	1	1	1	170803	082458.60	108.53717120	34.22341553	25.90	-0.0540	-0.0130	-0.9640	2.06	NULL	28	0
2349	1	1	1	170803	082458.70	108.53717575	34.22341668	25.90	0.0150	0.0500	-1.0580	2.05	NULL	28	0
2350	1	1	1	170803	082458.80	108.53718018	34.22341788	25.90	0.0360	-0.0520	-0.9800	2.05	NULL	28	0
2351	1	1	1	170803	082458.90	108.53718475	34.22341903	25.90	0.0480	0.0290	-1.0230	2.05	NULL	28	0
2352	1	1	1	170803	082459.00	108.53718927	34.22342017	25.90	0.0150	0.0320	-0.9590	2.30	NULL	28	0
2353	1	1	1	170803	082459.10	108.53719387	34.22342135	25.90	0.0360	0.0080	-1.0380	2.30	NULL	28	0
2354	1	1	1	170803	082459.20	108.53719844	34.22342250	25.90	-0.0000	-0.0580	-0.9520	2.30	NULL	29	0
2355	1	1	1	170803	082459.30	108.53720304	34.22342367	25.90	0.0100	0.0100	-1.0160	2.71	NULL	28	0
2356	1	1	1	170803	082459.40	108.53720776	34.22342473	25.90	0.0470	-0.0170	-0.9830	2.71	NULL	28	0
2357	1	1	1	170803	082459.50	108.53721236	34.22342592	25.90	0.0370	-0.0090	-1.0170	2.71	NULL	29	0
2358	1	1	1	170803	082459.60	108.53721701	34.22342699	25.90	0.0560	-0.1190	-1.0750	2.74	NULL	28	0
2359	1	1	1	170803	082459.70	108.53722165	34.22342817	25.90	0.0120	-0.0080	-1.0550	2.74	NULL	29	0
2360	1	1	1	170803	082459.80	108.53722619	34.22342935	25.90	-0.0550	0.0320	-0.9730	2.74	NULL	29	0
2361	1	1	1	170803	082459.90	108.53723084	34.22343052	25.90	0.0150	-0.0170	-1.0250	2.54	NULL	28	0
2362	1	1	1	170803	082500.00	108.53723548	34.22343158	25.90	-0.0100	-0.0040	-0.9700	2.54	NULL	29	0
2363	1	1	1	170803	082500.10	108.53724011	34.22343279	25.90	0.0170	0.0050	-0.9780	2.54	NULL	29	0
2364	1	1	1	170803	082500.20	108.53724488	34.22343390	25.90	0.0120	-0.0020	-1.0850	2.52	NULL	29	0
2365	1	1	1	170803	082500.30	108.53724953	34.22343510	25.90	0.0310	-0.0680	-1.0040	2.52	NULL	29	0
2366	1	1	1	170803	082500.40	108.53725411	34.22343637	25.90	0.0610	-0.0490	-1.0440	2.52	NULL	29	0
2367	1	1	1	170803	082500.50	108.53725875	34.22343758	25.90	0.0030	-0.0840	-0.9890	2.52	NULL	29	0
2368	1	1	1	170803	082500.60	108.53726347	34.22343874	25.90	-0.0200	-0.0130	-1.0080	2.52	NULL	29	0
2369	1	1	1	170803	082500.70	108.53726812	34.22343996	25.90	0.0150	-0.0330	-1.0450	2.52	NULL	29	0
2370	1	1	1	170803	082500.80	108.53727281	34.22344114	25.90	-0.0200	0.0000	-0.9730	2.52	NULL	29	0
2371	1	1	1	170803	082500.90	108.53727747	34.22344237	25.90	0.0010	-0.0410	-0.9810	2.48	NULL	29	0
2372	1	1	1	170803	082501.00	108.53728204	34.22344367	25.90	-0.0030	-0.0490	-1.0190	2.48	NULL	29	0
2373	1	1	1	170803	082501.10	108.53728672	34.22344488	25.90	0.0080	-0.0220	-0.9180	2.48	NULL	29	0
2374	1	1	1	170803	082501.20	108.53729136	34.22344619	25.90	0.0690	-0.0610	-1.0040	2.46	NULL	29	0
2375	1	1	1	170803	082501.30	108.53729604	34.22344744	25.90	0.0200	-0.0170	-0.9150	2.46	NULL	29	0
2376	1	1	1	170803	082501.40	108.53730069	34.22344873	25.90	0.0080	-0.0010	-0.9540	2.46	NULL	29	0
2377	1	1	1	170803	082501.50	108.53730535	34.22344995	25.90	0.0240	0.0110	-1.0560	2.47	NULL	29	0
2378	1	1	1	170803	082501.60	108.53730999	34.22345122	25.90	-0.0380	-0.0160	-1.0350	2.47	NULL	29	0
2379	1	1	1	170803	082501.70	108.53731467	34.22345245	25.90	0.0110	0.0200	-1.0870	2.47	NULL	29	0
2380	1	1	1	170803	082501.80	108.53731933	34.22345371	25.90	0.0410	-0.0070	-0.9700	2.50	NULL	29	0
2381	1	1	1	170803	082501.90	108.53732405	34.22345493	25.90	-0.0140	0.0070	-0.9840	2.50	NULL	29	0
2382	1	1	1	170803	082502.00	108.53732874	34.22345618	25.90	0.0410	-0.0380	-0.9710	2.51	NULL	29	0
2383	1	1	1	170803	082502.10	108.53733347	34.22345741	25.90	0.0240	-0.0020	-0.9720	2.51	NULL	29	0
2384	1	1	1	170803	082502.20	108.53733825	34.22345861	25.90	-0.0090	0.0230	-1.0240	2.51	NULL	29	0
2385	1	1	1	170803	082502.30	108.53734299	34.22345986	25.90	0.0480	-0.0630	-1.0510	2.51	NULL	29	0
2386	1	1	1	170803	082502.40	108.53734790	34.22346101	25.90	0.0070	0.0190	-0.9780	2.36	NULL	29	0
2387	1	1	1	170803	082502.50	108.53735267	34.22346226	25.90	0.0570	-0.0690	-0.9290	2.36	NULL	29	0
2388	1	1	1	170803	082502.60	108.53735759	34.22346345	25.90	0.0520	-0.1370	-0.9390	2.36	NULL	30	0
2389	1	1	1	170803	082502.70	108.53736238	34.22346470	27.75	0.0290	0.0540	-1.0050	2.40	NULL	29	0
2390	1	1	1	170803	082502.80	108.53736718	34.22346599	27.75	0.0600	0.0030	-0.9810	2.40	NULL	30	0
2391	1	1	1	170803	082502.90	108.53737197	34.22346724	27.75	0.0020	0.0270	-0.9550	2.40	NULL	30	0
2392	1	1	1	170803	082503.00	108.53737674	34.22346856	27.75	0.0170	-0.0090	-1.1000	2.33	NULL	30	0
2393	1	1	1	170803	082503.10	108.53738157	34.22346982	27.75	0.0150	0.0530	-1.0120	2.33	NULL	30	0
2394	1	1	1	170803	082503.20	108.53738637	34.22347113	27.75	-0.0300	-0.0460	-1.0280	2.33	NULL	30	0
2395	1	1	1	170803	082503.30	108.53739120	34.22347240	27.75	0.0120	0.0200	-1.0100	2.24	NULL	30	0
2396	1	1	1	170803	082503.40	108.53739604	34.22347371	27.75	0.0030	-0.0230	-0.9350	2.24	NULL	30	0
2397	1	1	1	170803	082503.50	108.53740089	34.22347497	27.75	0.0490	-0.0430	-1.0320	2.24	NULL	30	0
2398	1	1	1	170803	082503.60	108.53740568	34.22347619	27.75	-0.0140	0.0200	-0.9830	2.17	NULL	30	0
2399	1	1	1	170803	082503.70	108.53741053	34.22347747	27.75	0.0060	0.0090	-1.0350	2.17	NULL	30	0
2400	1	1	1	170803	082503.80	108.53741533	34.22347864	27.75	-0.0150	-0.0170	-1.0620	2.17	NULL	30	0
2401	1	1	1	170803	082503.90	108.53742020	34.22347990	27.75	-0.0070	-0.0340	-0.9960	2.14	NULL	30	0
2402	1	1	1	170803	082504.00	108.53742512	34.22348113	27.75	-0.0230	0.0200	-0.9800	2.14	NULL	30	0
2403	1	1	1	170803	082504.10	108.53742999	34.22348241	27.75	-0.0060	0.0650	-1.0410	2.14	NULL	30	0
2404	1	1	1	170803	082504.20	108.53743490	34.22348363	27.75	-0.0030	-0.0700	-1.0220	1.94	NULL	30	0
2405	1	1	1	170803	082504.30	108.53743977	34.22348493	27.75	0.0020	-0.0430	-1.0780	1.94	NULL	30	0
2406	1	1	1	170803	082504.40	108.53744467	34.22348627	27.75	-0.0440	0.0120	-1.0100	1.94	NULL	30	0
2407	1	1	1	170803	082504.50	108.53744954	34.22348753	27.75	0.0090	-0.0300	-1.0040	1.88	NULL	30	0
2408	1	1	1	170803	082504.60	108.53745441	34.22348889	27.75	0.0390	-0.0720	-0.9720	1.88	NULL	30	0
2409	1	1	1	170803	082504.70	108.53745929	34.22349017	27.75	-0.0480	0.0070	-1.0210	1.88	NULL	30	0
2410	1	1	1	170803	082504.80	108.53746416	34.22349149	27.75	-0.0020	-0.0460	-1.0280	1.88	NULL	30	0
2411	1	1	1	170803	082504.90	108.53746902	34.22349277	27.75	0.0230	-0.0140	-0.9590	1.89	NULL	30	0
2412	1	1	1	170803	082505.00	108.53747387	34.22349409	27.75	0.0390	-0.0400	-1.0060	1.89	NULL	30	0
2413	1	1	1	170803	082505.10	108.53747874	34.22349537	27.75	0.0410	-0.0140	-0.9620	1.89	NULL	30	0
2414	1	1	1	170803	082505.20	108.53748359	34.22349668	27.75	0.0300	-0.0240	-1.0590	1.84	NULL	30	0
2415	1	1	1	170803	082505.30	108.53748849	34.22349797	27.75	-0.0200	0.0190	-0.9810	1.84	NULL	30	0
2416	1	1	1	170803	082505.40	108.53749336	34.22349926	27.75	0.0140	-0.0160	-1.0310	1.81	NULL	30	0
2417	1	1	1	170803	082505.50	108.53749825	34.22350055	27.75	0.0490	-0.0200	-1.0000	1.81	NULL	30	0
2418	1	1	1	170803	082505.60	108.53750313	34.22350183	27.75	0.0300	-0.0500	-0.9990	1.81	NULL	30	0
2419	1	1	1	170803	082505.70	108.53750801	34.22350310	27.75	-0.0190	-0.0510	-0.9510	1.81	NULL	30	0
2420	1	1	1	170803	082505.80	108.53751287	34.22350437	27.75	0.0200	0.0220	-1.0680	1.82	NULL	30	0
2421	1	1	1	170803	082505.90	108.53751777	34.22350563	27.75	-0.0210	-0.0410	-1.0210	1.82	NULL	30	0
2422	1	1	1	170803	082506.00	108.53752263	34.22350687	27.75	0.0080	-0.0690	-1.0310	1.82	NULL	30	0
2423	1	1	1	170803	082506.10	108.53752752	34.22350815	27.75	0.0120	-0.0060	-0.9760	1.82	NULL	30	0
2424	1	1	1	170803	082506.20	108.53753249	34.22350931	27.75	-0.0090	-0.0250	-1.0070	1.82	NULL	30	0
2425	1	1	1	170803	082506.30	108.53753738	34.22351056	27.75	0.0380	-0.0420	-1.0170	1.82	NULL	30	0
2426	1	1	1	170803	082506.40	108.53754229	34.22351178	27.75	-0.0150	-0.0090	-1.0300	1.82	NULL	30	0
2427	1	1	1	170803	082506.50	108.53754717	34.22351305	27.75	0.0270	0.0100	-0.9910	1.82	NULL	30	0
2428	1	1	1	170803	082506.60	108.53755208	34.22351428	27.75	0.0450	-0.0040	-1.0200	1.82	NULL	30	0
2429	1	1	1	170803	082506.70	108.53755698	34.22351554	27.75	0.0240	-0.0450	-0.9760	1.82	NULL	30	0
2430	1	1	1	170803	082506.80	108.53756185	34.22351672	27.75	0.0400	-0.0230	-1.0350	1.82	NULL	30	0
2431	1	1	1	170803	082506.90	108.53756675	34.22351798	27.75	-0.0090	-0.0820	-0.9500	1.82	NULL	30	0
2432	1	1	1	170803	082507.00	108.53757165	34.22351925	27.75	-0.0120	-0.0260	-1.0520	1.80	NULL	30	0
2433	1	1	1	170803	082507.10	108.53757655	34.22352049	27.75	0.0740	-0.0160	-1.0550	1.80	NULL	30	0
2434	1	1	1	170803	082507.20	108.53758142	34.22352176	27.75	-0.0330	-0.0090	-1.0210	1.80	NULL	30	0
2435	1	1	1	170803	082507.30	108.53758633	34.22352300	27.75	0.0120	0.0510	-1.0010	1.79	NULL	30	0
2436	1	1	1	170803	082507.40	108.53759126	34.22352420	27.75	0.0010	0.0170	-0.9660	1.79	NULL	30	0
2437	1	1	1	170803	082507.50	108.53759614	34.22352543	27.75	-0.0270	-0.0090	-1.0720	1.79	NULL	30	0
2438	1	1	1	170803	082507.60	108.53760102	34.22352667	27.75	0.0230	0.0350	-0.9540	1.82	NULL	30	0
2439	1	1	1	170803	082507.70	108.53760592	34.22352792	27.75	-0.0290	-0.0010	-1.0300	1.82	NULL	30	0
2440	1	1	1	170803	082507.80	108.53761084	34.22352916	27.75	-0.0090	0.0230	-0.9820	1.82	NULL	30	0
2441	1	1	1	170803	082507.90	108.53761574	34.22353039	27.75	0.0070	0.0520	-1.0360	1.80	NULL	30	0
2442	1	1	1	170803	082508.00	108.53762066	34.22353162	27.75	-0.0300	-0.0330	-1.0830	1.80	NULL	30	0
2443	1	1	1	170803	082508.10	108.53762556	34.22353285	27.75	0.0100	0.0250	-1.0760	1.80	NULL	30	0
2444	1	1	1	170803	082508.20	108.53763047	34.22353405	27.75	-0.0320	0.0070	-1.0550	1.78	NULL	30	0
2445	1	1	1	170803	082508.30	108.53763538	34.22353529	27.75	-0.0020	0.0470	-1.0640	1.78	NULL	30	0
2446	1	1	1	170803	082508.40	108.53764025	34.22353653	27.75	-0.0120	-0.0260	-1.0370	1.78	NULL	30	0
2447	1	1	1	170803	082508.50	108.53764516	34.22353777	27.75	-0.0020	0.0030	-1.0770	1.81	NULL	30	0
2448	1	1	1	170803	082508.60	108.53765003	34.22353902	27.75	0.0020	0.0330	-0.9610	1.81	NULL	30	0
2449	1	1	1	170803	082508.70	108.53765492	34.22354024	27.75	-0.0020	-0.0300	-1.0720	1.81	NULL	30	0
2450	1	1	1	170803	082508.80	108.53765982	34.22354145	27.75	0.0090	0.0610	-1.1310	1.82	NULL	30	0
2451	1	1	1	170803	082508.90	108.53766474	34.22354269	27.75	-0.0520	-0.0420	-1.0240	1.82	NULL	30	0
2452	1	1	1	170803	082509.00	108.53766966	34.22354389	27.75	0.0360	-0.0720	-1.0460	1.82	NULL	30	0
2453	1	1	1	170803	082509.10	108.53767457	34.22354514	27.75	-0.0240	-0.0410	-1.0380	1.82	NULL	30	0
2454	1	1	1	170803	082509.20	108.53767951	34.22354637	27.75	-0.0230	-0.0390	-1.0210	1.80	NULL	30	0
2455	1	1	1	170803	082509.30	108.53768443	34.22354760	27.75	-0.0150	-0.0310	-0.9350	1.80	NULL	30	0
2456	1	1	1	170803	082509.40	108.53768932	34.22354873	27.75	0.0130	-0.0250	-1.0150	1.82	NULL	30	0
2457	1	1	1	170803	082509.50	108.53769422	34.22354999	27.75	0.0250	-0.0070	-0.9330	1.82	NULL	30	0
2458	1	1	1	170803	082509.60	108.53769911	34.22355115	27.75	0.0290	0.0110	-1.0610	1.82	NULL	30	0
2459	1	1	1	170803	082509.70	108.53770402	34.22355239	27.75	0.0270	-0.0230	-1.0220	1.82	NULL	30	0
2460	1	1	1	170803	082509.80	108.53770894	34.22355360	27.75	0.0000	-0.0600	-1.0210	1.81	NULL	30	0
2461	1	1	1	170803	082509.90	108.53771383	34.22355487	27.75	0.0420	-0.0390	-0.9940	1.81	NULL	30	0
2462	1	1	1	170803	082510.00	108.53771880	34.22355617	27.75	0.0110	-0.0370	-1.0250	1.81	NULL	30	0
2463	1	1	1	170803	082510.10	108.53772371	34.22355743	27.75	-0.0200	-0.0300	-0.9830	1.81	NULL	30	0
2464	1	1	1	170803	082510.20	108.53772867	34.22355873	27.75	0.0200	-0.0270	-0.9720	1.81	NULL	30	0
2465	1	1	1	170803	082510.30	108.53773358	34.22356000	27.75	-0.0170	-0.0320	-1.0150	1.81	NULL	30	0
2466	1	1	1	170803	082510.40	108.53773853	34.22356128	27.75	0.0070	-0.0430	-1.0070	1.81	NULL	30	0
2467	1	1	1	170803	082510.50	108.53774344	34.22356254	27.75	0.0180	-0.0570	-1.0150	1.81	NULL	30	0
2468	1	1	1	170803	082510.60	108.53774832	34.22356388	27.75	0.0010	-0.0270	-1.0170	1.81	NULL	30	0
2469	1	1	1	170803	082510.70	108.53775326	34.22356514	27.75	-0.0120	-0.0340	-0.9990	1.86	NULL	30	0
2470	1	1	1	170803	082510.80	108.53775815	34.22356649	27.75	0.0170	-0.0350	-1.0100	1.86	NULL	31	0
2471	1	1	1	170803	082510.90	108.53776308	34.22356776	27.75	0.0060	-0.0260	-0.9960	1.86	NULL	30	0
2472	1	1	1	170803	082511.00	108.53776797	34.22356909	27.75	-0.0110	-0.0550	-1.0390	2.11	NULL	31	0
2473	1	1	1	170803	082511.10	108.53777292	34.22357037	27.75	0.0120	-0.0050	-1.0000	2.11	NULL	31	0
2474	1	1	1	170803	082511.20	108.53777784	34.22357170	27.75	0.0090	-0.0310	-0.9580	2.11	NULL	30	0
2475	1	1	1	170803	082511.30	108.53778280	34.22357297	27.75	-0.0010	-0.0210	-0.9890	2.16	NULL	31	0
2476	1	1	1	170803	082511.40	108.53778773	34.22357430	27.75	-0.0290	-0.0700	-1.0120	2.16	NULL	30	0
2477	1	1	1	170803	082511.50	108.53779266	34.22357559	27.75	0.0160	-0.0090	-0.9850	2.16	NULL	31	0
2478	1	1	1	170803	082511.60	108.53779763	34.22357685	27.75	0.0010	-0.0370	-0.9330	2.18	NULL	30	0
2479	1	1	1	170803	082511.70	108.53780256	34.22357813	27.75	0.0180	-0.0800	-1.0210	2.18	NULL	30	0
2480	1	1	1	170803	082511.80	108.53780756	34.22357935	27.75	0.0450	-0.0150	-0.9820	2.18	NULL	31	0
2481	1	1	1	170803	082511.90	108.53781252	34.22358062	27.75	-0.0410	-0.0240	-1.0330	2.17	NULL	30	0
2482	1	1	1	170803	082512.00	108.53781754	34.22358185	27.75	0.0120	-0.0070	-1.0250	2.17	NULL	31	0
2483	1	1	1	170803	082512.10	108.53782247	34.22358313	27.75	0.0510	-0.0400	-0.9340	2.17	NULL	30	0
2484	1	1	1	170803	082512.20	108.53782743	34.22358441	27.75	-0.0020	-0.0030	-1.0290	2.20	NULL	30	0
2485	1	1	1	170803	082512.30	108.53783237	34.22358570	27.75	0.0040	-0.0150	-1.0340	2.20	NULL	31	0
2486	1	1	1	170803	082512.40	108.53783735	34.22358695	27.75	-0.0020	-0.0790	-0.9990	2.20	NULL	30	0
2487	1	1	1	170803	082512.50	108.53784226	34.22358825	27.75	-0.0110	0.0280	-0.9780	2.20	NULL	30	0
2488	1	1	1	170803	082512.60	108.53784722	34.22358953	27.75	0.0230	-0.0000	-0.9680	2.20	NULL	30	0
2489	1	1	1	170803	082512.70	108.53785213	34.22359082	27.75	0.0200	-0.0850	-1.0550	2.20	NULL	30	0
2490	1	1	1	170803	082512.80	108.53785704	34.22359215	27.75	0.0140	-0.0490	-0.9680	2.20	NULL	31	0
2491	1	1	1	170803	082512.90	108.53786196	34.22359346	27.75	-0.0160	-0.0100	-0.9580	2.25	NULL	30	0
2492	1	1	1	170803	082513.00	108.53786678	34.22359485	27.75	0.0140	-0.0220	-1.0130	2.25	NULL	30	0
2493	1	1	1	170803	082513.10	108.53787167	34.22359616	27.75	0.0160	-0.0350	-0.9290	2.25	NULL	30	0
2494	1	1	1	170803	082513.20	108.53787659	34.22359747	27.75	-0.0360	-0.0280	-1.0480	2.23	NULL	30	0
2495	1	1	1	170803	082513.30	108.53788147	34.22359878	27.75	0.0140	0.0520	-1.0590	2.23	NULL	30	0
2496	1	1	1	170803	082513.40	108.53788630	34.22360015	27.75	0.0290	-0.0690	-0.9470	2.23	NULL	30	0
2497	1	1	1	170803	082513.50	108.53789121	34.22360146	27.75	-0.0030	-0.0640	-1.0330	2.24	NULL	30	0
2498	1	1	1	170803	082513.60	108.53789602	34.22360281	27.75	0.0010	-0.0100	-1.0410	2.24	NULL	30	0
2499	1	1	1	170803	082513.70	108.53790091	34.22360414	27.75	0.0160	-0.0060	-0.8860	2.24	NULL	30	0
2500	1	1	1	170803	082513.80	108.53790581	34.22360545	27.75	0.0140	-0.0030	-0.9460	2.26	NULL	30	0
2501	1	1	1	170803	082513.90	108.53791070	34.22360675	27.75	0.0460	-0.0630	-1.0180	2.26	NULL	30	0
2502	1	1	1	170803	082514.00	108.53791554	34.22360807	27.75	0.0290	0.0030	-1.0000	2.28	NULL	30	0
2503	1	1	1	170803	082514.10	108.53792045	34.22360938	27.75	-0.0190	0.0370	-0.9400	2.28	NULL	30	0
2504	1	1	1	170803	082514.20	108.53792535	34.22361064	27.75	0.0160	-0.0810	-1.0110	2.28	NULL	30	0
2505	1	1	1	170803	082514.30	108.53793022	34.22361192	27.75	0.0310	-0.0270	-1.0070	2.28	NULL	30	0
2506	1	1	1	170803	082514.40	108.53793517	34.22361317	27.75	0.0010	-0.0070	-0.9760	2.29	NULL	30	0
2507	1	1	1	170803	082514.50	108.53794009	34.22361444	27.75	0.0130	-0.0140	-1.0230	2.29	NULL	30	0
2508	1	1	1	170803	082514.60	108.53794493	34.22361577	27.75	0.0040	-0.0290	-0.9690	2.29	NULL	30	0
2509	1	1	1	170803	082514.70	108.53794983	34.22361706	27.75	0.0110	-0.0600	-1.0120	2.31	NULL	30	0
2510	1	1	1	170803	082514.80	108.53795469	34.22361836	27.75	0.0210	-0.0180	-0.9710	2.31	NULL	30	0
2511	1	1	1	170803	082514.90	108.53795959	34.22361965	27.75	-0.0200	0.0030	-1.0160	2.31	NULL	30	0
2512	1	1	1	170803	082515.00	108.53796442	34.22362080	27.75	0.0370	0.0060	-0.9630	2.28	NULL	30	0
2513	1	1	1	170803	082515.10	108.53796930	34.22362208	27.75	0.0600	-0.0390	-0.9820	2.28	NULL	30	0
2514	1	1	1	170803	082515.20	108.53797415	34.22362341	27.75	-0.0040	-0.0560	-1.0180	2.28	NULL	30	0
2515	1	1	1	170803	082515.30	108.53797903	34.22362469	27.75	0.0270	-0.0150	-1.0730	2.25	NULL	30	0
2516	1	1	1	170803	082515.40	108.53798390	34.22362600	27.75	-0.0170	-0.0110	-0.9590	2.25	NULL	30	0
2517	1	1	1	170803	082515.50	108.53798879	34.22362726	27.75	-0.0230	0.0070	-1.0130	2.25	NULL	30	0
2518	1	1	1	170803	082515.60	108.53799375	34.22362846	27.75	-0.0020	-0.0940	-1.0120	2.29	NULL	30	0
2519	1	1	1	170803	082515.70	108.53799861	34.22362974	27.75	-0.0070	-0.0280	-1.0140	2.29	NULL	30	0
2520	1	1	1	170803	082515.80	108.53800362	34.22363090	27.75	-0.0380	-0.0170	-1.0290	2.29	NULL	30	0
2521	1	1	1	170803	082515.90	108.53800847	34.22363217	27.75	-0.0020	-0.0470	-0.9960	2.30	NULL	30	0
2522	1	1	1	170803	082516.00	108.53801334	34.22363347	27.75	-0.0150	0.0090	-0.9500	2.30	NULL	30	0
2523	1	1	1	170803	082516.10	108.53801822	34.22363476	27.75	-0.0350	-0.0680	-1.0450	2.30	NULL	30	0
2524	1	1	1	170803	082516.20	108.53802318	34.22363599	27.75	-0.0080	0.0440	-1.0410	2.28	NULL	30	0
2525	1	1	1	170803	082516.30	108.53802805	34.22363727	27.75	0.0500	0.0260	-0.9380	2.28	NULL	30	0
2526	1	1	1	170803	082516.40	108.53803303	34.22363847	27.75	0.0050	-0.0580	-1.0180	2.28	NULL	30	0
2527	1	1	1	170803	082516.50	108.53803788	34.22363977	27.75	-0.0130	-0.0150	-0.9670	2.29	NULL	30	0
2528	1	1	1	170803	082516.60	108.53804274	34.22364106	27.75	-0.0340	0.0580	-1.0720	2.29	NULL	30	0
2529	1	1	1	170803	082516.70	108.53804761	34.22364234	27.75	0.0160	-0.1040	-1.0180	2.29	NULL	30	0
2530	1	1	1	170803	082516.80	108.53805244	34.22364367	27.75	0.0100	-0.0560	-0.9860	2.29	NULL	30	0
2531	1	1	1	170803	082516.90	108.53805727	34.22364498	27.75	0.0020	0.0850	-1.1070	2.30	NULL	30	0
2532	1	1	1	170803	082517.00	108.53806214	34.22364628	27.75	0.0200	0.0090	-0.9670	2.30	NULL	30	0
2533	1	1	1	170803	082517.10	108.53806699	34.22364756	27.75	-0.0010	-0.1260	-0.9960	2.30	NULL	30	0
2534	1	1	1	170803	082517.20	108.53807191	34.22364882	27.75	-0.0080	-0.0010	-0.9740	2.29	NULL	30	0
2535	1	1	1	170803	082517.30	108.53807676	34.22365012	27.75	0.0180	0.0190	-1.0030	2.29	NULL	30	0
2536	1	1	1	170803	082517.40	108.53808163	34.22365140	27.75	-0.0040	-0.0170	-1.0340	2.31	NULL	30	0
2537	1	1	1	170803	082517.50	108.53808646	34.22365270	27.75	0.0170	-0.0630	-1.0590	2.31	NULL	30	0
2538	1	1	1	170803	082517.60	108.53809137	34.22365396	27.75	-0.0530	-0.0350	-0.9960	2.31	NULL	30	0
2539	1	1	1	170803	082517.70	108.53809622	34.22365526	27.75	-0.0070	0.0110	-0.9990	2.31	NULL	30	0
2540	1	1	1	170803	082517.80	108.53810115	34.22365652	27.75	0.0060	-0.0300	-1.0210	2.34	NULL	30	0
2541	1	1	1	170803	082517.90	108.53810600	34.22365781	27.75	0.0270	0.0250	-0.9900	2.34	NULL	30	0
2542	1	1	1	170803	082518.00	108.53811095	34.22365908	27.75	0.0020	-0.0260	-0.9280	2.33	NULL	30	0
2543	1	1	1	170803	082518.10	108.53811579	34.22366038	27.75	-0.0160	-0.0120	-1.0140	2.33	NULL	30	0
2544	1	1	1	170803	082518.20	108.53812069	34.22366167	27.75	-0.0240	-0.0350	-0.9920	2.33	NULL	30	0
2545	1	1	1	170803	082518.30	108.53812553	34.22366297	27.75	0.0070	0.0070	-0.9710	2.33	NULL	30	0
2546	1	1	1	170803	082518.40	108.53813034	34.22366432	27.75	0.0160	-0.0350	-0.9850	2.32	NULL	30	0
2547	1	1	1	170803	082518.50	108.53813518	34.22366562	27.75	0.0090	0.0030	-1.0640	2.32	NULL	30	0
2548	1	1	1	170803	082518.60	108.53813996	34.22366689	27.75	-0.0120	0.0130	-0.9320	2.32	NULL	30	0
2549	1	1	1	170803	082518.70	108.53814480	34.22366818	27.75	0.0130	0.0420	-1.0370	2.32	NULL	30	0
2550	1	1	1	170803	082518.80	108.53814962	34.22366948	27.75	-0.0040	-0.0480	-1.0140	2.32	NULL	30	0
2551	1	1	1	170803	082518.90	108.53815447	34.22367078	27.75	0.0210	-0.0520	-0.9970	2.32	NULL	30	0
2552	1	1	1	170803	082519.00	108.53815927	34.22367206	27.75	0.0210	0.0070	-0.9370	2.33	NULL	30	0
2553	1	1	1	170803	082519.10	108.53816413	34.22367335	27.75	0.0040	-0.0130	-0.9810	2.33	NULL	30	0
2554	1	1	1	170803	082519.20	108.53816894	34.22367468	27.75	0.0110	0.0290	-1.0370	2.33	NULL	30	0
2555	1	1	1	170803	082519.30	108.53817380	34.22367596	27.75	0.0150	-0.0330	-1.0120	2.40	NULL	30	0
2556	1	1	1	170803	082519.40	108.53817863	34.22367730	27.75	0.0020	-0.0230	-0.9840	2.40	NULL	30	0
2557	1	1	1	170803	082519.50	108.53818348	34.22367859	27.75	0.0320	-0.0160	-0.9440	2.40	NULL	30	0
2558	1	1	1	170803	082519.60	108.53818830	34.22367992	27.75	0.0210	0.0010	-0.9970	2.42	NULL	30	0
2559	1	1	1	170803	082519.70	108.53819316	34.22368121	27.75	0.0220	-0.0260	-1.0040	2.42	NULL	30	0
2560	1	1	1	170803	082519.80	108.53819797	34.22368255	27.75	0.0250	-0.0010	-1.0180	2.42	NULL	30	0
2561	1	1	1	170803	082519.90	108.53820282	34.22368385	27.75	-0.0220	-0.0500	-1.0370	2.41	NULL	30	0
2562	1	1	1	170803	082520.00	108.53820764	34.22368520	27.75	-0.0690	0.0240	-0.9680	2.41	NULL	30	0
2563	1	1	1	170803	082520.10	108.53821249	34.22368648	27.75	0.0140	0.0090	-1.0140	2.41	NULL	30	0
2564	1	1	1	170803	082520.20	108.53821731	34.22368783	27.75	-0.0010	-0.0420	-1.0290	2.43	NULL	30	0
2565	1	1	1	170803	082520.30	108.53822217	34.22368913	27.75	-0.0230	-0.0070	-1.0490	2.43	NULL	30	0
2566	1	1	1	170803	082520.40	108.53822699	34.22369048	27.75	-0.0340	-0.0370	-0.9830	2.43	NULL	30	0
2567	1	1	1	170803	082520.50	108.53823184	34.22369179	27.75	-0.0130	0.0300	-1.0260	2.42	NULL	30	0
2568	1	1	1	170803	082520.60	108.53823665	34.22369311	27.75	-0.0150	0.0370	-1.0030	2.42	NULL	30	0
2569	1	1	1	170803	082520.70	108.53824150	34.22369441	27.75	0.0070	0.0210	-1.0420	2.42	NULL	30	0
2570	1	1	1	170803	082520.80	108.53824632	34.22369573	27.75	0.0380	-0.0090	-0.9420	2.43	NULL	30	0
2571	1	1	1	170803	082520.90	108.53825118	34.22369704	27.75	-0.0100	0.0280	-1.0050	2.43	NULL	30	0
2572	1	1	1	170803	082521.00	108.53825596	34.22369836	27.75	0.0290	-0.0310	-1.0300	2.43	NULL	30	0
2573	1	1	1	170803	082521.10	108.53826082	34.22369965	27.75	0.0110	-0.0170	-0.9890	2.43	NULL	30	0
2574	1	1	1	170803	082521.20	108.53826563	34.22370099	27.75	-0.0270	-0.0150	-0.9950	2.43	NULL	30	0
2575	1	1	1	170803	082521.30	108.53827049	34.22370226	27.75	-0.0090	-0.0530	-1.0670	2.43	NULL	30	0
2576	1	1	1	170803	082521.40	108.53827531	34.22370358	27.75	0.0090	-0.0090	-0.9700	2.43	NULL	30	0
2577	1	1	1	170803	082521.50	108.53828018	34.22370487	27.75	-0.0070	0.0240	-0.9940	2.43	NULL	30	0
2578	1	1	1	170803	082521.60	108.53828501	34.22370616	27.75	0.0300	-0.0150	-1.0310	2.43	NULL	30	0
2579	1	1	1	170803	082521.70	108.53828987	34.22370745	27.75	-0.0120	0.0070	-0.9560	2.43	NULL	30	0
2580	1	1	1	170803	082521.80	108.53829472	34.22370874	27.75	0.0140	-0.0020	-1.0290	2.42	NULL	30	0
2581	1	1	1	170803	082521.90	108.53829959	34.22371003	27.75	-0.0120	-0.0080	-1.0280	2.42	NULL	30	0
2582	1	1	1	170803	082522.00	108.53830445	34.22371133	27.75	0.0300	-0.0160	-0.9750	2.43	NULL	30	0
2583	1	1	1	170803	082522.10	108.53830934	34.22371261	27.75	-0.0440	-0.0150	-0.9830	2.43	NULL	30	0
2584	1	1	1	170803	082522.20	108.53831421	34.22371388	27.75	-0.0270	0.0060	-1.0140	2.43	NULL	30	0
2585	1	1	1	170803	082522.30	108.53831907	34.22371516	27.75	0.0350	-0.0310	-0.9730	2.43	NULL	30	0
2586	1	1	1	170803	082522.40	108.53832395	34.22371643	27.75	0.0060	-0.0590	-0.9410	2.42	NULL	30	0
2587	1	1	1	170803	082522.50	108.53832881	34.22371771	27.75	0.0450	-0.0200	-1.0550	2.42	NULL	30	0
2588	1	1	1	170803	082522.60	108.53833368	34.22371898	27.75	0.0480	-0.0900	-0.9610	2.42	NULL	30	0
2589	1	1	1	170803	082522.70	108.53833856	34.22372027	27.75	-0.0100	-0.0480	-0.9530	2.42	NULL	30	0
2590	1	1	1	170803	082522.80	108.53834343	34.22372155	27.75	0.0720	0.0380	-0.9210	2.42	NULL	30	0
2591	1	1	1	170803	082522.90	108.53834832	34.22372284	27.75	0.0010	-0.0660	-1.0180	2.42	NULL	30	0
2592	1	1	1	170803	082523.00	108.53835318	34.22372405	27.75	0.0090	0.0030	-1.0720	2.44	NULL	30	0
2593	1	1	1	170803	082523.10	108.53835805	34.22372533	27.75	0.0360	-0.0140	-0.9190	2.44	NULL	30	0
2594	1	1	1	170803	082523.20	108.53836293	34.22372657	27.75	-0.0060	-0.0390	-1.0840	2.44	NULL	30	0
2595	1	1	1	170803	082523.30	108.53836780	34.22372787	27.75	-0.0040	0.0180	-0.9570	2.44	NULL	30	0
2596	1	1	1	170803	082523.40	108.53837268	34.22372916	27.75	0.0230	-0.0240	-1.0500	2.44	NULL	30	0
2597	1	1	1	170803	082523.50	108.53837756	34.22373045	27.75	0.0150	0.0130	-1.0570	2.44	NULL	30	0
2598	1	1	1	170803	082523.60	108.53838245	34.22373174	27.75	-0.0340	-0.0010	-1.0510	2.44	NULL	30	0
2599	1	1	1	170803	082523.70	108.53838731	34.22373302	27.75	0.0260	0.0350	-1.0390	2.44	NULL	30	0
2600	1	1	1	170803	082523.80	108.53839220	34.22373431	27.75	0.0210	-0.0650	-0.9860	2.44	NULL	30	0
2601	1	1	1	170803	082523.90	108.53839709	34.22373560	27.75	0.0220	-0.0170	-1.0180	2.42	NULL	30	0
2602	1	1	1	170803	082524.00	108.53840198	34.22373689	27.75	0.0290	0.0250	-1.0020	2.42	NULL	30	0
2603	1	1	1	170803	082524.10	108.53840686	34.22373817	27.75	-0.0310	0.0070	-1.0690	2.42	NULL	30	0
2604	1	1	1	170803	082524.20	108.53841177	34.22373946	27.75	-0.0450	-0.0320	-1.0000	2.42	NULL	30	0
2605	1	1	1	170803	082524.30	108.53841663	34.22374077	27.75	-0.0200	0.0260	-0.9700	2.42	NULL	30	0
2606	1	1	1	170803	082524.40	108.53842152	34.22374207	27.75	0.0090	-0.0010	-1.0230	2.42	NULL	30	0
2607	1	1	1	170803	082524.50	108.53842639	34.22374337	27.75	0.0060	-0.0200	-0.9600	2.42	NULL	30	0
2608	1	1	1	170803	082524.60	108.53843125	34.22374468	27.75	0.0230	-0.0220	-1.0230	2.42	NULL	30	0
2609	1	1	1	170803	082524.70	108.53843612	34.22374598	27.75	0.0050	-0.0660	-0.9800	2.42	NULL	30	0
2610	1	1	1	170803	082524.80	108.53844098	34.22374729	27.75	-0.0290	-0.0110	-1.0350	2.42	NULL	30	0
2611	1	1	1	170803	082524.90	108.53844583	34.22374862	27.75	0.0400	-0.0470	-1.0190	2.40	NULL	30	0
2612	1	1	1	170803	082525.00	108.53845069	34.22374993	27.75	0.0040	0.0300	-1.0690	2.40	NULL	30	0
2613	1	1	1	170803	082525.10	108.53845556	34.22375124	27.75	-0.0580	-0.0370	-1.0550	2.40	NULL	30	0
2614	1	1	1	170803	082525.20	108.53846039	34.22375244	27.75	-0.0580	-0.0310	-1.0470	2.40	NULL	30	0
2615	1	1	1	170803	082525.30	108.53846525	34.22375377	27.75	0.0090	-0.0540	-0.9530	2.40	NULL	30	0
2616	1	1	1	170803	082525.40	108.53847007	34.22375500	27.75	-0.0110	0.0190	-1.0050	2.40	NULL	30	0
2617	1	1	1	170803	082525.50	108.53847492	34.22375633	27.75	0.0160	-0.0190	-1.0380	2.40	NULL	30	0
2618	1	1	1	170803	082525.60	108.53847972	34.22375756	27.75	-0.0160	-0.0600	-1.0050	2.40	NULL	30	0
2619	1	1	1	170803	082525.70	108.53848457	34.22375891	27.75	0.0010	-0.0190	-1.0250	2.40	NULL	30	0
2620	1	1	1	170803	082525.80	108.53848940	34.22376017	27.75	0.0090	-0.0260	-0.9600	2.37	NULL	30	0
2621	1	1	1	170803	082525.90	108.53849424	34.22376152	27.75	-0.0280	-0.0500	-0.9760	2.37	NULL	30	0
2622	1	1	1	170803	082526.00	108.53849911	34.22376291	27.75	-0.0080	-0.0390	-0.9910	2.35	NULL	30	0
2623	1	1	1	170803	082526.10	108.53850395	34.22376425	27.75	0.0070	-0.0390	-1.0280	2.35	NULL	30	0
2624	1	1	1	170803	082526.20	108.53850880	34.22376563	27.75	0.0120	-0.0050	-0.9620	2.35	NULL	30	0
2625	1	1	1	170803	082526.30	108.53851365	34.22376698	27.75	0.0290	-0.0390	-0.9970	2.35	NULL	30	0
2626	1	1	1	170803	082526.40	108.53851851	34.22376835	27.75	0.0140	0.0270	-1.0230	2.38	NULL	30	0
2627	1	1	1	170803	082526.50	108.53852335	34.22376969	27.75	-0.0170	-0.0060	-1.0030	2.38	NULL	30	0
2628	1	1	1	170803	082526.60	108.53852821	34.22377106	27.75	0.0060	-0.0780	-0.9620	2.38	NULL	30	0
2629	1	1	1	170803	082526.70	108.53853305	34.22377240	27.75	-0.0160	-0.0300	-1.0110	2.37	NULL	30	0
2630	1	1	1	170803	082526.80	108.53853791	34.22377375	27.75	0.0310	-0.0440	-0.9910	2.37	NULL	30	0
2631	1	1	1	170803	082526.90	108.53854274	34.22377510	27.75	0.0040	-0.0190	-0.9760	2.37	NULL	30	0
2632	1	1	1	170803	082527.00	108.53854758	34.22377645	27.75	0.0200	0.0050	-1.0350	2.36	NULL	30	0
2633	1	1	1	170803	082527.10	108.53855243	34.22377780	27.75	-0.0120	-0.0320	-0.9830	2.36	NULL	30	0
2634	1	1	1	170803	082527.20	108.53855728	34.22377916	27.75	-0.0290	-0.0050	-1.0280	2.36	NULL	30	0
2635	1	1	1	170803	082527.30	108.53856210	34.22378050	27.75	0.0120	-0.0380	-0.9890	2.35	NULL	30	0
2636	1	1	1	170803	082527.40	108.53856695	34.22378185	27.75	0.0370	-0.0080	-0.9730	2.35	NULL	30	0
2637	1	1	1	170803	082527.50	108.53857179	34.22378319	27.75	-0.0070	0.0190	-0.9280	2.35	NULL	30	0
2638	1	1	1	170803	082527.60	108.53857662	34.22378452	27.75	0.0090	-0.0170	-1.0570	2.31	NULL	30	0
2639	1	1	1	170803	082527.70	108.53858147	34.22378587	27.75	0.0230	0.0230	-1.0080	2.31	NULL	30	0
2640	1	1	1	170803	082527.80	108.53858629	34.22378718	27.75	0.0170	-0.0300	-1.0110	2.31	NULL	30	0
2641	1	1	1	170803	082527.90	108.53859109	34.22378854	27.75	0.0120	-0.0410	-0.9950	2.31	NULL	30	0
2642	1	1	1	170803	082528.00	108.53859593	34.22378992	27.75	0.0030	-0.0530	-1.0320	2.31	NULL	30	0
2643	1	1	1	170803	082528.10	108.53860076	34.22379128	27.75	-0.0280	-0.0800	-1.0210	2.31	NULL	30	0
2644	1	1	1	170803	082528.20	108.53860558	34.22379266	27.75	0.0030	-0.0120	-1.0260	2.32	NULL	30	0
2645	1	1	1	170803	082528.30	108.53861041	34.22379402	27.75	-0.0210	-0.0110	-0.9610	2.32	NULL	30	0
2646	1	1	1	170803	082528.40	108.53861525	34.22379540	27.75	-0.0150	0.0060	-0.9670	2.32	NULL	30	0
2647	1	1	1	170803	082528.50	108.53862005	34.22379674	27.75	0.0140	0.0030	-1.0130	2.30	NULL	30	0
2648	1	1	1	170803	082528.60	108.53862487	34.22379807	27.75	-0.0330	-0.0210	-1.0310	2.30	NULL	30	0
2649	1	1	1	170803	082528.70	108.53862969	34.22379942	27.75	0.0350	0.0550	-0.9760	2.30	NULL	30	0
2650	1	1	1	170803	082528.80	108.53863452	34.22380078	27.75	0.0590	0.0100	-0.9370	2.31	NULL	30	0
2651	1	1	1	170803	082528.90	108.53863935	34.22380213	27.75	-0.0220	-0.0290	-0.9650	2.31	NULL	30	0
2652	1	1	1	170803	082529.00	108.53864413	34.22380339	27.75	0.0290	-0.0240	-1.0300	2.31	NULL	30	0
2653	1	1	1	170803	082529.10	108.53864895	34.22380474	27.75	-0.0330	-0.0300	-1.0000	2.31	NULL	30	0
2654	1	1	1	170803	082529.20	108.53865373	34.22380599	27.75	-0.0180	-0.0120	-1.0020	2.31	NULL	30	0
2655	1	1	1	170803	082529.30	108.53865854	34.22380734	27.75	0.0030	0.0170	-1.0280	2.31	NULL	30	0
2656	1	1	1	170803	082529.40	108.53866332	34.22380862	27.75	-0.0230	-0.0620	-0.9970	2.31	NULL	30	0
2657	1	1	1	170803	082529.50	108.53866814	34.22380997	27.75	-0.0300	-0.0220	-0.9910	1.79	NULL	30	0
2658	1	1	1	170803	082529.60	108.53867297	34.22381135	27.75	0.0460	0.0060	-1.0210	1.79	NULL	30	0
2659	1	1	1	170803	082529.70	108.53867779	34.22381271	27.75	-0.0020	0.0240	-0.9710	1.79	NULL	30	0
2660	1	1	1	170803	082529.80	108.53868263	34.22381411	27.75	-0.0260	-0.0060	-1.0120	1.79	NULL	30	0
2661	1	1	1	170803	082529.90	108.53868742	34.22381547	27.75	0.0200	-0.0160	-0.9620	1.79	NULL	30	0
2662	1	1	1	170803	082530.00	108.53869224	34.22381687	27.75	0.0400	-0.0010	-1.0050	1.79	NULL	30	0
2663	1	1	1	170803	082530.10	108.53869704	34.22381822	27.75	-0.0230	-0.0200	-0.9600	1.79	NULL	30	0
2664	1	1	1	170803	082530.20	108.53870185	34.22381961	27.75	-0.0100	-0.0300	-1.0760	1.79	NULL	30	0
2665	1	1	1	170803	082530.30	108.53870666	34.22382097	27.75	0.0130	0.0370	-0.9640	1.79	NULL	30	0
2666	1	1	1	170803	082530.40	108.53871148	34.22382235	27.75	-0.0180	-0.0470	-0.9560	1.79	NULL	30	0
2667	1	1	1	170803	082530.50	108.53871628	34.22382372	27.75	0.0350	0.0070	-1.0150	1.79	NULL	30	0
2668	1	1	1	170803	082530.60	108.53872110	34.22382510	27.75	0.0450	-0.0140	-0.9740	1.79	NULL	30	0
2669	1	1	1	170803	082530.70	108.53872592	34.22382645	27.75	-0.0120	-0.0050	-1.0100	1.81	NULL	30	0
2670	1	1	1	170803	082530.80	108.53873072	34.22382782	27.75	0.0260	-0.0250	-1.0210	1.81	NULL	30	0
2671	1	1	1	170803	082530.90	108.53873552	34.22382919	27.75	0.0080	-0.0460	-1.0030	1.81	NULL	30	0
2672	1	1	1	170803	082531.00	108.53874032	34.22383056	27.75	-0.0370	0.0050	-0.9950	1.76	NULL	30	0
2673	1	1	1	170803	082531.10	108.53874511	34.22383191	27.75	-0.0360	0.0010	-1.0580	1.76	NULL	30	0
2674	1	1	1	170803	082531.20	108.53874990	34.22383328	27.75	-0.0560	-0.0370	-1.1230	1.76	NULL	30	0
2675	1	1	1	170803	082531.30	108.53875471	34.22383464	27.75	0.0070	-0.0130	-0.9910	1.76	NULL	30	0
2676	1	1	1	170803	082531.40	108.53875949	34.22383601	27.75	0.0370	-0.0490	-0.9560	1.76	NULL	30	0
2677	1	1	1	170803	082531.50	108.53876429	34.22383737	27.75	0.0040	-0.0230	-1.1550	1.76	NULL	30	0
2678	1	1	1	170803	082531.60	108.53876904	34.22383875	27.75	0.0290	-0.0310	-0.9800	1.76	NULL	30	0
2679	1	1	1	170803	082531.70	108.53877383	34.22384013	27.75	-0.0310	0.0110	-1.0020	1.76	NULL	30	0
2680	1	1	1	170803	082531.80	108.53877862	34.22384150	27.75	0.0130	-0.0050	-1.0010	1.76	NULL	30	0
2681	1	1	1	170803	082531.90	108.53878339	34.22384285	27.75	0.0540	-0.0140	-0.9540	1.76	NULL	30	0
2682	1	1	1	170803	082532.00	108.53878817	34.22384421	27.75	0.0230	-0.0080	-1.0310	1.81	NULL	30	0
2683	1	1	1	170803	082532.10	108.53879295	34.22384557	27.75	-0.0280	0.0100	-1.0530	1.81	NULL	30	0
2684	1	1	1	170803	082532.20	108.53879773	34.22384693	27.75	-0.0270	-0.0470	-0.9910	1.81	NULL	30	0
2685	1	1	1	170803	082532.30	108.53880250	34.22384830	27.75	-0.0080	-0.0130	-0.9690	1.76	NULL	30	0
2686	1	1	1	170803	082532.40	108.53880727	34.22384965	27.75	-0.0370	-0.0030	-1.0360	1.76	NULL	30	0
2687	1	1	1	170803	082532.50	108.53881205	34.22385099	27.75	0.0230	-0.0450	-1.0570	1.76	NULL	30	0
2688	1	1	1	170803	082532.60	108.53881679	34.22385236	27.75	0.0230	-0.0060	-0.9070	1.76	NULL	30	0
2689	1	1	1	170803	082532.70	108.53882157	34.22385372	27.75	0.0270	0.0340	-0.9860	1.76	NULL	30	0
2690	1	1	1	170803	082532.80	108.53882631	34.22385508	27.75	0.0110	0.0260	-0.9760	1.76	NULL	30	0
2691	1	1	1	170803	082532.90	108.53883108	34.22385643	27.75	-0.0220	-0.0720	-1.0320	0.10	NULL	29	0
2692	1	1	1	170803	082533.00	108.53883581	34.22385779	27.75	0.0120	0.0210	-0.9830	0.10	NULL	30	0
2693	1	1	1	170803	082533.10	108.53884059	34.22385915	27.75	-0.0370	-0.0230	-1.0110	0.10	NULL	30	0
2694	1	1	1	170803	082533.20	108.53884530	34.22386052	27.75	-0.0110	0.0130	-0.9840	2.08	NULL	30	0
2695	1	1	1	170803	082533.30	108.53885006	34.22386187	27.75	0.0350	0.0030	-0.9990	2.08	NULL	30	0
2696	1	1	1	170803	082533.40	108.53885478	34.22386324	27.75	-0.0210	-0.0060	-1.0020	2.08	NULL	29	0
2697	1	1	1	170803	082533.50	108.53885954	34.22386459	25.90	0.0020	0.0120	-1.0330	2.16	NULL	30	0
2698	1	1	1	170803	082533.60	108.53886426	34.22386595	25.90	0.0000	0.0120	-0.9940	2.16	NULL	30	0
2699	1	1	1	170803	082533.70	108.53886904	34.22386731	27.75	0.0050	-0.0220	-1.0200	2.16	NULL	30	0
2700	1	1	1	170803	082533.80	108.53887376	34.22386867	25.90	-0.0170	0.0210	-1.0080	0.00	NULL	30	0
2701	1	1	1	170803	082533.90	108.53887852	34.22387003	25.90	0.0180	-0.0230	-1.0520	0.00	NULL	29	0
2702	1	1	1	170803	082534.00	108.53888325	34.22387140	25.90	-0.0310	-0.0180	-0.9370	0.00	NULL	30	0
2703	1	1	1	170803	082534.10	108.53888800	34.22387275	25.90	0.0470	0.0240	-1.0550	0.00	NULL	30	0
2704	1	1	1	170803	082534.20	108.53889285	34.22387403	25.90	0.0020	-0.0040	-0.9130	0.00	NULL	30	0
2705	1	1	1	170803	082534.30	108.53889760	34.22387538	25.90	0.0020	0.0580	-1.0430	0.00	NULL	30	0
2706	1	1	1	170803	082534.40	108.53890246	34.22387663	25.90	0.0060	0.0080	-0.9730	0.00	NULL	29	0
2707	1	1	1	170803	082534.50	108.53890722	34.22387800	25.90	0.0030	0.0180	-1.0020	0.00	NULL	30	0
2708	1	1	1	170803	082534.60	108.53891206	34.22387926	25.90	0.0070	0.0500	-0.9930	0.00	NULL	30	0
2709	1	1	1	170803	082534.70	108.53891683	34.22388062	27.75	0.0180	-0.0070	-1.0170	0.00	NULL	29	0
2710	1	1	1	170803	082534.80	108.53892163	34.22388194	27.75	-0.0040	-0.0460	-0.9440	0.00	NULL	30	0
2711	1	1	1	170803	082534.90	108.53892637	34.22388329	25.90	-0.0300	0.0280	-1.0250	0.00	NULL	29	0
2712	1	1	1	170803	082535.00	108.53893104	34.22388469	25.90	0.0040	-0.0130	-0.9520	0.00	NULL	30	0
2713	1	1	1	170803	082535.10	108.53893580	34.22388606	25.90	0.0060	0.0060	-1.0230	0.00	NULL	30	0
2714	1	1	1	170803	082535.20	108.53894047	34.22388746	25.90	0.0200	-0.0320	-0.9730	0.00	NULL	29	0
2715	1	1	1	170803	082535.30	108.53894523	34.22388882	25.90	0.0490	0.0020	-0.9740	0.00	NULL	30	0
2716	1	1	1	170803	082535.40	108.53894993	34.22389021	25.90	-0.0030	-0.0290	-0.9720	0.00	NULL	29	0
2717	1	1	1	170803	082535.50	108.53895467	34.22389158	25.90	-0.0240	-0.0560	-1.0110	0.00	NULL	30	0
2718	1	1	1	170803	082535.60	108.53895935	34.22389298	25.90	0.0240	0.0410	-1.0400	0.00	NULL	30	0
2719	1	1	1	170803	082535.70	108.53896411	34.22389434	25.90	-0.0320	-0.0650	-0.9980	0.00	NULL	29	0
2720	1	1	1	170803	082535.80	108.53896881	34.22389574	25.90	0.0090	-0.0000	-0.9930	0.00	NULL	30	0
2721	1	1	1	170803	082535.90	108.53897354	34.22389712	25.90	0.0060	-0.0370	-1.0000	0.00	NULL	29	0
2722	1	1	1	170803	082536.00	108.53897826	34.22389851	25.90	-0.0260	-0.0130	-0.9800	0.00	NULL	30	0
2723	1	1	1	170803	082536.10	108.53898300	34.22389989	25.90	-0.0110	-0.0110	-0.9850	0.00	NULL	30	0
2724	1	1	1	170803	082536.20	108.53898770	34.22390128	25.90	0.0100	-0.0320	-1.0080	0.00	NULL	29	0
2725	1	1	1	170803	082536.30	108.53899245	34.22390266	25.90	0.0330	0.0160	-0.9710	0.04	NULL	30	0
2726	1	1	1	170803	082536.40	108.53899727	34.22390396	25.90	0.0160	-0.0300	-1.0340	0.04	NULL	29	0
2727	1	1	1	170803	082536.50	108.53900200	34.22390532	25.90	0.0040	-0.0410	-0.9650	0.04	NULL	29	0
2728	1	1	1	170803	082536.60	108.53900687	34.22390659	25.90	-0.0150	-0.0600	-1.0050	2.24	NULL	30	0
2729	1	1	1	170803	082536.70	108.53901160	34.22390797	25.90	-0.0060	-0.0200	-1.0510	2.24	NULL	29	0
2730	1	1	1	170803	082536.80	108.53901643	34.22390926	25.90	0.0230	-0.0220	-1.0140	2.24	NULL	30	0
2731	1	1	1	170803	082536.90	108.53902120	34.22391065	27.75	0.0260	-0.0150	-0.9830	2.24	NULL	30	0
2732	1	1	1	170803	082537.00	108.53902606	34.22391195	27.75	0.0280	-0.0180	-1.0470	2.24	NULL	30	0
2733	1	1	1	170803	082537.10	108.53903082	34.22391334	27.75	0.0200	-0.0130	-0.9630	2.24	NULL	30	0
2734	1	1	1	170803	082537.20	108.53903569	34.22391466	27.75	-0.0020	-0.0470	-0.9760	2.28	NULL	30	0
2735	1	1	1	170803	082537.30	108.53904046	34.22391605	27.75	-0.0050	-0.0050	-1.0210	2.28	NULL	30	0
2736	1	1	1	170803	082537.40	108.53904529	34.22391737	27.75	-0.0120	-0.0550	-0.9890	2.28	NULL	30	0
2737	1	1	1	170803	082537.50	108.53905005	34.22391878	27.75	-0.0060	-0.0660	-0.9990	2.25	NULL	30	0
2738	1	1	1	170803	082537.60	108.53905485	34.22392012	27.75	-0.0100	-0.0380	-1.0160	2.25	NULL	30	0
2739	1	1	1	170803	082537.70	108.53905962	34.22392152	27.75	0.0000	-0.0000	-1.0100	2.25	NULL	30	0
2740	1	1	1	170803	082537.80	108.53906442	34.22392288	27.75	-0.0170	0.0430	-1.0120	2.25	NULL	30	0
2741	1	1	1	170803	082537.90	108.53906917	34.22392427	27.75	0.0080	-0.0430	-1.0300	2.25	NULL	30	0
2742	1	1	1	170803	082538.00	108.53907391	34.22392568	27.75	0.0160	-0.0140	-1.0330	2.25	NULL	30	0
2743	1	1	1	170803	082538.10	108.53907868	34.22392708	27.75	0.0310	-0.0090	-1.0470	2.24	NULL	30	0
2744	1	1	1	170803	082538.20	108.53908346	34.22392844	27.75	-0.0020	-0.0270	-0.9880	2.24	NULL	30	0
2745	1	1	1	170803	082538.30	108.53908821	34.22392985	27.75	-0.0080	-0.0990	-1.0760	2.24	NULL	30	0
2746	1	1	1	170803	082538.40	108.53909302	34.22393120	27.75	-0.0150	0.0520	-1.0360	2.24	NULL	30	0
2747	1	1	1	170803	082538.50	108.53909778	34.22393261	27.75	-0.0300	-0.0500	-1.0090	2.24	NULL	30	0
2748	1	1	1	170803	082538.60	108.53910257	34.22393395	27.75	-0.0150	-0.0420	-1.0190	2.24	NULL	30	0
2749	1	1	1	170803	082538.70	108.53910734	34.22393534	27.75	-0.0030	-0.0210	-0.9560	2.24	NULL	30	0
2750	1	1	1	170803	082538.80	108.53911210	34.22393663	27.75	0.0070	-0.0890	-0.9630	2.24	NULL	30	0
2751	1	1	1	170803	082538.90	108.53911685	34.22393804	27.75	-0.0040	-0.0170	-1.0100	2.24	NULL	30	0
2752	1	1	1	170803	082539.00	108.53912162	34.22393943	27.75	-0.0070	0.0070	-1.0010	2.24	NULL	30	0
2753	1	1	1	170803	082539.10	108.53912641	34.22394082	27.75	-0.0070	-0.0660	-1.0000	2.24	NULL	30	0
2754	1	1	1	170803	082539.20	108.53913118	34.22394215	27.75	0.0270	-0.0530	-1.0210	2.24	NULL	29	0
2755	1	1	1	170803	082539.30	108.53913595	34.22394358	27.75	0.0400	0.0150	-0.8590	0.00	NULL	30	0
2756	1	1	1	170803	082539.40	108.53914073	34.22394492	27.75	0.0280	-0.0170	-1.0000	0.00	NULL	30	0
2757	1	1	1	170803	082539.50	108.53914548	34.22394632	27.75	0.0440	-0.0740	-0.9790	0.00	NULL	30	0
2758	1	1	1	170803	082539.60	108.53915027	34.22394773	27.75	-0.0030	-0.0390	-1.0180	0.00	NULL	30	0
2759	1	1	1	170803	082539.70	108.53915502	34.22394916	27.75	0.0060	-0.0470	-0.9920	0.00	NULL	30	0
2760	1	1	1	170803	082539.80	108.53915978	34.22395058	27.75	0.0410	-0.0250	-0.9920	0.00	NULL	30	0
2761	1	1	1	170803	082539.90	108.53916456	34.22395199	27.75	0.0050	-0.0050	-0.9650	0.00	NULL	30	0
2762	1	1	1	170803	082540.00	108.53916932	34.22395341	27.75	-0.0030	0.0380	-1.0900	0.00	NULL	30	0
2763	1	1	1	170803	082540.10	108.53917408	34.22395483	27.75	0.0320	-0.0260	-0.9580	0.00	NULL	30	0
2764	1	1	1	170803	082540.20	108.53917885	34.22395625	27.75	-0.0330	-0.0170	-1.0020	0.00	NULL	30	0
2765	1	1	1	170803	082540.30	108.53918361	34.22395767	27.75	0.0210	-0.0490	-1.0250	0.00	NULL	30	0
2766	1	1	1	170803	082540.40	108.53918833	34.22395911	27.75	-0.0110	-0.0670	-1.0180	0.00	NULL	30	0
2767	1	1	1	170803	082540.50	108.53919307	34.22396051	27.75	-0.0050	-0.0160	-1.0590	0.00	NULL	30	0
2768	1	1	1	170803	082540.60	108.53919783	34.22396192	27.75	-0.0020	0.0100	-0.9350	2.32	NULL	30	0
2769	1	1	1	170803	082540.70	108.53920259	34.22396334	27.75	-0.0160	-0.0240	-1.0420	2.32	NULL	30	0
2770	1	1	1	170803	082540.80	108.53920735	34.22396474	27.75	-0.0060	0.0210	-0.9870	2.32	NULL	30	0
2771	1	1	1	170803	082540.90	108.53921206	34.22396616	27.75	-0.0040	-0.1150	-1.0630	2.32	NULL	30	0
2772	1	1	1	170803	082541.00	108.53921675	34.22396746	25.90	0.0460	-0.0500	-0.9560	2.32	NULL	30	0
2773	1	1	1	170803	082541.10	108.53922152	34.22396890	27.75	-0.0020	-0.0490	-1.1140	2.32	NULL	30	0
2774	1	1	1	170803	082541.20	108.53922623	34.22397027	27.75	-0.0410	-0.0170	-1.0410	0.00	NULL	30	0
2775	1	1	1	170803	082541.30	108.53923097	34.22397172	27.75	-0.0440	-0.0500	-0.9310	0.00	NULL	30	0
2776	1	1	1	170803	082541.40	108.53923570	34.22397310	27.75	-0.0500	-0.0010	-1.0180	0.00	NULL	30	0
2777	1	1	1	170803	082541.50	108.53924044	34.22397453	27.75	-0.0190	-0.0560	-1.0090	2.40	NULL	30	0
2778	1	1	1	170803	082541.60	108.53924514	34.22397592	27.75	0.0070	-0.0390	-1.0560	2.40	NULL	30	0
2779	1	1	1	170803	082541.70	108.53924987	34.22397736	25.90	-0.0230	-0.0910	-1.0440	2.40	NULL	30	0
2780	1	1	1	170803	082541.80	108.53925458	34.22397874	25.90	0.0170	0.0800	-1.0280	2.40	NULL	30	0
2781	1	1	1	170803	082541.90	108.53925933	34.22398017	27.75	0.0110	-0.0590	-0.9830	2.40	NULL	30	0
2782	1	1	1	170803	082542.00	108.53926410	34.22398164	27.75	0.0210	0.0570	-0.9580	2.40	NULL	29	0
2783	1	1	1	170803	082542.10	108.53926883	34.22398307	27.75	0.0300	0.0080	-0.9440	2.40	NULL	30	0
2784	1	1	1	170803	082542.20	108.53927360	34.22398453	27.75	-0.0090	-0.0280	-0.9480	2.40	NULL	30	0
2785	1	1	1	170803	082542.30	108.53927834	34.22398595	27.75	-0.0290	-0.0410	-1.0740	2.40	NULL	29	0
2786	1	1	1	170803	082542.40	108.53928306	34.22398736	25.90	-0.0020	-0.0190	-1.0420	2.40	NULL	30	0
2787	1	1	1	170803	082542.50	108.53928780	34.22398878	25.90	-0.0100	-0.0110	-0.9540	2.40	NULL	29	0
2788	1	1	1	170803	082542.60	108.53929247	34.22399012	25.90	0.0110	-0.0360	-0.9670	2.40	NULL	30	0
2789	1	1	1	170803	082542.70	108.53929719	34.22399154	25.90	0.0300	-0.0100	-1.0340	2.42	NULL	30	0
2790	1	1	1	170803	082542.80	108.53930191	34.22399300	25.90	0.0110	-0.0260	-0.9310	2.42	NULL	30	0
2791	1	1	1	170803	082542.90	108.53930664	34.22399442	25.90	0.0240	-0.0200	-1.0250	2.42	NULL	30	0
2792	1	1	1	170803	082543.00	108.53931139	34.22399586	25.90	-0.0160	0.0110	-1.0140	2.40	NULL	29	0
2793	1	1	1	170803	082543.10	108.53931612	34.22399731	27.75	-0.0000	0.0380	-0.9810	2.40	NULL	30	0
2794	1	1	1	170803	082543.20	108.53932084	34.22399877	27.75	0.0170	0.0250	-1.0120	2.40	NULL	30	0
2795	1	1	1	170803	082543.30	108.53932555	34.22400019	25.90	0.0080	-0.0410	-1.0100	2.40	NULL	29	0
2796	1	1	1	170803	082543.40	108.53933028	34.22400163	25.90	-0.0060	0.0440	-1.0030	2.40	NULL	30	0
2797	1	1	1	170803	082543.50	108.53933500	34.22400308	25.90	-0.0040	-0.0420	-1.0870	2.40	NULL	29	0
2798	1	1	1	170803	082543.60	108.53933970	34.22400446	25.90	-0.0170	0.0130	-0.9770	2.40	NULL	30	0
2799	1	1	1	170803	082543.70	108.53934442	34.22400590	25.90	-0.0450	0.0280	-0.9910	2.40	NULL	30	0
2800	1	1	1	170803	082543.80	108.53934916	34.22400736	25.90	0.0080	-0.0530	-1.0550	2.40	NULL	29	0
2801	1	1	1	170803	082543.90	108.53935388	34.22400881	25.90	0.0200	-0.0160	-0.9920	2.40	NULL	30	0
2802	1	1	1	170803	082544.00	108.53935854	34.22401021	25.90	-0.0090	0.0600	-0.9670	2.40	NULL	29	0
2803	1	1	1	170803	082544.10	108.53936325	34.22401166	25.90	0.0200	-0.0120	-1.0400	2.40	NULL	30	0
2804	1	1	1	170803	082544.20	108.53936794	34.22401308	25.90	-0.0200	-0.0810	-1.0300	2.40	NULL	30	0
2805	1	1	1	170803	082544.30	108.53937266	34.22401453	25.90	0.0130	-0.0060	-1.0040	2.40	NULL	29	0
2806	1	1	1	170803	082544.40	108.53937739	34.22401603	25.90	-0.0270	-0.0570	-0.9730	2.40	NULL	30	0
2807	1	1	1	170803	082544.50	108.53938210	34.22401749	25.90	0.0020	-0.0450	-1.0420	2.40	NULL	29	0
2808	1	1	1	170803	082544.60	108.53938684	34.22401897	25.90	0.0100	-0.0400	-0.9660	0.00	NULL	30	0
2809	1	1	1	170803	082544.70	108.53939155	34.22402044	25.90	-0.0080	-0.0230	-0.9570	0.00	NULL	30	0
2810	1	1	1	170803	082544.80	108.53939628	34.22402193	25.90	0.0390	-0.0240	-0.9850	0.00	NULL	29	0
2811	1	1	1	170803	082544.90	108.53940101	34.22402338	27.75	0.0240	-0.0210	-0.9480	0.00	NULL	30	0
2812	1	1	1	170803	082545.00	108.53940575	34.22402487	27.75	0.0370	-0.0630	-1.0480	0.00	NULL	29	0
2813	1	1	1	170803	082545.10	108.53941046	34.22402635	27.75	0.0000	-0.0090	-1.0020	0.00	NULL	30	0
2814	1	1	1	170803	082545.20	108.53941521	34.22402784	27.75	0.0130	-0.0090	-1.0410	0.00	NULL	30	0
2815	1	1	1	170803	082545.30	108.53941994	34.22402928	27.75	-0.0370	-0.0640	-0.9810	0.00	NULL	30	0
2816	1	1	1	170803	082545.40	108.53942465	34.22403070	27.75	-0.0140	0.0040	-1.0330	0.00	NULL	30	0
2817	1	1	1	170803	082545.50	108.53942938	34.22403217	27.75	0.0580	0.0070	-1.0280	0.00	NULL	30	0
2818	1	1	1	170803	082545.60	108.53943407	34.22403357	27.75	0.0040	-0.0170	-0.9690	0.00	NULL	30	0
2819	1	1	1	170803	082545.70	108.53943881	34.22403504	27.75	0.0460	0.0310	-1.0380	0.00	NULL	30	0
2820	1	1	1	170803	082545.80	108.53944353	34.22403657	27.75	0.0090	0.0280	-0.9950	0.00	NULL	30	0
2821	1	1	1	170803	082545.90	108.53944830	34.22403805	27.75	0.0390	-0.0400	-0.9960	0.00	NULL	30	0
2822	1	1	1	170803	082546.00	108.53945311	34.22403957	27.75	0.0290	-0.0070	-0.9630	0.00	NULL	30	0
2823	1	1	1	170803	082546.10	108.53945786	34.22404106	27.75	-0.0150	-0.0060	-1.0810	0.00	NULL	30	0
2824	1	1	1	170803	082546.20	108.53946265	34.22404259	27.75	-0.0070	-0.0450	-0.9280	0.00	NULL	30	0
2825	1	1	1	170803	082546.30	108.53946738	34.22404409	27.75	0.0120	-0.0210	-1.0610	0.00	NULL	30	0
2826	1	1	1	170803	082546.40	108.53947212	34.22404553	27.75	0.0100	0.0190	-0.9470	2.40	NULL	30	0
2827	1	1	1	170803	082546.50	108.53947688	34.22404701	27.75	0.0160	-0.0460	-0.9930	2.40	NULL	30	0
2828	1	1	1	170803	082546.60	108.53948162	34.22404841	27.75	0.0370	-0.0290	-0.9590	2.40	NULL	30	0
2829	1	1	1	170803	082546.70	108.53948637	34.22404991	27.75	-0.0020	0.0400	-0.9590	2.40	NULL	30	0
2830	1	1	1	170803	082546.80	108.53949110	34.22405131	27.75	0.0010	-0.0960	-1.0170	2.40	NULL	30	0
2831	1	1	1	170803	082546.90	108.53949584	34.22405282	27.75	0.0050	-0.0050	-0.9720	2.40	NULL	30	0
2832	1	1	1	170803	082547.00	108.53950057	34.22405431	27.75	0.0070	0.0060	-1.0230	2.40	NULL	30	0
2833	1	1	1	170803	082547.10	108.53950532	34.22405582	27.75	0.0260	-0.0370	-0.9030	2.40	NULL	30	0
2834	1	1	1	170803	082547.20	108.53951001	34.22405731	27.75	0.0200	0.0010	-1.0460	2.40	NULL	30	0
2835	1	1	1	170803	082547.30	108.53951475	34.22405883	27.75	0.0280	-0.0960	-0.9340	2.40	NULL	30	0
2836	1	1	1	170803	082547.40	108.53951946	34.22406030	27.75	0.0190	0.0050	-0.9840	2.40	NULL	30	0
2837	1	1	1	170803	082547.50	108.53952420	34.22406181	27.75	0.0240	-0.0300	-1.0010	2.40	NULL	30	0
2838	1	1	1	170803	082547.60	108.53952892	34.22406331	27.75	0.0050	0.0470	-0.9870	2.40	NULL	30	0
2839	1	1	1	170803	082547.70	108.53953366	34.22406484	27.75	-0.0590	-0.0440	-1.0190	2.40	NULL	30	0
2840	1	1	1	170803	082547.80	108.53953841	34.22406642	27.75	0.0030	-0.0090	-1.0520	2.40	NULL	30	0
2841	1	1	1	170803	082547.90	108.53954315	34.22406795	27.75	-0.0230	-0.0020	-0.9470	2.40	NULL	30	0
2842	1	1	1	170803	082548.00	108.53954789	34.22406954	27.75	0.0250	0.0280	-0.9770	0.00	NULL	30	0
2843	1	1	1	170803	082548.10	108.53955263	34.22407106	27.75	-0.0030	0.0260	-0.9320	0.00	NULL	30	0
2844	1	1	1	170803	082548.20	108.53955737	34.22407265	27.75	-0.0240	-0.0150	-1.0310	0.00	NULL	30	0
2845	1	1	1	170803	082548.30	108.53956211	34.22407417	27.75	0.0310	0.0010	-1.0000	2.24	NULL	30	0
2846	1	1	1	170803	082548.40	108.53956683	34.22407574	27.75	-0.0100	-0.0710	-0.9670	2.24	NULL	30	0
2847	1	1	1	170803	082548.50	108.53957156	34.22407725	27.75	0.0300	0.0270	-1.0460	2.24	NULL	30	0
2848	1	1	1	170803	082548.60	108.53957624	34.22407877	27.75	-0.0040	-0.0330	-0.9790	2.24	NULL	30	0
2849	1	1	1	170803	082548.70	108.53958098	34.22408029	27.75	-0.0090	-0.0040	-1.0350	2.24	NULL	30	0
2850	1	1	1	170803	082548.80	108.53958569	34.22408191	27.75	0.0040	-0.0930	-1.0160	2.24	NULL	30	0
2851	1	1	1	170803	082548.90	108.53959042	34.22408343	27.75	0.0080	0.0130	-0.9660	2.37	NULL	30	0
2852	1	1	1	170803	082549.00	108.53959514	34.22408503	27.75	-0.0190	-0.0480	-0.9920	2.37	NULL	30	0
2853	1	1	1	170803	082549.10	108.53959987	34.22408656	27.75	-0.0270	-0.0510	-0.9970	2.37	NULL	30	0
2854	1	1	1	170803	082549.20	108.53960451	34.22408804	27.75	-0.0110	-0.0670	-1.0190	2.37	NULL	30	0
2855	1	1	1	170803	082549.30	108.53960925	34.22408957	27.75	-0.0010	-0.0060	-0.9580	2.37	NULL	30	0
2856	1	1	1	170803	082549.40	108.53961401	34.22409110	27.75	-0.0000	-0.0080	-0.9930	2.37	NULL	30	0
2857	1	1	1	170803	082549.50	108.53961873	34.22409263	27.75	0.0400	-0.0020	-1.0060	2.37	NULL	30	0
2858	1	1	1	170803	082549.60	108.53962345	34.22409415	27.75	0.0140	-0.0220	-1.0070	2.37	NULL	30	0
2859	1	1	1	170803	082549.70	108.53962817	34.22409569	27.75	-0.0040	-0.0220	-0.9660	2.37	NULL	30	0
2860	1	1	1	170803	082549.80	108.53963287	34.22409718	27.75	0.0180	0.0110	-1.0280	0.07	NULL	30	0
2861	1	1	1	170803	082549.90	108.53963759	34.22409871	27.75	0.0350	-0.0340	-1.0190	0.07	NULL	30	0
2862	1	1	1	170803	082550.00	108.53964232	34.22410030	27.75	0.0050	-0.0080	-0.9480	0.07	NULL	30	0
2863	1	1	1	170803	082550.10	108.53964703	34.22410183	27.75	-0.0170	0.0000	-1.0650	0.07	NULL	30	0
2864	1	1	1	170803	082550.20	108.53965176	34.22410340	27.75	0.0210	-0.0290	-1.0160	0.07	NULL	30	0
2865	1	1	1	170803	082550.30	108.53965649	34.22410494	27.75	-0.0280	-0.0120	-0.9460	0.07	NULL	30	0
2866	1	1	1	170803	082550.40	108.53966121	34.22410651	27.75	0.0180	0.0010	-1.0430	0.07	NULL	30	0
2867	1	1	1	170803	082550.50	108.53966593	34.22410803	27.75	-0.0050	0.0180	-0.9580	0.07	NULL	30	0
2868	1	1	1	170803	082550.60	108.53967064	34.22410960	27.75	0.0340	-0.0540	-1.0210	0.07	NULL	30	0
2869	1	1	1	170803	082550.70	108.53967534	34.22411113	27.75	0.0170	-0.0030	-0.9480	2.30	NULL	30	0
2870	1	1	1	170803	082550.80	108.53968004	34.22411269	27.75	0.0060	0.0120	-1.0600	2.30	NULL	30	0
2871	1	1	1	170803	082550.90	108.53968476	34.22411422	27.75	-0.0240	0.0230	-1.0300	2.30	NULL	30	0
2872	1	1	1	170803	082551.00	108.53968946	34.22411579	27.75	0.0010	-0.0920	-1.0350	2.30	NULL	30	0
2873	1	1	1	170803	082551.10	108.53969417	34.22411731	27.75	-0.0260	0.0200	-0.9760	2.30	NULL	30	0
2874	1	1	1	170803	082551.20	108.53969886	34.22411888	27.75	-0.0280	-0.0260	-1.0060	2.30	NULL	30	0
2875	1	1	1	170803	082551.30	108.53970356	34.22412039	27.75	0.0180	-0.0500	-1.0210	2.30	NULL	30	0
2876	1	1	1	170803	082551.40	108.53970822	34.22412193	27.75	0.0270	-0.0270	-1.0010	2.30	NULL	30	0
2877	1	1	1	170803	082551.50	108.53971293	34.22412347	27.75	-0.0030	0.0010	-1.0250	2.30	NULL	30	0
2878	1	1	1	170803	082551.60	108.53971755	34.22412492	27.75	-0.0110	-0.0070	-0.9990	2.30	NULL	30	0
2879	1	1	1	170803	082551.70	108.53972225	34.22412646	27.75	0.0130	-0.0320	-1.0390	2.30	NULL	30	0
2880	1	1	1	170803	082551.80	108.53972692	34.22412803	27.75	-0.0130	-0.0330	-0.9840	2.30	NULL	30	0
2881	1	1	1	170803	082551.90	108.53973160	34.22412955	27.75	0.0320	-0.0050	-1.0150	2.30	NULL	30	0
2882	1	1	1	170803	082552.00	108.53973627	34.22413111	27.75	0.0350	0.0090	-1.0010	2.24	NULL	30	0
2883	1	1	1	170803	082552.10	108.53974097	34.22413264	27.75	0.0100	-0.0630	-0.9990	2.24	NULL	29	0
2884	1	1	1	170803	082552.20	108.53974566	34.22413418	27.75	0.0450	-0.0340	-1.0290	2.24	NULL	30	0
2885	1	1	1	170803	082552.30	108.53975035	34.22413573	27.75	0.0120	-0.0460	-0.9820	2.24	NULL	30	0
2886	1	1	1	170803	082552.40	108.53975499	34.22413736	27.75	0.0540	0.0740	-0.9280	2.24	NULL	30	0
2887	1	1	1	170803	082552.50	108.53975969	34.22413888	27.75	-0.0210	-0.0080	-1.0270	2.24	NULL	30	0
2888	1	1	1	170803	082552.60	108.53976435	34.22414047	27.75	0.0210	-0.0500	-1.0700	2.24	NULL	29	0
2889	1	1	1	170803	082552.70	108.53976905	34.22414201	27.75	0.0170	0.0010	-0.9660	2.24	NULL	30	0
2890	1	1	1	170803	082552.80	108.53977377	34.22414353	27.75	0.0010	-0.0840	-1.0250	2.24	NULL	29	0
2891	1	1	1	170803	082552.90	108.53977847	34.22414508	27.75	-0.0230	-0.0310	-0.9710	2.29	NULL	30	0
2892	1	1	1	170803	082553.00	108.53978311	34.22414668	27.75	-0.0070	-0.0250	-0.9680	2.29	NULL	30	0
2893	1	1	1	170803	082553.10	108.53978778	34.22414822	27.75	0.0170	-0.0290	-1.0590	2.29	NULL	29	0
2894	1	1	1	170803	082553.20	108.53979231	34.22414989	25.90	0.0240	0.0240	-0.9090	2.30	NULL	30	0
2895	1	1	1	170803	082553.30	108.53979701	34.22415141	25.90	-0.0170	-0.0440	-1.0180	2.30	NULL	30	0
2896	1	1	1	170803	082553.40	108.53980171	34.22415292	25.90	0.0190	-0.0540	-1.0240	2.30	NULL	30	0
2897	1	1	1	170803	082553.50	108.53980641	34.22415446	27.75	-0.0070	-0.0070	-1.0000	2.24	NULL	30	0
2898	1	1	1	170803	082553.60	108.53981112	34.22415598	27.75	-0.0260	-0.0380	-1.0060	2.24	NULL	29	0
2899	1	1	1	170803	082553.70	108.53981578	34.22415752	25.90	0.0070	-0.0580	-0.9230	2.24	NULL	30	0
2900	1	1	1	170803	082553.80	108.53982047	34.22415906	25.90	0.0190	0.0050	-0.9630	0.00	NULL	30	0
2901	1	1	1	170803	082553.90	108.53982514	34.22416060	25.90	0.0240	-0.0010	-0.9600	0.00	NULL	29	0
2902	1	1	1	170803	082554.00	108.53982981	34.22416213	25.90	0.0430	-0.0810	-1.0640	0.00	NULL	30	0
2903	1	1	1	170803	082554.10	108.53983448	34.22416367	25.90	0.0300	-0.0120	-0.9510	0.00	NULL	29	0
2904	1	1	1	170803	082554.20	108.53983911	34.22416523	25.90	-0.0040	0.0280	-1.0040	0.00	NULL	30	0
2905	1	1	1	170803	082554.30	108.53984376	34.22416676	25.90	-0.0110	-0.0450	-1.0500	0.00	NULL	30	0
2906	1	1	1	170803	082554.40	108.53984828	34.22416840	25.90	-0.0400	-0.0190	-1.0410	0.00	NULL	29	0
2907	1	1	1	170803	082554.50	108.53985292	34.22416994	25.90	0.0130	0.0360	-0.9830	0.00	NULL	30	0
2908	1	1	1	170803	082554.60	108.53985751	34.22417153	25.90	-0.0190	-0.0170	-1.0190	0.00	NULL	29	0
2909	1	1	1	170803	082554.70	108.53986215	34.22417306	25.90	-0.0290	0.0220	-1.0660	2.31	NULL	29	0
2910	1	1	1	170803	082554.80	108.53986689	34.22417455	25.90	-0.0170	-0.0020	-0.9070	2.31	NULL	29	0
2911	1	1	1	170803	082554.90	108.53987152	34.22417610	25.90	0.0460	-0.0550	-0.9340	2.31	NULL	29	0
2912	1	1	1	170803	082555.00	108.53987617	34.22417763	25.90	0.0050	-0.0250	-0.8900	2.31	NULL	30	0
2913	1	1	1	170803	082555.10	108.53988082	34.22417916	25.90	0.0260	-0.0430	-0.9540	2.31	NULL	29	0
2914	1	1	1	170803	082555.20	108.53988550	34.22418064	25.90	0.0210	-0.0350	-1.0250	2.31	NULL	29	0
2915	1	1	1	170803	082555.30	108.53989013	34.22418218	25.90	0.0210	-0.0330	-0.9790	2.31	NULL	29	0
2916	1	1	1	170803	082555.40	108.53989479	34.22418369	25.90	-0.0330	-0.0090	-0.9510	2.31	NULL	29	0
2917	1	1	1	170803	082555.50	108.53989942	34.22418521	25.90	0.0090	-0.0050	-1.0320	2.31	NULL	29	0
2918	1	1	1	170803	082555.60	108.53990398	34.22418679	25.90	0.0380	-0.0510	-1.0210	2.31	NULL	29	0
2919	1	1	1	170803	082555.70	108.53990859	34.22418835	25.90	-0.0430	0.0380	-0.9920	2.31	NULL	29	0
2920	1	1	1	170803	082555.80	108.53991309	34.22418997	25.90	-0.0140	-0.0270	-1.0270	2.31	NULL	29	0
2921	1	1	1	170803	082555.90	108.53991770	34.22419150	25.90	0.0140	-0.0220	-1.0290	2.31	NULL	29	0
2922	1	1	1	170803	082556.00	108.53992223	34.22419311	25.90	0.0090	-0.0500	-0.9540	0.06	NULL	29	0
2923	1	1	1	170803	082556.10	108.53992685	34.22419464	25.90	0.0120	-0.0430	-0.9480	0.06	NULL	29	0
2924	1	1	1	170803	082556.20	108.53993153	34.22419611	25.90	0.0590	-0.0550	-0.9760	0.06	NULL	29	0
2925	1	1	1	170803	082556.30	108.53993615	34.22419764	25.90	0.0430	-0.0050	-0.9810	2.29	NULL	29	0
2926	1	1	1	170803	082556.40	108.53994079	34.22419914	25.90	-0.0090	-0.0170	-1.0180	2.29	NULL	29	0
2927	1	1	1	170803	082556.50	108.53994538	34.22420068	25.90	0.0210	-0.0080	-1.0110	2.29	NULL	29	0
2928	1	1	1	170803	082556.60	108.53995006	34.22420214	25.90	-0.0130	-0.0470	-0.9530	2.30	NULL	29	0
2929	1	1	1	170803	082556.70	108.53995464	34.22420368	25.90	0.0140	0.0200	-1.0070	2.30	NULL	29	0
2930	1	1	1	170803	082556.80	108.53995905	34.22420533	25.90	0.0360	-0.0120	-0.9800	2.30	NULL	29	0
2931	1	1	1	170803	082556.90	108.53996366	34.22420687	25.90	-0.0210	-0.0130	-1.0170	2.30	NULL	29	0
2932	1	1	1	170803	082557.00	108.53996811	34.22420850	25.90	0.0160	-0.0010	-1.0180	2.30	NULL	29	0
2933	1	1	1	170803	082557.10	108.53997271	34.22421002	25.90	-0.0110	-0.0030	-0.9610	2.30	NULL	29	0
2934	1	1	1	170803	082557.20	108.53997739	34.22421148	25.90	0.0110	-0.0020	-0.9720	2.28	NULL	29	0
2935	1	1	1	170803	082557.30	108.53998199	34.22421300	25.90	0.0140	-0.0350	-0.9510	2.28	NULL	29	0
2936	1	1	1	170803	082557.40	108.53998665	34.22421444	25.90	0.0130	-0.0080	-1.0400	2.28	NULL	29	0