762	1	1	1	170803	082220.00	108.53986022	34.22529224	25.90	0.0300	-0.0390	-0.9860	2.24	NULL	28	0
763	1	1	1	170803	082220.10	108.53985585	34.22529055	25.90	0.0210	-0.0010	-1.0150	2.24	NULL	28	0
764	1	1	1	170803	082220.20	108.53985150	34.22528887	25.90	0.0190	-0.0040	-0.9980	2.24	NULL	28	0
765	1	1	1	170803	082220.30	108.53984714	34.22528720	25.90	0.0260	-0.0570	-0.9890	2.24	NULL	28	0
766	1	1	1	170803	082220.40	108.53984277	34.22528553	25.90	0.0210	-0.0590	-0.9590	2.24	NULL	28	0
767	1	1	1	170803	082220.50	108.53983840	34.22528385	25.90	0.0230	-0.0420	-1.0300	2.23	NULL	28	0
768	1	1	1	170803	082220.60	108.53983404	34.22528217	25.90	-0.0210	-0.0140	-1.0190	2.23	NULL	28	0
769	1	1	1	170803	082220.70	108.53982968	34.22528050	25.90	0.0080	-0.0540	-1.0310	2.23	NULL	28	0
770	1	1	1	170803	082220.80	108.53982532	34.22527883	25.90	0.0050	-0.0410	-0.9620	2.23	NULL	28	0
771	1	1	1	170803	082220.90	108.53982098	34.22527716	25.90	0.0450	-0.0660	-1.0450	2.26	NULL	28	0
772	1	1	1	170803	082221.00	108.53981662	34.22527550	25.90	0.0140	-0.0150	-0.9800	2.26	NULL	28	0
773	1	1	1	170803	082221.10	108.53981226	34.22527383	25.90	-0.0120	0.0380	-1.0340	2.26	NULL	28	0
774	1	1	1	170803	082221.20	108.53980790	34.22527215	25.90	0.0150	-0.0280	-0.9860	2.25	NULL	28	0
775	1	1	1	170803	082221.30	108.53980354	34.22527049	25.90	-0.0290	-0.0520	-0.9990	2.25	NULL	28	0
776	1	1	1	170803	082221.40	108.53979919	34.22526882	25.90	-0.0250	-0.0560	-0.9840	2.25	NULL	28	0
777	1	1	1	170803	082221.50	108.53979484	34.22526716	25.90	-0.0200	-0.0360	-1.0110	2.26	NULL	28	0
778	1	1	1	170803	082221.60	108.53979050	34.22526551	25.90	0.0010	-0.1090	-1.0250	2.26	NULL	28	0
779	1	1	1	170803	082221.70	108.53978614	34.22526385	25.90	-0.0040	-0.0010	-1.0510	2.26	NULL	28	0
780	1	1	1	170803	082221.80	108.53978179	34.22526220	25.90	0.0040	-0.0260	-0.9550	2.29	NULL	28	0
781	1	1	1	170803	082221.90	108.53977743	34.22526054	25.90	0.0060	-0.0190	-0.9420	2.29	NULL	28	0
782	1	1	1	170803	082222.00	108.53977308	34.22525887	25.90	-0.0080	-0.0150	-0.9710	2.29	NULL	28	0
783	1	1	1	170803	082222.10	108.53976873	34.22525722	25.90	-0.0050	-0.0520	-1.0530	2.27	NULL	28	0
784	1	1	1	170803	082222.20	108.53976438	34.22525557	25.90	0.0160	-0.0470	-0.9970	2.27	NULL	28	0
785	1	1	1	170803	082222.30	108.53976002	34.22525393	25.90	0.0010	-0.0460	-0.9710	2.27	NULL	28	0
786	1	1	1	170803	082222.40	108.53975567	34.22525228	25.90	-0.0140	-0.0320	-1.0070	2.28	NULL	28	0
787	1	1	1	170803	082222.50	108.53975131	34.22525066	25.90	0.0150	-0.0330	-0.9860	2.28	NULL	28	0
788	1	1	1	170803	082222.60	108.53974695	34.22524902	25.90	0.0250	-0.0580	-0.9400	2.28	NULL	28	0
789	1	1	1	170803	082222.70	108.53974257	34.22524740	25.90	0.0130	-0.0460	-0.9410	2.29	NULL	28	0
790	1	1	1	170803	082222.80	108.53973821	34.22524578	25.90	0.0770	-0.0950	-0.9530	2.29	NULL	28	0
791	1	1	1	170803	082222.90	108.53973385	34.22524415	25.90	0.0380	-0.0270	-0.9740	2.29	NULL	28	0
792	1	1	1	170803	082223.00	108.53972947	34.22524253	25.90	0.0080	-0.0000	-0.9880	2.32	NULL	28	0
793	1	1	1	170803	082223.10	108.53972509	34.22524093	25.90	-0.0030	-0.0900	-1.0190	2.32	NULL	28	0
794	1	1	1	170803	082223.20	108.53972071	34.22523932	25.90	0.0050	-0.0690	-1.0080	2.32	NULL	28	0
795	1	1	1	170803	082223.30	108.53971633	34.22523769	25.90	-0.0400	0.0090	-1.0070	2.34	NULL	28	0
796	1	1	1	170803	082223.40	108.53971194	34.22523609	25.90	0.0240	-0.0500	-0.9650	2.34	NULL	28	0
797	1	1	1	170803	082223.50	108.53970756	34.22523450	25.90	0.0070	-0.0820	-0.9810	2.34	NULL	28	0
798	1	1	1	170803	082223.60	108.53970314	34.22523292	25.90	-0.0050	-0.0900	-1.0920	2.35	NULL	28	0
799	1	1	1	170803	082223.70	108.53969876	34.22523132	25.90	0.0350	-0.0230	-1.0110	2.35	NULL	28	0
800	1	1	1	170803	082223.80	108.53969430	34.22522977	25.90	0.0240	-0.0630	-1.0060	2.35	NULL	28	0
801	1	1	1	170803	082223.90	108.53968991	34.22522818	25.90	-0.0040	-0.1090	-0.9750	2.35	NULL	28	0
802	1	1	1	170803	082224.00	108.53968544	34.22522664	25.90	0.0110	0.0200	-1.0100	2.35	NULL	28	0
803	1	1	1	170803	082224.10	108.53968106	34.22522502	25.90	0.0070	-0.0240	-0.9700	2.35	NULL	28	0
804	1	1	1	170803	082224.20	108.53967660	34.22522346	25.90	-0.0130	-0.0390	-0.9990	2.36	NULL	28	0
805	1	1	1	170803	082224.30	108.53967223	34.22522184	25.90	0.0060	-0.0510	-1.0230	2.36	NULL	28	0
806	1	1	1	170803	082224.40	108.53966787	34.22522019	25.90	-0.0040	-0.0760	-0.9630	2.36	NULL	28	0
807	1	1	1	170803	082224.50	108.53966346	34.22521860	25.90	0.0310	-0.0570	-1.0130	2.37	NULL	28	0
808	1	1	1	170803	082224.60	108.53965905	34.22521699	25.90	0.0750	-0.0010	-0.9680	2.37	NULL	28	0
809	1	1	1	170803	082224.70	108.53965464	34.22521538	25.90	0.0380	-0.1290	-1.0240	2.37	NULL	28	0
810	1	1	1	170803	082224.80	108.53965023	34.22521377	25.90	0.0250	-0.0370	-1.0270	2.37	NULL	28	0
811	1	1	1	170803	082224.90	108.53964583	34.22521216	25.90	0.0030	-0.0250	-1.0600	2.37	NULL	28	0
812	1	1	1	170803	082225.00	108.53964144	34.22521055	25.90	-0.0230	-0.1190	-1.0390	2.37	NULL	28	0
813	1	1	1	170803	082225.10	108.53963702	34.22520894	25.90	-0.0330	-0.0160	-0.9870	2.37	NULL	28	0
814	1	1	1	170803	082225.20	108.53963260	34.22520733	25.90	0.0080	-0.0360	-1.0650	2.40	NULL	28	0
815	1	1	1	170803	082225.30	108.53962817	34.22520572	25.90	-0.0080	-0.0290	-0.9740	2.40	NULL	28	0
816	1	1	1	170803	082225.40	108.53962373	34.22520411	25.90	-0.0110	-0.0800	-0.9800	2.40	NULL	28	0
817	1	1	1	170803	082225.50	108.53961930	34.22520252	25.90	0.0270	-0.0300	-1.0140	2.38	NULL	28	0
818	1	1	1	170803	082225.60	108.53961485	34.22520091	25.90	0.0110	-0.0160	-0.9790	2.38	NULL	29	0
819	1	1	1	170803	082225.70	108.53961042	34.22519931	25.90	0.0160	-0.0320	-0.9800	2.38	NULL	29	0
820	1	1	1	170803	082225.80	108.53960598	34.22519771	25.90	0.0200	-0.0980	-0.9870	2.40	NULL	29	0
821	1	1	1	170803	082225.90	108.53960155	34.22519611	25.90	0.0280	-0.0370	-1.0550	2.40	NULL	29	0
822	1	1	1	170803	082226.00	108.53959711	34.22519452	25.90	0.0020	-0.0210	-0.9580	2.40	NULL	29	0
823	1	1	1	170803	082226.10	108.53959267	34.22519293	25.90	-0.0040	-0.0780	-1.0920	2.41	NULL	28	0
824	1	1	1	170803	082226.20	108.53958821	34.22519133	25.90	0.0310	-0.0310	-0.9670	2.41	NULL	29	0
825	1	1	1	170803	082226.30	108.53958374	34.22518974	25.90	0.0250	-0.0440	-0.9990	2.41	NULL	29	0
826	1	1	1	170803	082226.40	108.53957927	34.22518816	25.90	0.0400	-0.0550	-0.9860	2.40	NULL	29	0
827	1	1	1	170803	082226.50	108.53957482	34.22518657	25.90	0.0120	-0.0050	-1.0210	2.40	NULL	29	0
828	1	1	1	170803	082226.60	108.53957035	34.22518499	25.90	0.0130	-0.0550	-1.0350	2.40	NULL	29	0
829	1	1	1	170803	082226.70	108.53956587	34.22518340	25.90	-0.0160	-0.0310	-0.9680	2.43	NULL	29	0
830	1	1	1	170803	082226.80	108.53956141	34.22518182	25.90	0.0150	0.0170	-1.0110	2.43	NULL	29	0
831	1	1	1	170803	082226.90	108.53955692	34.22518026	25.90	-0.0280	0.0180	-1.0030	2.43	NULL	29	0
832	1	1	1	170803	082227.00	108.53955244	34.22517871	25.90	0.0010	-0.0270	-0.9970	2.41	NULL	29	0
833	1	1	1	170803	082227.10	108.53954796	34.22517716	25.90	-0.0240	-0.1000	-1.0160	2.41	NULL	29	0
834	1	1	1	170803	082227.20	108.53954347	34.22517562	25.90	-0.0050	-0.0650	-1.0670	2.41	NULL	29	0
835	1	1	1	170803	082227.30	108.53953898	34.22517406	25.90	0.0220	-0.0560	-0.9930	2.42	NULL	29	0
836	1	1	1	170803	082227.40	108.53953450	34.22517249	25.90	-0.0170	-0.0170	-1.0120	2.42	NULL	29	0
837	1	1	1	170803	082227.50	108.53952998	34.22517095	25.90	0.0550	-0.0180	-1.0040	2.42	NULL	29	0
838	1	1	1	170803	082227.60	108.53952547	34.22516939	25.90	-0.0050	-0.0390	-0.9870	2.45	NULL	29	0
839	1	1	1	170803	082227.70	108.53952097	34.22516783	25.90	-0.0000	-0.0880	-1.0340	2.45	NULL	29	0
840	1	1	1	170803	082227.80	108.53951647	34.22516627	25.90	0.0170	-0.0230	-1.0220	2.45	NULL	29	0
841	1	1	1	170803	082227.90	108.53951195	34.22516474	25.90	0.0020	-0.0350	-0.9760	2.48	NULL	29	0
842	1	1	1	170803	082228.00	108.53950752	34.22516323	25.90	-0.0110	-0.0900	-0.9530	2.48	NULL	29	0
843	1	1	1	170803	082228.10	108.53950300	34.22516170	25.90	0.0320	-0.1140	-1.0320	2.48	NULL	29	0
844	1	1	1	170803	082228.20	108.53949845	34.22516024	25.90	-0.0090	-0.0320	-0.9730	2.46	NULL	29	0
845	1	1	1	170803	082228.30	108.53949390	34.22515869	25.90	0.0040	-0.0320	-1.0380	2.46	NULL	29	0
846	1	1	1	170803	082228.40	108.53948928	34.22515716	25.90	0.0220	-0.0610	-0.9890	2.46	NULL	29	0
847	1	1	1	170803	082228.50	108.53948477	34.22515559	25.90	-0.0020	-0.0430	-0.9620	2.56	NULL	29	0
848	1	1	1	170803	082228.60	108.53948018	34.22515413	25.90	0.0630	-0.0320	-1.0000	2.56	NULL	29	0
849	1	1	1	170803	082228.70	108.53947563	34.22515255	25.90	0.0140	-0.0820	-0.9230	2.56	NULL	29	0
850	1	1	1	170803	082228.80	108.53947098	34.22515100	25.90	0.0420	-0.0550	-1.0450	2.56	NULL	29	0
851	1	1	1	170803	082228.90	108.53946635	34.22514947	25.90	0.0430	-0.0720	-0.9970	2.60	NULL	29	0
852	1	1	1	170803	082229.00	108.53946171	34.22514794	25.90	0.0610	-0.0040	-1.0010	2.60	NULL	29	0
853	1	1	1	170803	082229.10	108.53945710	34.22514637	25.90	0.0320	-0.0290	-1.0120	2.60	NULL	29	0
854	1	1	1	170803	082229.20	108.53945245	34.22514493	25.90	0.0040	-0.0920	-0.9560	2.61	NULL	29	0
855	1	1	1	170803	082229.30	108.53944783	34.22514337	25.90	0.0010	-0.0230	-1.0490	2.61	NULL	29	0
856	1	1	1	170803	082229.40	108.53944317	34.22514189	25.90	-0.0120	-0.0270	-1.0180	2.61	NULL	29	0
857	1	1	1	170803	082229.50	108.53943855	34.22514038	25.90	-0.0190	-0.0690	-1.0130	2.62	NULL	29	0
858	1	1	1	170803	082229.60	108.53943387	34.22513892	25.90	0.0260	-0.0830	-0.9880	2.62	NULL	29	0
859	1	1	1	170803	082229.70	108.53942922	34.22513734	25.90	0.0070	-0.0480	-1.0280	2.62	NULL	30	0
860	1	1	1	170803	082229.80	108.53942451	34.22513585	25.90	0.0380	-0.0220	-1.0200	2.86	NULL	30	0
861	1	1	1	170803	082229.90	108.53941984	34.22513432	25.90	0.0370	-0.0920	-0.9820	2.86	NULL	30	0
862	1	1	1	170803	082230.00	108.53941509	34.22513281	27.75	0.0500	-0.0560	-0.9610	2.86	NULL	30	0
863	1	1	1	170803	082230.10	108.53941039	34.22513126	27.75	-0.0050	-0.0280	-1.0020	3.01	NULL	30	0
864	1	1	1	170803	082230.20	108.53940584	34.22512963	27.75	0.0150	-0.0580	-1.0600	3.01	NULL	30	0
865	1	1	1	170803	082230.30	108.53940113	34.22512808	27.75	0.0210	-0.0120	-1.0140	3.01	NULL	30	0
866	1	1	1	170803	082230.40	108.53939656	34.22512645	27.75	-0.0340	-0.0980	-0.9960	2.92	NULL	30	0
867	1	1	1	170803	082230.50	108.53939184	34.22512489	27.75	-0.0470	-0.0460	-1.0650	2.92	NULL	30	0
868	1	1	1	170803	082230.60	108.53938714	34.22512322	27.75	-0.0160	-0.0320	-0.9700	2.92	NULL	30	0
869	1	1	1	170803	082230.70	108.53938240	34.22512167	27.75	0.0080	-0.0450	-1.0210	2.85	NULL	30	0
870	1	1	1	170803	082230.80	108.53937775	34.22512000	27.75	0.0180	-0.0630	-0.9270	2.85	NULL	30	0
871	1	1	1	170803	082230.90	108.53937302	34.22511843	27.75	0.0430	-0.0570	-0.9700	2.85	NULL	30	0
872	1	1	1	170803	082231.00	108.53936834	34.22511678	27.75	0.0040	0.0310	-0.9880	2.81	NULL	30	0
873	1	1	1	170803	082231.10	108.53936358	34.22511523	27.75	0.0540	-0.1130	-1.0050	2.81	NULL	30	0
874	1	1	1	170803	082231.20	108.53935886	34.22511361	27.75	0.0330	-0.0720	-0.9070	2.81	NULL	30	0
875	1	1	1	170803	082231.30	108.53935412	34.22511204	27.75	0.0430	0.0130	-1.0040	2.78	NULL	30	0
876	1	1	1	170803	082231.40	108.53934938	34.22511043	27.75	0.0380	-0.0120	-0.9830	2.78	NULL	30	0
877	1	1	1	170803	082231.50	108.53934462	34.22510886	27.75	0.0040	-0.0460	-0.9770	2.78	NULL	30	0
878	1	1	1	170803	082231.60	108.53933986	34.22510723	27.75	-0.0050	-0.0220	-1.0420	2.76	NULL	30	0
879	1	1	1	170803	082231.70	108.53933508	34.22510567	27.75	0.0270	-0.0770	-0.9880	2.76	NULL	30	0
880	1	1	1	170803	082231.80	108.53933031	34.22510408	27.75	0.0100	-0.0650	-0.9560	2.76	NULL	30	0
881	1	1	1	170803	082231.90	108.53932552	34.22510254	27.75	0.0360	-0.0600	-1.0320	2.75	NULL	30	0
882	1	1	1	170803	082232.00	108.53932074	34.22510098	27.75	0.0260	-0.0660	-1.0260	2.75	NULL	30	0
883	1	1	1	170803	082232.10	108.53931593	34.22509942	27.75	-0.0020	-0.0560	-0.9890	2.75	NULL	30	0
884	1	1	1	170803	082232.20	108.53931113	34.22509787	27.75	0.0000	-0.0520	-1.0020	2.75	NULL	30	0
885	1	1	1	170803	082232.30	108.53930632	34.22509632	27.75	0.0410	-0.0150	-1.0280	2.75	NULL	30	0
886	1	1	1	170803	082232.40	108.53930149	34.22509480	27.75	-0.0210	-0.0280	-0.9830	2.75	NULL	30	0
887	1	1	1	170803	082232.50	108.53929666	34.22509327	27.75	-0.0150	-0.0490	-1.0640	2.73	NULL	30	0
888	1	1	1	170803	082232.60	108.53929182	34.22509176	27.75	0.0210	-0.0640	-1.0200	2.73	NULL	30	0
889	1	1	1	170803	082232.70	108.53928699	34.22509023	27.75	-0.0060	-0.0440	-0.9470	2.73	NULL	31	0
890	1	1	1	170803	082232.80	108.53928213	34.22508873	27.75	0.0390	0.0100	-1.0420	2.73	NULL	31	0
891	1	1	1	170803	082232.90	108.53927728	34.22508721	27.75	0.0150	-0.0190	-1.0110	2.75	NULL	31	0
892	1	1	1	170803	082233.00	108.53927244	34.22508573	27.75	-0.0190	0.0270	-0.9940	2.75	NULL	31	0
893	1	1	1	170803	082233.10	108.53926758	34.22508421	27.75	0.0130	-0.0950	-1.1160	2.75	NULL	31	0
894	1	1	1	170803	082233.20	108.53926272	34.22508272	27.75	-0.0030	0.0070	-0.9900	2.72	NULL	31	0
895	1	1	1	170803	082233.30	108.53925787	34.22508122	27.75	0.0250	-0.0470	-0.9840	2.72	NULL	31	0
896	1	1	1	170803	082233.40	108.53925301	34.22507973	27.75	-0.0110	-0.0810	-1.0370	2.72	NULL	31	0
897	1	1	1	170803	082233.50	108.53924815	34.22507821	27.75	-0.0240	-0.0040	-1.0770	2.67	NULL	31	0
898	1	1	1	170803	082233.60	108.53924333	34.22507672	27.75	-0.0020	-0.0190	-0.9840	2.67	NULL	31	0
899	1	1	1	170803	082233.70	108.53923846	34.22507521	27.75	-0.0090	-0.0130	-1.0450	2.67	NULL	31	0
900	1	1	1	170803	082233.80	108.53923363	34.22507372	27.75	0.0220	-0.0730	-0.9140	2.65	NULL	31	0
901	1	1	1	170803	082233.90	108.53922874	34.22507220	27.75	0.0330	-0.0800	-1.0490	2.65	NULL	31	0
902	1	1	1	170803	082234.00	108.53922390	34.22507071	27.75	0.0130	0.0630	-0.9720	2.65	NULL	31	0
903	1	1	1	170803	082234.10	108.53921900	34.22506921	27.75	0.0260	0.0000	-1.0290	2.67	NULL	31	0
904	1	1	1	170803	082234.20	108.53921413	34.22506772	27.75	0.0140	-0.1350	-0.9620	2.67	NULL	31	0
905	1	1	1	170803	082234.30	108.53920922	34.22506621	27.75	-0.0120	-0.0620	-0.9910	2.67	NULL	31	0
906	1	1	1	170803	082234.40	108.53920431	34.22506472	27.75	0.0210	-0.0320	-0.9760	2.63	NULL	31	0
907	1	1	1	170803	082234.50	108.53919941	34.22506322	27.75	0.0260	-0.0450	-0.9780	2.63	NULL	31	0
908	1	1	1	170803	082234.60	108.53919451	34.22506173	27.75	-0.0070	-0.0940	-1.0330	2.63	NULL	31	0
909	1	1	1	170803	082234.70	108.53918960	34.22506022	27.75	-0.0380	-0.0680	-0.9810	2.64	NULL	31	0
910	1	1	1	170803	082234.80	108.53918470	34.22505872	27.75	-0.0030	-0.0290	-1.0520	2.64	NULL	31	0
911	1	1	1	170803	082234.90	108.53917976	34.22505721	27.75	0.0350	-0.0810	-0.9980	2.64	NULL	31	0
912	1	1	1	170803	082235.00	108.53917482	34.22505570	27.75	-0.0010	-0.0650	-0.9710	2.66	NULL	31	0
913	1	1	1	170803	082235.10	108.53916987	34.22505420	27.75	0.0370	-0.0540	-0.9690	2.66	NULL	31	0
914	1	1	1	170803	082235.20	108.53916489	34.22505268	27.75	0.0090	-0.0530	-0.9740	2.66	NULL	31	0
915	1	1	1	170803	082235.30	108.53915992	34.22505117	27.75	0.0680	-0.0610	-1.0470	2.58	NULL	31	0
916	1	1	1	170803	082235.40	108.53915493	34.22504964	27.75	0.0050	-0.0390	-0.9830	2.58	NULL	31	0
917	1	1	1	170803	082235.50	108.53914994	34.22504812	27.75	0.0230	0.0150	-1.0140	2.58	NULL	31	0
918	1	1	1	170803	082235.60	108.53914493	34.22504658	27.75	0.0200	-0.0440	-0.9530	2.35	NULL	31	0
919	1	1	1	170803	082235.70	108.53913994	34.22504507	27.75	0.0140	-0.0940	-1.0230	2.35	NULL	32	0
920	1	1	1	170803	082235.80	108.53913494	34.22504354	27.75	0.0140	-0.0410	-1.0710	2.35	NULL	31	0
921	1	1	1	170803	082235.90	108.53912994	34.22504203	27.75	-0.0260	-0.0050	-1.0680	2.24	NULL	31	0
922	1	1	1	170803	082236.00	108.53912492	34.22504052	27.75	0.0380	-0.0850	-1.0340	2.24	NULL	31	0
923	1	1	1	170803	082236.10	108.53911989	34.22503899	27.75	0.0070	-0.0420	-0.9770	2.24	NULL	32	0
924	1	1	1	170803	082236.20	108.53911483	34.22503747	27.75	0.0190	-0.0670	-0.9930	2.17	NULL	32	0
925	1	1	1	170803	082236.30	108.53910981	34.22503595	27.75	-0.0290	-0.0030	-1.0450	2.17	NULL	31	0
926	1	1	1	170803	082236.40	108.53910477	34.22503441	27.75	-0.0020	-0.0330	-0.9540	2.17	NULL	31	0
927	1	1	1	170803	082236.50	108.53909974	34.22503290	27.75	-0.0090	-0.0430	-1.0120	2.07	NULL	31	0
928	1	1	1	170803	082236.60	108.53909474	34.22503138	27.75	0.0160	-0.0830	-1.0250	2.07	NULL	32	0
929	1	1	1	170803	082236.70	108.53908971	34.22502986	27.75	0.0160	0.0200	-1.0090	2.07	NULL	31	0
930	1	1	1	170803	082236.80	108.53908470	34.22502835	27.75	-0.0120	-0.0550	-0.9370	2.07	NULL	31	0
931	1	1	1	170803	082236.90	108.53907968	34.22502686	27.75	0.0490	-0.0490	-0.9480	1.76	NULL	31	0
932	1	1	1	170803	082237.00	108.53907468	34.22502536	27.75	0.0430	-0.0250	-0.9540	1.76	NULL	31	0
933	1	1	1	170803	082237.10	108.53906966	34.22502387	27.75	0.0150	-0.0290	-1.0210	1.76	NULL	31	0
934	1	1	1	170803	082237.20	108.53906466	34.22502240	27.75	-0.0270	-0.0210	-1.0790	1.66	NULL	31	0
935	1	1	1	170803	082237.30	108.53905964	34.22502092	27.75	0.0180	0.0040	-0.9390	1.66	NULL	31	0
936	1	1	1	170803	082237.40	108.53905464	34.22501947	27.75	0.0050	-0.0270	-0.9840	1.66	NULL	31	0
937	1	1	1	170803	082237.50	108.53904963	34.22501801	27.75	0.0100	-0.0680	-1.0030	1.68	NULL	31	0
938	1	1	1	170803	082237.60	108.53904463	34.22501655	27.75	0.0120	-0.0150	-1.0150	1.68	NULL	31	0
939	1	1	1	170803	082237.70	108.53903962	34.22501509	27.75	-0.0350	-0.0130	-1.0140	1.68	NULL	31	0
940	1	1	1	170803	082237.80	108.53903463	34.22501363	27.75	0.0080	-0.0540	-0.9890	1.67	NULL	31	0
941	1	1	1	170803	082237.90	108.53902962	34.22501219	27.75	0.0090	-0.0280	-0.9540	1.67	NULL	31	0
942	1	1	1	170803	082238.00	108.53902462	34.22501075	27.75	-0.0160	-0.0380	-0.9150	1.67	NULL	31	0
943	1	1	1	170803	082238.10	108.53901963	34.22500933	27.75	0.0010	-0.0200	-1.0240	1.66	NULL	31	0
944	1	1	1	170803	082238.20	108.53901464	34.22500792	27.75	-0.0070	-0.0250	-0.9810	1.66	NULL	31	0
945	1	1	1	170803	082238.30	108.53900965	34.22500650	27.75	-0.0060	-0.0040	-0.9730	1.66	NULL	31	0
946	1	1	1	170803	082238.40	108.53900470	34.22500509	27.75	0.0050	-0.0230	-1.0820	1.67	NULL	31	0
947	1	1	1	170803	082238.50	108.53899972	34.22500369	27.75	-0.0530	0.0090	-0.9930	1.67	NULL	31	0
948	1	1	1	170803	082238.60	108.53899477	34.22500228	27.75	-0.0280	-0.0350	-1.0180	1.67	NULL	31	0
949	1	1	1	170803	082238.70	108.53898982	34.22500089	27.75	0.0170	0.0010	-0.9990	1.64	NULL	31	0
950	1	1	1	170803	082238.80	108.53898487	34.22499951	27.75	0.0190	-0.0040	-0.9800	1.64	NULL	31	0
951	1	1	1	170803	082238.90	108.53897993	34.22499812	27.75	0.0560	-0.0310	-1.0780	1.64	NULL	31	0
952	1	1	1	170803	082239.00	108.53897499	34.22499674	27.75	0.0250	-0.0570	-0.9660	1.66	NULL	31	0
953	1	1	1	170803	082239.10	108.53897001	34.22499537	27.75	0.0110	0.0190	-1.0400	1.66	NULL	31	0
954	1	1	1	170803	082239.20	108.53896505	34.22499399	27.75	0.0140	-0.0300	-0.9950	1.66	NULL	31	0
955	1	1	1	170803	082239.30	108.53896009	34.22499261	27.75	0.0250	-0.0260	-0.9580	1.62	NULL	31	0
956	1	1	1	170803	082239.40	108.53895512	34.22499124	27.75	0.0100	0.0290	-0.9510	1.62	NULL	31	0
957	1	1	1	170803	082239.50	108.53895017	34.22498986	27.75	0.0390	-0.0280	-0.9530	1.62	NULL	31	0
958	1	1	1	170803	082239.60	108.53894522	34.22498847	27.75	-0.0010	-0.0320	-0.9570	1.65	NULL	31	0
959	1	1	1	170803	082239.70	108.53894028	34.22498709	27.75	0.0320	-0.0090	-1.0150	1.65	NULL	31	0
960	1	1	1	170803	082239.80	108.53893535	34.22498570	27.75	-0.0210	-0.0070	-1.0190	1.65	NULL	31	0
961	1	1	1	170803	082239.90	108.53893042	34.22498433	27.75	0.0010	-0.0510	-1.0770	1.65	NULL	31	0
962	1	1	1	170803	082240.00	108.53892549	34.22498295	27.75	-0.0130	-0.0370	-0.9850	1.65	NULL	31	0
963	1	1	1	170803	082240.10	108.53892055	34.22498156	27.75	0.0000	-0.0690	-0.9900	1.65	NULL	31	0
964	1	1	1	170803	082240.20	108.53891562	34.22498018	27.75	0.0130	0.0040	-1.0110	1.52	NULL	31	0
965	1	1	1	170803	082240.30	108.53891070	34.22497881	27.75	-0.0060	-0.0270	-0.9880	1.52	NULL	31	0
966	1	1	1	170803	082240.40	108.53890570	34.22497744	27.75	0.0110	-0.1030	-1.0520	1.52	NULL	31	0
967	1	1	1	170803	082240.50	108.53890078	34.22497608	27.75	0.0260	0.0020	-1.0350	1.51	NULL	31	0
968	1	1	1	170803	082240.60	108.53889576	34.22497470	27.75	-0.0030	-0.0520	-0.9860	1.51	NULL	31	0
969	1	1	1	170803	082240.70	108.53889084	34.22497333	27.75	-0.0060	-0.0840	-0.9890	1.51	NULL	30	0
970	1	1	1	170803	082240.80	108.53888584	34.22497195	27.75	-0.0320	0.0680	-0.9780	1.51	NULL	31	0
971	1	1	1	170803	082240.90	108.53888093	34.22497059	27.75	-0.0400	0.0130	-1.0470	1.51	NULL	30	0
972	1	1	1	170803	082241.00	108.53887598	34.22496922	27.75	-0.0170	0.0180	-1.0540	1.51	NULL	31	0
973	1	1	1	170803	082241.10	108.53887106	34.22496787	27.75	-0.0090	-0.0780	-1.0140	1.51	NULL	30	0
974	1	1	1	170803	082241.20	108.53886612	34.22496652	27.75	-0.0190	-0.0320	-0.9980	1.52	NULL	30	0
975	1	1	1	170803	082241.30	108.53886122	34.22496518	27.75	-0.0080	-0.0150	-1.0260	1.52	NULL	30	0
976	1	1	1	170803	082241.40	108.53885629	34.22496384	27.75	-0.0060	-0.0130	-0.9440	1.52	NULL	30	0
977	1	1	1	170803	082241.50	108.53885139	34.22496249	27.75	-0.0290	-0.0380	-1.0390	1.51	NULL	30	0
978	1	1	1	170803	082241.60	108.53884648	34.22496114	27.75	-0.0260	-0.0120	-1.0250	1.51	NULL	30	0
979	1	1	1	170803	082241.70	108.53884158	34.22495980	27.75	0.0080	-0.0340	-0.9520	1.51	NULL	30	0
980	1	1	1	170803	082241.80	108.53883670	34.22495845	27.75	-0.0330	-0.0310	-0.9810	1.51	NULL	30	0
981	1	1	1	170803	082241.90	108.53883183	34.22495713	27.75	-0.0240	-0.0020	-1.0660	1.51	NULL	30	0
982	1	1	1	170803	082242.00	108.53882697	34.22495581	27.75	-0.0220	-0.0100	-0.9840	1.51	NULL	30	0
983	1	1	1	170803	082242.10	108.53882210	34.22495448	27.75	-0.0100	-0.0550	-1.0600	1.51	NULL	30	0
984	1	1	1	170803	082242.20	108.53881726	34.22495317	27.75	-0.0330	0.0090	-1.0000	1.51	NULL	30	0
985	1	1	1	170803	082242.30	108.53881240	34.22495184	27.75	-0.0300	-0.0430	-1.0200	1.51	NULL	30	0
986	1	1	1	170803	082242.40	108.53880757	34.22495052	27.75	-0.0590	-0.0220	-1.1130	1.51	NULL	30	0
987	1	1	1	170803	082242.50	108.53880273	34.22494920	27.75	-0.0080	-0.0370	-0.9300	1.51	NULL	30	0
988	1	1	1	170803	082242.60	108.53879791	34.22494788	27.75	-0.0230	0.0040	-0.9630	1.51	NULL	30	0
989	1	1	1	170803	082242.70	108.53879308	34.22494655	27.75	-0.0230	-0.0100	-0.9980	1.60	NULL	30	0
990	1	1	1	170803	082242.80	108.53878828	34.22494522	27.75	-0.0020	-0.0320	-0.9980	1.60	NULL	30	0
991	1	1	1	170803	082242.90	108.53878347	34.22494391	27.75	0.0250	-0.0340	-1.0110	1.60	NULL	30	0
992	1	1	1	170803	082243.00	108.53877869	34.22494258	27.75	-0.0130	-0.0660	-1.0780	1.47	NULL	30	0
993	1	1	1	170803	082243.10	108.53877390	34.22494125	27.75	-0.0210	-0.0670	-1.0150	1.47	NULL	30	0
994	1	1	1	170803	082243.20	108.53876913	34.22493994	27.75	-0.0180	-0.0060	-1.0370	1.47	NULL	30	0
995	1	1	1	170803	082243.30	108.53876433	34.22493861	27.75	-0.0260	-0.0760	-1.0480	1.41	NULL	30	0
996	1	1	1	170803	082243.40	108.53875955	34.22493728	27.75	-0.0330	0.0030	-1.0720	1.41	NULL	30	0
997	1	1	1	170803	082243.50	108.53875475	34.22493596	27.75	-0.0570	-0.0330	-0.9840	1.41	NULL	30	0
998	1	1	1	170803	082243.60	108.53874997	34.22493463	27.75	-0.0380	-0.0690	-1.0030	1.41	NULL	30	0
999	1	1	1	170803	082243.70	108.53874518	34.22493329	27.75	-0.0150	0.0050	-0.9980	1.41	NULL	30	0
1000	1	1	1	170803	082243.80	108.53874039	34.22493197	27.75	-0.0280	-0.0200	-1.0110	1.41	NULL	30	0
1001	1	1	1	170803	082243.90	108.53873561	34.22493063	27.75	-0.0160	0.0020	-0.9480	1.65	NULL	30	0
1002	1	1	1	170803	082244.00	108.53873083	34.22492931	27.75	-0.0020	-0.0310	-1.0230	1.65	NULL	30	0
1003	1	1	1	170803	082244.10	108.53872606	34.22492795	27.75	0.0170	-0.0500	-0.9890	1.65	NULL	30	0
1004	1	1	1	170803	082244.20	108.53872128	34.22492662	27.75	-0.0230	0.0140	-1.0240	1.77	NULL	30	0
1005	1	1	1	170803	082244.30	108.53871650	34.22492527	27.75	-0.0020	-0.0820	-0.9340	1.77	NULL	30	0
1006	1	1	1	170803	082244.40	108.53871173	34.22492393	27.75	-0.0480	-0.0190	-1.0190	1.77	NULL	29	0
1007	1	1	1	170803	082244.50	108.53870700	34.22492259	25.90	0.0250	-0.0130	-1.0160	1.77	NULL	30	0
1008	1	1	1	170803	082244.60	108.53870227	34.22492126	25.90	0.0050	0.0300	-0.9800	1.77	NULL	29	0
1009	1	1	1	170803	082244.70	108.53869754	34.22491993	25.90	0.0060	-0.0210	-1.0410	1.77	NULL	29	0
1010	1	1	1	170803	082244.80	108.53869284	34.22491861	25.90	-0.0520	0.0700	-0.9740	1.77	NULL	29	0
1011	1	1	1	170803	082244.90	108.53868814	34.22491729	25.90	-0.0540	-0.0480	-0.9520	1.82	NULL	29	0
1012	1	1	1	170803	082245.00	108.53868347	34.22491599	25.90	-0.0590	0.0270	-1.0260	1.82	NULL	29	0
1013	1	1	1	170803	082245.10	108.53867881	34.22491466	25.90	0.0390	-0.0330	-0.9870	1.82	NULL	29	0
1014	1	1	1	170803	082245.20	108.53867416	34.22491336	25.90	0.0840	-0.0450	-0.9280	1.79	NULL	29	0
1015	1	1	1	170803	082245.30	108.53866949	34.22491206	25.90	-0.0280	0.0010	-1.0660	1.79	NULL	29	0
1016	1	1	1	170803	082245.40	108.53866486	34.22491076	25.90	0.0320	-0.0180	-0.9630	1.79	NULL	29	0
1017	1	1	1	170803	082245.50	108.53866021	34.22490942	25.90	-0.0160	0.0420	-1.0070	1.81	NULL	29	0
1018	1	1	1	170803	082245.60	108.53865557	34.22490811	25.90	-0.0300	-0.0190	-0.9480	1.81	NULL	29	0
1019	1	1	1	170803	082245.70	108.53865094	34.22490681	25.90	-0.0070	0.0280	-1.0080	1.81	NULL	29	0
1020	1	1	1	170803	082245.80	108.53864632	34.22490549	25.90	-0.0330	0.0320	-1.0350	1.87	NULL	29	0
1021	1	1	1	170803	082245.90	108.53864172	34.22490417	25.90	0.0520	-0.0690	-0.9410	1.87	NULL	29	0
1022	1	1	1	170803	082246.00	108.53863712	34.22490286	25.90	-0.0290	0.0270	-0.9610	1.87	NULL	29	0
1023	1	1	1	170803	082246.10	108.53863251	34.22490156	25.90	0.0160	-0.0280	-1.0790	1.92	NULL	29	0
1024	1	1	1	170803	082246.20	108.53862792	34.22490026	25.90	-0.0350	-0.0490	-0.9770	1.92	NULL	29	0
1025	1	1	1	170803	082246.30	108.53862331	34.22489895	25.90	-0.0300	0.0230	-1.0310	1.92	NULL	29	0
1026	1	1	1	170803	082246.40	108.53861872	34.22489766	25.90	-0.0390	-0.0170	-1.0250	1.92	NULL	29	0
1027	1	1	1	170803	082246.50	108.53861414	34.22489636	25.90	-0.0130	-0.0070	-0.9990	1.92	NULL	29	0
1028	1	1	1	170803	082246.60	108.53860957	34.22489505	25.90	-0.0200	0.0230	-0.9750	1.92	NULL	29	0
1029	1	1	1	170803	082246.70	108.53860499	34.22489376	25.90	0.0330	-0.0240	-1.0720	1.93	NULL	28	0
1030	1	1	1	170803	082246.80	108.53860043	34.22489246	25.90	0.0450	-0.0040	-0.9790	1.93	NULL	28	0
1031	1	1	1	170803	082246.90	108.53859585	34.22489116	25.90	-0.0070	-0.0900	-0.9590	1.93	NULL	29	0
1032	1	1	1	170803	082247.00	108.53859128	34.22488985	25.90	-0.0030	-0.0500	-1.0040	1.93	NULL	28	0
1033	1	1	1	170803	082247.10	108.53858671	34.22488856	25.90	-0.0080	0.0600	-0.9790	1.93	NULL	28	0
1034	1	1	1	170803	082247.20	108.53858207	34.22488731	25.90	-0.0500	-0.0350	-0.9810	1.93	NULL	28	0
1035	1	1	1	170803	082247.30	108.53857752	34.22488602	25.90	0.0400	0.0090	-1.0100	1.94	NULL	28	0
1036	1	1	1	170803	082247.40	108.53857291	34.22488479	25.90	0.0100	0.0650	-0.9940	1.94	NULL	28	0
1037	1	1	1	170803	082247.50	108.53856835	34.22488350	25.90	-0.0080	-0.0000	-1.0570	1.94	NULL	28	0
1038	1	1	1	170803	082247.60	108.53856376	34.22488225	25.90	-0.0140	0.0560	-1.0500	1.94	NULL	28	0
1039	1	1	1	170803	082247.70	108.53855921	34.22488095	25.90	-0.0700	0.0040	-0.9680	1.94	NULL	28	0
1040	1	1	1	170803	082247.80	108.53855460	34.22487971	25.90	0.0040	0.0090	-1.0000	1.94	NULL	28	0
1041	1	1	1	170803	082247.90	108.53855008	34.22487843	25.90	-0.0030	-0.0340	-0.9490	1.95	NULL	28	0
1042	1	1	1	170803	082248.00	108.53854550	34.22487719	25.90	0.0030	0.0360	-1.0310	1.95	NULL	28	0
1043	1	1	1	170803	082248.10	108.53854098	34.22487591	25.90	0.0200	0.0210	-1.0450	1.95	NULL	28	0
1044	1	1	1	170803	082248.20	108.53853644	34.22487467	25.90	-0.0040	-0.0360	-0.9540	1.81	NULL	28	0
1045	1	1	1	170803	082248.30	108.53853193	34.22487338	25.90	0.0620	0.0460	-1.0840	1.81	NULL	28	0
1046	1	1	1	170803	082248.40	108.53852747	34.22487206	25.90	-0.0250	0.0240	-1.0020	1.81	NULL	28	0
1047	1	1	1	170803	082248.50	108.53852296	34.22487079	25.90	0.0170	-0.0620	-1.0110	1.82	NULL	28	0
1048	1	1	1	170803	082248.60	108.53851859	34.22486947	25.90	-0.0310	0.0380	-0.9320	1.82	NULL	28	0
1049	1	1	1	170803	082248.70	108.53851410	34.22486818	25.90	0.0130	0.0290	-0.9670	1.82	NULL	28	0
1050	1	1	1	170803	082248.80	108.53850960	34.22486690	25.90	-0.0120	0.0040	-1.0540	1.82	NULL	28	0
1051	1	1	1	170803	082248.90	108.53850509	34.22486565	25.90	0.0090	-0.0100	-1.1130	1.82	NULL	28	0
1052	1	1	1	170803	082249.00	108.53850068	34.22486433	25.90	-0.0460	-0.0000	-0.9490	1.82	NULL	28	0
1053	1	1	1	170803	082249.10	108.53849619	34.22486305	25.90	-0.0400	-0.0390	-1.0180	1.82	NULL	28	0
1054	1	1	1	170803	082249.20	108.53849170	34.22486177	25.90	-0.0220	0.0760	-1.0230	1.83	NULL	28	0
1055	1	1	1	170803	082249.30	108.53848722	34.22486052	25.90	-0.0000	-0.0040	-1.0020	1.83	NULL	28	0
1056	1	1	1	170803	082249.40	108.53848275	34.22485924	25.90	0.0230	-0.0290	-0.8620	1.83	NULL	28	0
1057	1	1	1	170803	082249.50	108.53847830	34.22485798	25.90	-0.0030	-0.0210	-0.9880	1.84	NULL	28	0
1058	1	1	1	170803	082249.60	108.53847387	34.22485671	24.05	0.0070	0.0620	-0.9800	1.84	NULL	28	0
1059	1	1	1	170803	082249.70	108.53846943	34.22485547	24.05	0.0300	-0.0090	-1.0610	1.84	NULL	28	0
1060	1	1	1	170803	082249.80	108.53846500	34.22485421	24.05	-0.0080	0.0050	-0.9730	1.84	NULL	28	0
1061	1	1	1	170803	082249.90	108.53846055	34.22485296	24.05	0.0060	-0.0530	-1.0470	1.84	NULL	28	0
1062	1	1	1	170803	082250.00	108.53845611	34.22485170	24.05	-0.0050	0.0090	-1.0100	1.84	NULL	28	0
1063	1	1	1	170803	082250.10	108.53845167	34.22485046	24.05	-0.0020	0.0160	-1.0390	1.84	NULL	28	0
1064	1	1	1	170803	082250.20	108.53844718	34.22484925	24.05	-0.0120	-0.0280	-0.9630	1.84	NULL	27	0
1065	1	1	1	170803	082250.30	108.53844273	34.22484801	24.05	0.0140	-0.0440	-0.9900	1.84	NULL	28	0
1066	1	1	1	170803	082250.40	108.53843831	34.22484676	24.05	0.0210	0.0080	-1.0070	1.86	NULL	27	0
1067	1	1	1	170803	082250.50	108.53843387	34.22484552	24.05	0.0060	0.0400	-1.0040	1.86	NULL	27	0
1068	1	1	1	170803	082250.60	108.53842945	34.22484427	24.05	-0.0290	0.0210	-0.9980	1.86	NULL	28	0
1069	1	1	1	170803	082250.70	108.53842503	34.22484305	24.05	0.0030	0.0150	-1.0060	1.91	NULL	27	0
1070	1	1	1	170803	082250.80	108.53842062	34.22484181	24.05	0.0070	-0.0180	-0.9650	1.91	NULL	27	0
1071	1	1	1	170803	082250.90	108.53841621	34.22484061	24.05	0.0220	0.0250	-1.0870	1.91	NULL	28	0
1072	1	1	1	170803	082251.00	108.53841178	34.22483940	24.05	0.0310	0.0200	-0.9860	1.93	NULL	27	0
1073	1	1	1	170803	082251.10	108.53840734	34.22483820	24.05	-0.0430	-0.0240	-1.0230	1.93	NULL	27	0
1074	1	1	1	170803	082251.20	108.53840292	34.22483698	24.05	-0.0070	-0.0650	-0.9950	1.93	NULL	27	0
1075	1	1	1	170803	082251.30	108.53839851	34.22483577	24.05	-0.0190	0.0260	-1.0350	1.93	NULL	27	0
1076	1	1	1	170803	082251.40	108.53839414	34.22483455	24.05	-0.0220	0.0210	-0.9540	1.93	NULL	27	0
1077	1	1	1	170803	082251.50	108.53838974	34.22483333	24.05	-0.0150	-0.0540	-0.9410	1.93	NULL	27	0
1078	1	1	1	170803	082251.60	108.53838531	34.22483216	24.05	0.0220	-0.0340	-1.0720	1.94	NULL	27	0
1079	1	1	1	170803	082251.70	108.53838091	34.22483095	24.05	0.0370	0.0210	-1.0020	1.94	NULL	27	0
1080	1	1	1	170803	082251.80	108.53837649	34.22482977	24.05	0.0270	0.0210	-0.9950	1.94	NULL	27	0
1081	1	1	1	170803	082251.90	108.53837209	34.22482857	24.05	0.0360	-0.0280	-1.0100	1.93	NULL	27	0
1082	1	1	1	170803	082252.00	108.53836769	34.22482737	24.05	-0.0710	0.0260	-0.9760	1.93	NULL	27	0
1083	1	1	1	170803	082252.10	108.53836330	34.22482616	24.05	-0.0240	-0.0410	-1.0180	1.93	NULL	27	0
1084	1	1	1	170803	082252.20	108.53835893	34.22482494	24.05	-0.0690	0.0040	-0.9430	1.94	NULL	27	0
1085	1	1	1	170803	082252.30	108.53835455	34.22482373	24.05	-0.0190	-0.0280	-0.9770	1.94	NULL	27	0
1086	1	1	1	170803	082252.40	108.53835016	34.22482252	24.05	0.0780	0.0960	-0.9960	1.94	NULL	27	0
1087	1	1	1	170803	082252.50	108.53834577	34.22482131	24.05	-0.0200	-0.0780	-0.9730	1.95	NULL	27	0
1088	1	1	1	170803	082252.60	108.53834138	34.22482010	24.05	-0.0050	0.0810	-1.0480	1.95	NULL	27	0
1089	1	1	1	170803	082252.70	108.53833700	34.22481889	24.05	0.0190	-0.0110	-0.9920	1.95	NULL	27	0
1090	1	1	1	170803	082252.80	108.53833261	34.22481767	24.05	-0.0140	-0.0160	-0.9690	1.95	NULL	27	0
1091	1	1	1	170803	082252.90	108.53832825	34.22481646	24.05	0.0060	0.0000	-1.0360	1.94	NULL	27	0
1092	1	1	1	170803	082253.00	108.53832386	34.22481525	24.05	-0.0180	0.0380	-0.9620	1.94	NULL	27	0
1093	1	1	1	170803	082253.10	108.53831950	34.22481405	24.05	-0.0120	-0.0250	-0.9810	1.94	NULL	27	0
1094	1	1	1	170803	082253.20	108.53831514	34.22481287	24.05	0.0170	0.0300	-1.0160	2.02	NULL	27	0
1095	1	1	1	170803	082253.30	108.53831076	34.22481167	24.05	-0.0030	-0.0130	-1.0310	2.02	NULL	27	0
1096	1	1	1	170803	082253.40	108.53830639	34.22481051	24.05	-0.0080	0.0350	-1.0040	2.02	NULL	27	0
1097	1	1	1	170803	082253.50	108.53830200	34.22480933	24.05	0.0190	-0.0170	-1.0390	2.03	NULL	27	0
1098	1	1	1	170803	082253.60	108.53829763	34.22480815	24.05	-0.0150	0.0210	-0.9540	2.03	NULL	27	0
1099	1	1	1	170803	082253.70	108.53829325	34.22480698	24.05	0.0160	-0.0190	-1.0220	2.03	NULL	27	0
1100	1	1	1	170803	082253.80	108.53828884	34.22480582	24.05	-0.0530	0.0490	-0.9870	2.01	NULL	27	0
1101	1	1	1	170803	082253.90	108.53828446	34.22480467	24.05	-0.0390	0.0320	-1.0220	2.01	NULL	27	0
1102	1	1	1	170803	082254.00	108.53828006	34.22480350	24.05	0.0030	-0.0040	-1.0160	2.01	NULL	27	0
1103	1	1	1	170803	082254.10	108.53827569	34.22480234	24.05	-0.0110	0.0520	-1.0480	2.03	NULL	27	0
1104	1	1	1	170803	082254.20	108.53827128	34.22480122	24.05	0.0760	-0.0180	-0.8990	2.03	NULL	27	0
1105	1	1	1	170803	082254.30	108.53826689	34.22480008	24.05	0.0390	-0.0130	-1.0120	2.03	NULL	27	0
1106	1	1	1	170803	082254.40	108.53826248	34.22479893	24.05	0.0010	0.0440	-0.9950	2.03	NULL	27	0
1107	1	1	1	170803	082254.50	108.53825811	34.22479777	24.05	0.0040	-0.0190	-1.0260	2.03	NULL	27	0
1108	1	1	1	170803	082254.60	108.53825372	34.22479660	24.05	0.0010	-0.0170	-0.9680	2.03	NULL	27	0
1109	1	1	1	170803	082254.70	108.53824935	34.22479544	24.05	-0.0240	0.0160	-0.9910	2.05	NULL	27	0
1110	1	1	1	170803	082254.80	108.53824498	34.22479425	24.05	-0.0070	-0.0040	-1.0280	2.05	NULL	27	0
1111	1	1	1	170803	082254.90	108.53824059	34.22479309	24.05	0.0020	-0.0370	-1.0360	2.05	NULL	27	0
1112	1	1	1	170803	082255.00	108.53823626	34.22479191	24.05	-0.0230	-0.0200	-0.9590	2.05	NULL	27	0
1113	1	1	1	170803	082255.10	108.53823191	34.22479076	24.05	-0.0340	-0.0140	-1.0160	2.05	NULL	27	0
1114	1	1	1	170803	082255.20	108.53822757	34.22478958	24.05	-0.0030	-0.0270	-1.0610	2.05	NULL	27	0
1115	1	1	1	170803	082255.30	108.53822319	34.22478841	24.05	-0.0450	0.0070	-0.9550	2.05	NULL	27	0
1116	1	1	1	170803	082255.40	108.53821884	34.22478723	24.05	0.0320	-0.0440	-1.0330	2.05	NULL	27	0
1117	1	1	1	170803	082255.50	108.53821446	34.22478607	24.05	0.0120	0.1320	-0.8520	2.05	NULL	27	0
1118	1	1	1	170803	082255.60	108.53821009	34.22478488	24.05	0.0220	0.0250	-1.0170	2.04	NULL	27	0
1119	1	1	1	170803	082255.70	108.53820572	34.22478369	24.05	-0.0070	-0.0770	-1.0860	2.04	NULL	27	0
1120	1	1	1	170803	082255.80	108.53820133	34.22478250	24.05	0.0040	-0.0430	-0.9690	2.04	NULL	27	0
1121	1	1	1	170803	082255.90	108.53819697	34.22478134	24.05	0.0410	0.0520	-0.9140	2.07	NULL	27	0
1122	1	1	1	170803	082256.00	108.53819256	34.22478021	24.05	0.0310	-0.0580	-1.0170	2.07	NULL	27	0
1123	1	1	1	170803	082256.10	108.53818820	34.22477903	24.05	0.0630	-0.0040	-1.0530	2.07	NULL	27	0
1124	1	1	1	170803	082256.20	108.53818381	34.22477790	24.05	-0.0110	-0.0100	-1.0150	2.07	NULL	27	0
1125	1	1	1	170803	082256.30	108.53817944	34.22477675	24.05	0.0170	-0.0480	-1.0350	2.07	NULL	27	0
1126	1	1	1	170803	082256.40	108.53817509	34.22477559	24.05	-0.0180	0.0480	-0.9480	2.07	NULL	27	0
1127	1	1	1	170803	082256.50	108.53817070	34.22477442	24.05	-0.0020	-0.0290	-0.9920	2.06	NULL	27	0
1128	1	1	1	170803	082256.60	108.53816630	34.22477327	24.05	0.0000	0.0160	-0.9850	2.06	NULL	27	0
1129	1	1	1	170803	082256.70	108.53816193	34.22477214	24.05	0.0080	-0.0030	-1.0190	2.06	NULL	27	0
1130	1	1	1	170803	082256.80	108.53815755	34.22477099	24.05	0.0450	0.0200	-1.0300	2.06	NULL	27	0
1131	1	1	1	170803	082256.90	108.53815315	34.22476984	24.05	-0.0040	-0.0440	-0.9940	2.16	NULL	27	0
1132	1	1	1	170803	082257.00	108.53814875	34.22476868	24.05	0.0410	0.0030	-1.0650	2.16	NULL	27	0
1133	1	1	1	170803	082257.10	108.53814436	34.22476754	24.05	0.0140	-0.0080	-1.0060	2.16	NULL	27	0
1134	1	1	1	170803	082257.20	108.53813994	34.22476639	24.05	0.0020	-0.0200	-1.0290	2.31	NULL	27	0
1135	1	1	1	170803	082257.30	108.53813552	34.22476524	24.05	-0.0190	-0.0310	-0.9950	2.31	NULL	27	0
1136	1	1	1	170803	082257.40	108.53813108	34.22476409	24.05	0.0130	-0.0480	-1.0060	2.31	NULL	27	0
1137	1	1	1	170803	082257.50	108.53812664	34.22476294	24.05	0.0410	0.0010	-1.0050	2.41	NULL	28	0
1138	1	1	1	170803	082257.60	108.53812218	34.22476179	24.05	0.0340	-0.0110	-0.9990	2.41	NULL	28	0
1139	1	1	1	170803	082257.70	108.53811772	34.22476063	24.05	0.0470	-0.0380	-0.9830	2.41	NULL	28	0
1140	1	1	1	170803	082257.80	108.53811327	34.22475947	24.05	0.0620	-0.0340	-1.0560	2.65	NULL	28	0
1141	1	1	1	170803	082257.90	108.53810879	34.22475829	25.90	0.0580	-0.0370	-1.0170	2.65	NULL	28	0
1142	1	1	1	170803	082258.00	108.53810427	34.22475707	25.90	0.0360	-0.0420	-1.0390	2.65	NULL	28	0
1143	1	1	1	170803	082258.10	108.53809977	34.22475589	25.90	0.0400	-0.0650	-1.0190	2.75	NULL	28	0
1144	1	1	1	170803	082258.20	108.53809525	34.22475469	25.90	-0.0030	-0.0420	-0.9960	2.75	NULL	28	0
1145	1	1	1	170803	082258.30	108.53809072	34.22475350	25.90	0.0230	0.0120	-1.0310	2.75	NULL	28	0
1146	1	1	1	170803	082258.40	108.53808616	34.22475228	25.90	-0.0170	-0.0730	-1.0100	2.80	NULL	28	0
1147	1	1	1	170803	082258.50	108.53808161	34.22475108	25.90	-0.0080	-0.0350	-1.0690	2.80	NULL	28	0
1148	1	1	1	170803	082258.60	108.53807705	34.22474987	25.90	0.0230	-0.0140	-0.9540	2.80	NULL	28	0
1149	1	1	1	170803	082258.70	108.53807247	34.22474865	25.90	0.0780	-0.0660	-0.9430	2.99	NULL	28	0
1150	1	1	1	170803	082258.80	108.53806787	34.22474742	25.90	0.0330	-0.0370	-0.9770	2.99	NULL	29	0
1151	1	1	1	170803	082258.90	108.53806327	34.22474618	25.90	0.0500	-0.0040	-1.0610	2.99	NULL	29	0
1152	1	1	1	170803	082259.00	108.53805862	34.22474494	25.90	0.0410	-0.0170	-1.0320	3.20	NULL	29	0
1153	1	1	1	170803	082259.10	108.53805395	34.22474370	25.90	0.0490	-0.0030	-1.0190	3.20	NULL	29	0
1154	1	1	1	170803	082259.20	108.53804923	34.22474245	25.90	0.0350	-0.0200	-0.9640	3.20	NULL	29	0
1155	1	1	1	170803	082259.30	108.53804453	34.22474116	25.90	0.0710	-0.0400	-1.0380	3.54	NULL	29	0
1156	1	1	1	170803	082259.40	108.53803975	34.22473988	25.90	0.0080	0.0150	-0.9600	3.54	NULL	29	0
1157	1	1	1	170803	082259.50	108.53803500	34.22473860	25.90	0.0100	-0.0200	-1.0330	3.54	NULL	29	0
1158	1	1	1	170803	082259.60	108.53803022	34.22473729	27.75	0.0260	0.0040	-1.0040	4.09	NULL	30	0
1159	1	1	1	170803	082259.70	108.53802546	34.22473599	27.75	-0.0100	0.0110	-1.0170	4.09	NULL	29	0
1160	1	1	1	170803	082259.80	108.53802066	34.22473466	27.75	-0.0100	-0.0050	-1.0190	4.09	NULL	29	0
1161	1	1	1	170803	082259.90	108.53801591	34.22473336	25.90	0.0290	-0.0090	-0.9750	2.90	NULL	30	0
1162	1	1	1	170803	082300.00	108.53801114	34.22473206	25.90	-0.0020	0.0560	-0.9990	2.90	NULL	29	0
1163	1	1	1	170803	082300.10	108.53800638	34.22473079	25.90	0.0140	-0.0100	-1.0040	2.90	NULL	29	0
1164	1	1	1	170803	082300.20	108.53800161	34.22472950	25.90	-0.0120	-0.0270	-1.0740	2.58	NULL	29	0
1165	1	1	1	170803	082300.30	108.53799685	34.22472822	25.90	0.0030	0.0260	-1.0020	2.58	NULL	29	0
1166	1	1	1	170803	082300.40	108.53799206	34.22472695	25.90	0.0190	-0.0780	-0.9290	2.58	NULL	29	0
1167	1	1	1	170803	082300.50	108.53798732	34.22472567	25.90	0.0090	-0.0410	-0.9430	2.37	NULL	29	0
1168	1	1	1	170803	082300.60	108.53798255	34.22472441	25.90	-0.0040	0.0190	-0.9800	2.37	NULL	29	0
1169	1	1	1	170803	082300.70	108.53797782	34.22472317	25.90	0.0250	0.0070	-0.9500	2.37	NULL	29	0
1170	1	1	1	170803	082300.80	108.53797307	34.22472190	25.90	0.0410	-0.0160	-0.9880	2.37	NULL	29	0
1171	1	1	1	170803	082300.90	108.53796835	34.22472065	25.90	0.0500	0.0070	-0.9540	2.25	NULL	29	0
1172	1	1	1	170803	082301.00	108.53796363	34.22471942	25.90	0.0500	-0.0390	-1.1020	2.25	NULL	29	0
1173	1	1	1	170803	082301.10	108.53795889	34.22471817	25.90	0.0140	-0.0420	-0.9980	2.25	NULL	29	0
1174	1	1	1	170803	082301.20	108.53795416	34.22471693	25.90	0.0030	-0.0140	-1.1020	2.23	NULL	29	0
1175	1	1	1	170803	082301.30	108.53794945	34.22471569	25.90	-0.0180	0.0210	-0.9970	2.23	NULL	29	0
1176	1	1	1	170803	082301.40	108.53794471	34.22471444	25.90	0.0020	0.0470	-0.9950	2.23	NULL	29	0
1177	1	1	1	170803	082301.50	108.53794002	34.22471322	25.90	0.0130	0.0060	-0.9550	2.16	NULL	29	0
1178	1	1	1	170803	082301.60	108.53793532	34.22471199	25.90	0.0090	-0.0300	-1.1090	2.16	NULL	29	0
1179	1	1	1	170803	082301.70	108.53793064	34.22471076	25.90	-0.0230	-0.0030	-0.9590	2.16	NULL	29	0
1180	1	1	1	170803	082301.80	108.53792595	34.22470954	25.90	-0.0540	-0.0070	-1.0500	2.23	NULL	29	0
1181	1	1	1	170803	082301.90	108.53792126	34.22470832	25.90	0.0170	0.0150	-1.0150	2.23	NULL	29	0
1182	1	1	1	170803	082302.00	108.53791657	34.22470710	25.90	-0.0080	0.0200	-0.9890	2.23	NULL	29	0
1183	1	1	1	170803	082302.10	108.53791190	34.22470590	25.90	0.0020	-0.0300	-1.0030	2.18	NULL	29	0
1184	1	1	1	170803	082302.20	108.53790723	34.22470469	25.90	0.0530	-0.1050	-0.9780	2.18	NULL	29	0
1185	1	1	1	170803	082302.30	108.53790254	34.22470348	25.90	-0.0400	-0.0230	-1.0010	2.18	NULL	29	0
1186	1	1	1	170803	082302.40	108.53789786	34.22470226	25.90	-0.0100	-0.0410	-1.0100	2.27	NULL	29	0
1187	1	1	1	170803	082302.50	108.53789320	34.22470105	25.90	-0.0160	0.0020	-1.0370	2.27	NULL	29	0
1188	1	1	1	170803	082302.60	108.53788851	34.22469980	25.90	-0.0600	0.0010	-0.9840	2.27	NULL	29	0
1189	1	1	1	170803	082302.70	108.53788383	34.22469859	25.90	0.0000	-0.0100	-1.0040	2.36	NULL	29	0
1190	1	1	1	170803	082302.80	108.53787913	34.22469736	25.90	0.0740	-0.0760	-0.9950	2.36	NULL	29	0
1191	1	1	1	170803	082302.90	108.53787442	34.22469611	25.90	0.0320	-0.0330	-0.9860	2.36	NULL	29	0
1192	1	1	1	170803	082303.00	108.53786968	34.22469486	25.90	0.0590	-0.0150	-0.9740	2.58	NULL	29	0
1193	1	1	1	170803	082303.10	108.53786494	34.22469361	25.90	0.0430	0.0000	-0.9770	2.58	NULL	29	0
1194	1	1	1	170803	082303.20	108.53786016	34.22469234	25.90	-0.0110	0.0010	-1.0040	2.58	NULL	30	0
1195	1	1	1	170803	082303.30	108.53785540	34.22469108	25.90	0.0240	-0.0380	-1.0280	3.47	NULL	29	0
1196	1	1	1	170803	082303.40	108.53785059	34.22468980	25.90	-0.0070	0.0110	-1.0290	3.47	NULL	29	0
1197	1	1	1	170803	082303.50	108.53784581	34.22468853	27.75	0.0380	-0.0230	-0.9910	3.47	NULL	30	0
1198	1	1	1	170803	082303.60	108.53784101	34.22468725	27.75	-0.0020	-0.0130	-1.0080	3.03	NULL	29	0
1199	1	1	1	170803	082303.70	108.53783625	34.22468597	27.75	0.0100	0.0020	-1.0060	3.03	NULL	30	0
1200	1	1	1	170803	082303.80	108.53783146	34.22468469	25.90	-0.0430	-0.0550	-0.9780	3.03	NULL	29	0
1201	1	1	1	170803	082303.90	108.53782671	34.22468340	25.90	-0.0160	-0.0480	-1.0040	2.58	NULL	29	0
1202	1	1	1	170803	082304.00	108.53782195	34.22468212	25.90	-0.0200	0.0030	-1.0260	2.58	NULL	30	0
1203	1	1	1	170803	082304.10	108.53781719	34.22468085	25.90	-0.0080	-0.0180	-0.9330	2.58	NULL	29	0
1204	1	1	1	170803	082304.20	108.53781244	34.22467957	25.90	0.0050	0.0000	-1.0020	2.35	NULL	29	0
1205	1	1	1	170803	082304.30	108.53780767	34.22467828	25.90	0.0200	-0.0420	-0.9700	2.35	NULL	29	0
1206	1	1	1	170803	082304.40	108.53780291	34.22467702	25.90	0.0060	0.0080	-0.9890	2.35	NULL	29	0
1207	1	1	1	170803	082304.50	108.53779818	34.22467574	25.90	0.0450	-0.0320	-0.9310	2.30	NULL	29	0
1208	1	1	1	170803	082304.60	108.53779342	34.22467447	25.90	0.0620	-0.0450	-0.9570	2.30	NULL	29	0
1209	1	1	1	170803	082304.70	108.53778871	34.22467318	25.90	0.0120	-0.0290	-1.0470	2.30	NULL	29	0
1210	1	1	1	170803	082304.80	108.53778398	34.22467189	25.90	-0.0070	-0.0480	-0.9390	2.30	NULL	29	0
1211	1	1	1	170803	082304.90	108.53777926	34.22467063	25.90	-0.0070	-0.0650	-1.0310	2.23	NULL	29	0
1212	1	1	1	170803	082305.00	108.53777453	34.22466936	25.90	-0.0300	0.0370	-0.9720	2.23	NULL	29	0
1213	1	1	1	170803	082305.10	108.53776983	34.22466808	25.90	0.0300	-0.0030	-0.9740	2.23	NULL	29	0
1214	1	1	1	170803	082305.20	108.53776510	34.22466681	25.90	0.0270	0.0030	-1.0350	2.17	NULL	29	0
1215	1	1	1	170803	082305.30	108.53776040	34.22466555	25.90	-0.0040	-0.0320	-0.9680	2.17	NULL	29	0
1216	1	1	1	170803	082305.40	108.53775563	34.22466431	25.90	-0.0060	-0.0610	-1.0470	2.17	NULL	29	0
1217	1	1	1	170803	082305.50	108.53775093	34.22466303	25.90	0.0060	0.0550	-1.0700	2.18	NULL	29	0
1218	1	1	1	170803	082305.60	108.53774622	34.22466174	25.90	0.0060	-0.0340	-1.0040	2.18	NULL	29	0
1219	1	1	1	170803	082305.70	108.53774153	34.22466047	25.90	0.0090	-0.0910	-1.0480	2.18	NULL	29	0
1220	1	1	1	170803	082305.80	108.53773683	34.22465918	25.90	-0.0390	0.0530	-1.0830	2.15	NULL	29	0
1221	1	1	1	170803	082305.90	108.53773215	34.22465793	25.90	-0.0080	-0.0850	-1.0150	2.15	NULL	29	0
1222	1	1	1	170803	082306.00	108.53772745	34.22465668	25.90	0.0110	-0.0160	-1.0610	2.15	NULL	29	0
1223	1	1	1	170803	082306.10	108.53772278	34.22465541	25.90	-0.0250	-0.0630	-0.9730	2.19	NULL	29	0
1224	1	1	1	170803	082306.20	108.53771810	34.22465416	25.90	-0.0220	-0.0020	-1.0420	2.19	NULL	29	0
1225	1	1	1	170803	082306.30	108.53771342	34.22465290	25.90	0.0330	0.0130	-0.9740	2.19	NULL	29	0
1226	1	1	1	170803	082306.40	108.53770873	34.22465164	25.90	0.0550	-0.0540	-1.0010	2.11	NULL	29	0
1227	1	1	1	170803	082306.50	108.53770406	34.22465039	25.90	0.0090	0.0400	-0.9810	2.11	NULL	29	0
1228	1	1	1	170803	082306.60	108.53769939	34.22464911	25.90	-0.0130	-0.0520	-1.0790	2.11	NULL	29	0
1229	1	1	1	170803	082306.70	108.53769475	34.22464786	25.90	0.0300	-0.0050	-1.0220	2.12	NULL	29	0
1230	1	1	1	170803	082306.80	108.53769010	34.22464659	25.90	-0.0030	-0.0200	-0.9770	2.12	NULL	29	0
1231	1	1	1	170803	082306.90	108.53768545	34.22464534	25.90	0.0170	-0.0130	-1.0160	2.12	NULL	29	0
1232	1	1	1	170803	082307.00	108.53768080	34.22464407	25.90	-0.0040	-0.0030	-1.0040	2.13	NULL	29	0
1233	1	1	1	170803	082307.10	108.53767616	34.22464282	25.90	-0.0080	0.0330	-0.9800	2.13	NULL	29	0
1234	1	1	1	170803	082307.20	108.53767151	34.22464155	25.90	-0.0090	0.0270	-0.9680	2.13	NULL	29	0
1235	1	1	1	170803	082307.30	108.53766688	34.22464028	25.90	-0.0330	0.0200	-1.0640	2.12	NULL	29	0
1236	1	1	1	170803	082307.40	108.53766223	34.22463902	25.90	0.0100	0.0050	-0.9660	2.12	NULL	29	0
1237	1	1	1	170803	082307.50	108.53765759	34.22463776	25.90	-0.0290	-0.0010	-0.9210	2.12	NULL	29	0
1238	1	1	1	170803	082307.60	108.53765298	34.22463652	25.90	0.0460	0.0210	-1.0000	2.12	NULL	29	0
1239	1	1	1	170803	082307.70	108.53764836	34.22463527	25.90	0.0390	0.0030	-0.9600	2.12	NULL	29	0
1240	1	1	1	170803	082307.80	108.53764375	34.22463405	25.90	0.0030	0.0080	-1.0260	2.12	NULL	29	0
1241	1	1	1	170803	082307.90	108.53763912	34.22463281	25.90	0.0170	-0.0020	-0.9920	2.18	NULL	29	0
1242	1	1	1	170803	082308.00	108.53763450	34.22463160	25.90	0.0120	-0.0300	-1.0240	2.18	NULL	29	0
1243	1	1	1	170803	082308.10	108.53762987	34.22463036	25.90	0.0140	-0.0060	-0.9700	2.18	NULL	29	0
1244	1	1	1	170803	082308.20	108.53762523	34.22462914	25.90	0.0030	-0.0380	-0.9500	2.25	NULL	29	0
1245	1	1	1	170803	082308.30	108.53762061	34.22462791	25.90	-0.0020	0.0220	-1.0580	2.25	NULL	29	0
1246	1	1	1	170803	082308.40	108.53761597	34.22462669	25.90	0.0160	-0.0270	-0.9820	2.25	NULL	29	0
1247	1	1	1	170803	082308.50	108.53761133	34.22462546	25.90	0.0160	0.0050	-1.0180	2.28	NULL	29	0
1248	1	1	1	170803	082308.60	108.53760669	34.22462424	25.90	0.0150	0.0480	-1.0420	2.28	NULL	29	0
1249	1	1	1	170803	082308.70	108.53760203	34.22462302	25.90	0.0270	-0.0370	-0.9410	2.28	NULL	29	0
1250	1	1	1	170803	082308.80	108.53759738	34.22462181	25.90	0.0450	-0.0240	-1.0450	2.28	NULL	29	0
1251	1	1	1	170803	082308.90	108.53759271	34.22462058	25.90	-0.0010	-0.0100	-0.9530	2.36	NULL	29	0
1252	1	1	1	170803	082309.00	108.53758801	34.22461932	25.90	-0.0370	0.0160	-1.0410	2.36	NULL	29	0
1253	1	1	1	170803	082309.10	108.53758334	34.22461811	25.90	-0.0100	-0.0200	-1.0000	2.36	NULL	29	0
1254	1	1	1	170803	082309.20	108.53757860	34.22461685	25.90	-0.0000	0.0200	-0.9180	2.38	NULL	29	0
1255	1	1	1	170803	082309.30	108.53757394	34.22461562	25.90	0.0280	0.0310	-1.0180	2.38	NULL	29	0
1256	1	1	1	170803	082309.40	108.53756923	34.22461437	25.90	0.0280	0.0050	-0.9830	2.38	NULL	29	0
1257	1	1	1	170803	082309.50	108.53756455	34.22461316	25.90	0.0200	-0.0100	-0.9840	2.37	NULL	29	0
1258	1	1	1	170803	082309.60	108.53755987	34.22461190	25.90	0.0280	0.0030	-0.9770	2.37	NULL	29	0
1259	1	1	1	170803	082309.70	108.53755518	34.22461068	25.90	0.0140	-0.0280	-0.9450	2.37	NULL	29	0
1260	1	1	1	170803	082309.80	108.53755049	34.22460943	25.90	0.0210	-0.0280	-1.0140	2.37	NULL	29	0
1261	1	1	1	170803	082309.90	108.53754582	34.22460821	25.90	0.0250	0.0110	-0.9790	2.37	NULL	29	0
1262	1	1	1	170803	082310.00	108.53754113	34.22460696	25.90	-0.0090	0.0020	-1.0270	2.37	NULL	29	0
1263	1	1	1	170803	082310.10	108.53753644	34.22460574	25.90	0.0390	0.0460	-0.9680	2.35	NULL	29	0
1264	1	1	1	170803	082310.20	108.53753175	34.22460455	25.90	0.0070	-0.0410	-1.0210	2.35	NULL	29	0
1265	1	1	1	170803	082310.30	108.53752706	34.22460333	25.90	0.0430	-0.0090	-0.9730	2.35	NULL	29	0
1266	1	1	1	170803	082310.40	108.53752233	34.22460210	25.90	-0.0070	0.0080	-1.0300	2.38	NULL	29	0
1267	1	1	1	170803	082310.50	108.53751765	34.22460088	25.90	0.0010	-0.0220	-0.9980	2.38	NULL	29	0
1268	1	1	1	170803	082310.60	108.53751293	34.22459966	25.90	0.0290	0.0050	-0.9970	2.38	NULL	29	0
1269	1	1	1	170803	082310.70	108.53750823	34.22459844	25.90	0.0200	-0.0030	-0.9920	2.35	NULL	29	0
1270	1	1	1	170803	082310.80	108.53750351	34.22459723	25.90	-0.0220	0.0320	-0.9690	2.35	NULL	29	0
1271	1	1	1	170803	082310.90	108.53749881	34.22459601	25.90	0.0030	-0.0090	-1.0310	2.35	NULL	29	0
1272	1	1	1	170803	082311.00	108.53749409	34.22459480	25.90	0.0120	0.0120	-0.9680	2.36	NULL	29	0
1273	1	1	1	170803	082311.10	108.53748939	34.22459360	25.90	0.0190	-0.0140	-1.0120	2.36	NULL	29	0
1274	1	1	1	170803	082311.20	108.53748466	34.22459239	25.90	0.0430	-0.0440	-0.9840	2.36	NULL	29	0
1275	1	1	1	170803	082311.30	108.53747994	34.22459118	25.90	-0.0130	-0.0460	-0.9890	2.35	NULL	29	0
1276	1	1	1	170803	082311.40	108.53747523	34.22458998	25.90	0.0170	-0.0160	-1.0430	2.35	NULL	29	0
1277	1	1	1	170803	082311.50	108.53747052	34.22458878	25.90	0.0170	-0.0390	-1.0250	2.35	NULL	29	0
1278	1	1	1	170803	082311.60	108.53746586	34.22458753	25.90	0.0060	0.0770	-0.9710	2.35	NULL	29	0
1279	1	1	1	170803	082311.70	108.53746115	34.22458633	25.90	-0.0160	-0.0270	-1.0760	2.35	NULL	29	0
1280	1	1	1	170803	082311.80	108.53745644	34.22458511	25.90	-0.0670	-0.0250	-1.0700	2.35	NULL	29	0
1281	1	1	1	170803	082311.90	108.53745174	34.22458391	25.90	-0.0060	0.0010	-1.0360	2.35	NULL	29	0
1282	1	1	1	170803	082312.00	108.53744702	34.22458269	25.90	-0.0000	-0.0740	-1.0170	2.35	NULL	29	0
1283	1	1	1	170803	082312.10	108.53744231	34.22458149	25.90	-0.0030	0.0130	-1.0150	2.35	NULL	29	0
1284	1	1	1	170803	082312.20	108.53743759	34.22458029	25.90	0.0340	-0.0790	-0.9830	2.37	NULL	29	0
1285	1	1	1	170803	082312.30	108.53743286	34.22457909	25.90	-0.0160	0.0140	-0.9610	2.37	NULL	29	0
1286	1	1	1	170803	082312.40	108.53742815	34.22457789	25.90	0.0180	-0.0100	-1.0310	2.37	NULL	29	0
1287	1	1	1	170803	082312.50	108.53742341	34.22457669	25.90	0.0150	0.0360	-1.0150	2.37	NULL	29	0
1288	1	1	1	170803	082312.60	108.53741868	34.22457549	25.90	-0.0200	-0.0280	-0.9820	2.37	NULL	29	0
1289	1	1	1	170803	082312.70	108.53741396	34.22457429	25.90	0.0120	0.0190	-1.0450	2.37	NULL	29	0
1290	1	1	1	170803	082312.80	108.53740925	34.22457312	25.90	-0.0110	-0.0200	-0.9770	2.37	NULL	29	0
1291	1	1	1	170803	082312.90	108.53740453	34.22457192	25.90	-0.0090	0.0080	-0.9990	2.38	NULL	29	0
1292	1	1	1	170803	082313.00	108.53739983	34.22457074	25.90	0.0240	-0.0080	-1.0190	2.38	NULL	29	0
1293	1	1	1	170803	082313.10	108.53739508	34.22456956	25.90	-0.0200	0.0420	-1.0060	2.38	NULL	29	0
1294	1	1	1	170803	082313.20	108.53739038	34.22456840	25.90	0.0140	-0.0190	-0.9860	2.36	NULL	29	0
1295	1	1	1	170803	082313.30	108.53738564	34.22456721	25.90	-0.0280	-0.0090	-1.0450	2.36	NULL	29	0
1296	1	1	1	170803	082313.40	108.53738093	34.22456605	25.90	-0.0200	0.0010	-0.9950	2.36	NULL	29	0
1297	1	1	1	170803	082313.50	108.53737620	34.22456485	25.90	-0.0060	0.0320	-0.9990	2.35	NULL	29	0
1298	1	1	1	170803	082313.60	108.53737149	34.22456368	25.90	-0.0100	0.0040	-0.9940	2.35	NULL	29	0
1299	1	1	1	170803	082313.70	108.53736676	34.22456249	25.90	0.0350	-0.0140	-0.9930	2.35	NULL	29	0
1300	1	1	1	170803	082313.80	108.53736204	34.22456132	25.90	0.0120	-0.0340	-0.9290	2.37	NULL	29	0
1301	1	1	1	170803	082313.90	108.53735730	34.22456012	25.90	-0.0010	-0.0140	-1.0110	2.37	NULL	29	0
1302	1	1	1	170803	082314.00	108.53735257	34.22455895	25.90	-0.0150	0.0330	-1.0500	2.37	NULL	29	0
1303	1	1	1	170803	082314.10	108.53734780	34.22455775	25.90	-0.0120	0.0180	-0.9730	2.38	NULL	29	0
1304	1	1	1	170803	082314.20	108.53734304	34.22455656	25.90	0.0490	-0.0110	-0.9610	2.38	NULL	29	0
1305	1	1	1	170803	082314.30	108.53733825	34.22455536	25.90	0.0050	0.0260	-0.9360	2.38	NULL	30	0
1306	1	1	1	170803	082314.40	108.53733345	34.22455417	25.90	0.0370	0.0150	-0.9850	2.24	NULL	29	0
1307	1	1	1	170803	082314.50	108.53732867	34.22455296	25.90	0.0510	-0.0200	-0.9420	2.24	NULL	29	0
1308	1	1	1	170803	082314.60	108.53732387	34.22455177	25.90	0.0420	-0.0010	-0.9920	2.24	NULL	30	0
1309	1	1	1	170803	082314.70	108.53731907	34.22455057	25.90	-0.0120	-0.0310	-1.0790	2.11	NULL	29	0
1310	1	1	1	170803	082314.80	108.53731428	34.22454939	25.90	-0.0060	0.0300	-1.0390	2.11	NULL	30	0
1311	1	1	1	170803	082314.90	108.53730948	34.22454819	25.90	0.0010	-0.0610	-0.9680	2.11	NULL	30	0
1312	1	1	1	170803	082315.00	108.53730463	34.22454692	25.90	0.0060	0.0430	-1.0320	2.05	NULL	30	0
1313	1	1	1	170803	082315.10	108.53729982	34.22454572	25.90	-0.0050	0.0210	-1.0300	2.05	NULL	30	0
1314	1	1	1	170803	082315.20	108.53729497	34.22454446	25.90	0.0150	-0.0100	-0.9620	2.05	NULL	29	0
1315	1	1	1	170803	082315.30	108.53729015	34.22454324	27.75	0.0110	-0.0080	-0.9750	2.00	NULL	30	0
1316	1	1	1	170803	082315.40	108.53728531	34.22454202	27.75	0.0720	-0.0220	-1.0160	2.00	NULL	30	0
1317	1	1	1	170803	082315.50	108.53728049	34.22454079	27.75	0.0590	-0.0600	-1.0340	2.00	NULL	30	0
1318	1	1	1	170803	082315.60	108.53727560	34.22453952	27.75	0.0240	0.0090	-1.0000	1.99	NULL	30	0
1319	1	1	1	170803	082315.70	108.53727077	34.22453829	27.75	0.0170	0.0180	-0.9370	1.99	NULL	30	0
1320	1	1	1	170803	082315.80	108.53726594	34.22453702	27.75	-0.0060	-0.0260	-1.0200	1.99	NULL	30	0
1321	1	1	1	170803	082315.90	108.53726111	34.22453579	27.75	0.0280	-0.0190	-0.9970	1.95	NULL	30	0
1322	1	1	1	170803	082316.00	108.53725630	34.22453455	27.75	0.0450	-0.0810	-0.9700	1.95	NULL	30	0
1323	1	1	1	170803	082316.10	108.53725147	34.22453331	27.75	-0.0210	0.0360	-1.0450	1.95	NULL	30	0
1324	1	1	1	170803	082316.20	108.53724664	34.22453206	27.75	-0.0080	-0.0460	-1.0060	1.96	NULL	30	0
1325	1	1	1	170803	082316.30	108.53724182	34.22453082	27.75	-0.0740	-0.0560	-0.9960	1.96	NULL	30	0
1326	1	1	1	170803	082316.40	108.53723702	34.22452960	27.75	-0.0090	-0.0410	-1.1190	1.96	NULL	30	0
1327	1	1	1	170803	082316.50	108.53723219	34.22452835	27.75	-0.0180	0.0150	-0.9720	1.76	NULL	30	0
1328	1	1	1	170803	082316.60	108.53722738	34.22452708	27.75	0.0030	-0.0230	-0.9780	1.76	NULL	30	0
1329	1	1	1	170803	082316.70	108.53722258	34.22452586	25.90	0.0060	-0.0500	-0.9390	1.76	NULL	30	0
1330	1	1	1	170803	082316.80	108.53721777	34.22452460	25.90	0.0060	0.0010	-1.0260	1.76	NULL	30	0
1331	1	1	1	170803	082316.90	108.53721295	34.22452336	27.75	0.0920	-0.0990	-1.0900	1.76	NULL	30	0
1332	1	1	1	170803	082317.00	108.53720809	34.22452210	27.75	-0.0330	0.0140	-1.1530	1.76	NULL	29	0
1333	1	1	1	170803	082317.10	108.53720318	34.22452081	27.75	-0.0600	-0.0370	-1.0170	1.76	NULL	30	0
1334	1	1	1	170803	082317.20	108.53719828	34.22451952	27.75	-0.0650	-0.0520	-0.9490	1.60	NULL	30	0
1335	1	1	1	170803	082317.30	108.53719357	34.22451828	27.75	-0.0430	-0.0590	-0.0650	1.60	NULL	30	0
1336	1	1	1	170803	082317.40	108.53718888	34.22451703	25.90	0.2690	-0.0640	-1.1220	1.60	NULL	30	0
1337	1	1	1	170803	082317.50	108.53718415	34.22451578	25.90	-0.0920	0.0030	-1.2980	1.55	NULL	29	0
1338	1	1	1	170803	082317.60	108.53717951	34.22451454	25.90	0.0240	-0.0070	-1.1520	1.55	NULL	29	0
1339	1	1	1	170803	082317.70	108.53717467	34.22451328	25.90	0.0040	-0.0030	-0.9450	1.55	NULL	29	0
1340	1	1	1	170803	082317.80	108.53716983	34.22451200	25.90	-0.0110	0.0060	-0.8610	1.64	NULL	29	0
1341	1	1	1	170803	082317.90	108.53716509	34.22451073	25.90	0.0040	-0.0230	-0.9160	1.64	NULL	30	0
1342	1	1	1	170803	082318.00	108.53716028	34.22450945	25.90	0.0520	-0.0090	-1.0340	1.64	NULL	29	0
1343	1	1	1	170803	082318.10	108.53715551	34.22450819	25.90	-0.0010	0.0180	-1.0230	1.60	NULL	30	0
1344	1	1	1	170803	082318.20	108.53715077	34.22450694	25.90	-0.0190	-0.0030	-1.0560	1.60	NULL	29	0
1345	1	1	1	170803	082318.30	108.53714600	34.22450568	25.90	-0.0200	-0.0400	-1.0100	1.60	NULL	29	0
1346	1	1	1	170803	082318.40	108.53714125	34.22450443	25.90	0.0180	0.0100	-1.0010	1.70	NULL	30	0
1347	1	1	1	170803	082318.50	108.53713649	34.22450318	25.90	0.0410	0.0210	-1.0110	1.70	NULL	29	0
1348	1	1	1	170803	082318.60	108.53713171	34.22450193	25.90	0.0210	-0.0270	-1.0320	1.70	NULL	30	0
1349	1	1	1	170803	082318.70	108.53712690	34.22450067	25.90	0.0300	0.0200	-0.9800	2.08	NULL	30	0
1350	1	1	1	170803	082318.80	108.53712209	34.22449940	25.90	0.0120	0.0250	-1.0100	2.08	NULL	30	0
1351	1	1	1	170803	082318.90	108.53711727	34.22449815	27.75	0.0490	-0.0090	-1.0000	2.08	NULL	30	0
1352	1	1	1	170803	082319.00	108.53711242	34.22449690	27.75	-0.0100	0.0290	-0.9710	2.08	NULL	30	0
1353	1	1	1	170803	082319.10	108.53710757	34.22449565	27.75	0.0490	0.0490	-1.0270	2.08	NULL	30	0
1354	1	1	1	170803	082319.20	108.53710270	34.22449439	27.75	0.0320	-0.0320	-0.9920	2.08	NULL	30	0
1355	1	1	1	170803	082319.30	108.53709782	34.22449311	27.75	0.0570	0.0100	-1.0040	0.07	NULL	30	0
1356	1	1	1	170803	082319.40	108.53709291	34.22449184	27.75	0.0770	0.0290	-1.0080	0.07	NULL	30	0
1357	1	1	1	170803	082319.50	108.53708802	34.22449057	27.75	0.0210	-0.0190	-0.9830	0.07	NULL	30	0
1358	1	1	1	170803	082319.60	108.53708309	34.22448931	27.75	0.0090	-0.0080	-0.9700	2.40	NULL	30	0
1359	1	1	1	170803	082319.70	108.53707816	34.22448804	27.75	0.0220	-0.0270	-0.9880	2.40	NULL	30	0
1360	1	1	1	170803	082319.80	108.53707324	34.22448680	27.75	0.0390	0.0030	-1.0530	2.40	NULL	30	0
1361	1	1	1	170803	082319.90	108.53706828	34.22448552	27.75	0.0310	0.0190	-1.0010	2.40	NULL	31	0
1362	1	1	1	170803	082320.00	108.53706332	34.22448427	27.75	-0.0100	0.0100	-1.0060	2.40	NULL	30	0
1363	1	1	1	170803	082320.10	108.53705836	34.22448301	27.75	0.0400	-0.0110	-0.9640	2.40	NULL	31	0
1364	1	1	1	170803	082320.20	108.53705338	34.22448174	27.75	0.0060	0.0110	-0.9760	2.40	NULL	31	0
1365	1	1	1	170803	082320.30	108.53704840	34.22448047	27.75	0.0110	-0.0170	-1.0580	2.40	NULL	31	0
1366	1	1	1	170803	082320.40	108.53704342	34.22447918	27.75	0.0240	0.0240	-0.9830	2.40	NULL	31	0
1367	1	1	1	170803	082320.50	108.53703842	34.22447792	27.75	0.0260	-0.0060	-1.0340	2.40	NULL	31	0
1368	1	1	1	170803	082320.60	108.53703342	34.22447666	27.75	-0.0020	0.0330	-0.9980	2.72	NULL	31	0
1369	1	1	1	170803	082320.70	108.53702842	34.22447540	27.75	0.0180	-0.0270	-1.0300	2.72	NULL	31	0
1370	1	1	1	170803	082320.80	108.53702339	34.22447415	27.75	0.0120	0.0170	-0.9790	2.72	NULL	31	0
1371	1	1	1	170803	082320.90	108.53701839	34.22447290	27.75	0.0170	0.0320	-1.0650	2.72	NULL	31	0
1372	1	1	1	170803	082321.00	108.53701335	34.22447163	27.75	0.0120	-0.0080	-1.0300	2.72	NULL	31	0
1373	1	1	1	170803	082321.10	108.53700831	34.22447037	27.75	-0.0180	0.0330	-1.0220	2.72	NULL	31	0
1374	1	1	1	170803	082321.20	108.53700326	34.22446912	27.75	-0.0160	0.0200	-1.0170	0.64	NULL	31	0
1375	1	1	1	170803	082321.30	108.53699825	34.22446789	27.75	-0.0070	-0.0060	-0.9600	0.64	NULL	31	0
1376	1	1	1	170803	082321.40	108.53699322	34.22446665	27.75	-0.0400	0.0250	-0.9930	0.64	NULL	31	0
1377	1	1	1	170803	082321.50	108.53698823	34.22446542	27.75	0.0080	0.0160	-1.0580	2.56	NULL	31	0
1378	1	1	1	170803	082321.60	108.53698322	34.22446418	27.75	0.0150	0.0130	-1.0640	2.56	NULL	31	0
1379	1	1	1	170803	082321.70	108.53697819	34.22446296	27.75	-0.0110	0.0020	-1.0370	2.56	NULL	30	0
1380	1	1	1	170803	082321.80	108.53697315	34.22446172	27.75	-0.0200	0.0340	-1.0050	2.56	NULL	31	0
1381	1	1	1	170803	082321.90	108.53696814	34.22446051	27.75	-0.0220	0.0390	-0.9610	2.56	NULL	31	0
1382	1	1	1	170803	082322.00	108.53696311	34.22445929	27.75	-0.0390	0.0040	-0.9640	2.56	NULL	31	0
1383	1	1	1	170803	082322.10	108.53695811	34.22445808	27.75	0.0040	0.0080	-1.0520	2.56	NULL	31	0
1384	1	1	1	170803	082322.20	108.53695314	34.22445676	27.75	-0.0010	0.0100	-1.0340	2.56	NULL	30	0
1385	1	1	1	170803	082322.30	108.53694816	34.22445558	27.75	-0.0240	0.0060	-1.0010	2.56	NULL	31	0
1386	1	1	1	170803	082322.40	108.53694332	34.22445446	27.75	-0.0120	0.0350	-0.9660	0.00	NULL	31	0
1387	1	1	1	170803	082322.50	108.53693835	34.22445325	27.75	-0.0180	0.0410	-1.0290	0.00	NULL	30	0
1388	1	1	1	170803	082322.60	108.53693345	34.22445203	27.75	0.0280	0.0250	-1.0470	0.00	NULL	30	0
1389	1	1	1	170803	082322.70	108.53692843	34.22445086	27.75	0.0370	-0.0150	-0.9580	0.00	NULL	30	0
1390	1	1	1	170803	082322.80	108.53692362	34.22444984	27.75	-0.0180	0.0010	-1.0430	0.00	NULL	31	0
1391	1	1	1	170803	082322.90	108.53691866	34.22444866	27.75	-0.0080	-0.0260	-0.9960	0.00	NULL	30	0
1392	1	1	1	170803	082323.00	108.53691374	34.22444764	27.75	-0.0310	-0.0050	-0.9420	2.24	NULL	31	0
1393	1	1	1	170803	082323.10	108.53690883	34.22444643	27.75	-0.0400	-0.0450	-1.0340	2.24	NULL	31	0
1394	1	1	1	170803	082323.20	108.53690397	34.22444531	27.75	0.0100	0.0040	-1.0580	2.24	NULL	30	0
1395	1	1	1	170803	082323.30	108.53689901	34.22444412	27.75	-0.0110	-0.0020	-0.9620	0.15	NULL	31	0
1396	1	1	1	170803	082323.40	108.53689412	34.22444285	27.75	-0.0230	0.0040	-1.0080	0.15	NULL	30	0
1397	1	1	1	170803	082323.50	108.53688920	34.22444162	27.75	-0.0210	-0.0070	-1.0010	0.15	NULL	30	0
1398	1	1	1	170803	082323.60	108.53688439	34.22444035	27.75	-0.0090	0.0290	-0.9290	0.15	NULL	30	0
1399	1	1	1	170803	082323.70	108.53687947	34.22443914	27.75	0.0100	-0.0170	-1.0120	0.15	NULL	30	0
1400	1	1	1	170803	082323.80	108.53687455	34.22443783	27.75	-0.0250	-0.0200	-0.9830	0.15	NULL	30	0
1401	1	1	1	170803	082323.90	108.53686963	34.22443660	27.75	-0.0070	-0.0140	-1.0580	0.15	NULL	30	0
1402	1	1	1	170803	082324.00	108.53686461	34.22443536	27.75	0.0000	-0.0090	-0.9380	2.23	NULL	30	0
1403	1	1	1	170803	082324.10	108.53685973	34.22443415	27.75	-0.0090	0.0190	-0.9670	2.23	NULL	30	0
1404	1	1	1	170803	082324.20	108.53685465	34.22443288	27.75	0.0010	0.0020	-1.0570	2.23	NULL	30	0
1405	1	1	1	170803	082324.30	108.53684979	34.22443169	27.75	0.0170	0.0170	-1.0710	0.00	NULL	30	0
1406	1	1	1	170803	082324.40	108.53684478	34.22443042	27.75	-0.0070	-0.0120	-0.9690	0.00	NULL	30	0
1407	1	1	1	170803	082324.50	108.53683992	34.22442920	27.75	-0.0160	0.0220	-1.0170	0.00	NULL	30	0
1408	1	1	1	170803	082324.60	108.53683501	34.22442799	27.75	-0.0290	-0.0010	-0.9640	0.00	NULL	30	0
1409	1	1	1	170803	082324.70	108.53683017	34.22442678	27.75	-0.0230	-0.0140	-1.0300	0.00	NULL	30	0
1410	1	1	1	170803	082324.80	108.53682532	34.22442558	27.75	-0.0310	0.0500	-1.0270	0.00	NULL	30	0
1411	1	1	1	170803	082324.90	108.53682049	34.22442437	27.75	-0.0410	-0.0180	-0.9640	2.24	NULL	30	0
1412	1	1	1	170803	082325.00	108.53681569	34.22442319	25.90	-0.0350	0.0260	-1.0200	2.24	NULL	30	0
1413	1	1	1	170803	082325.10	108.53681087	34.22442200	25.90	0.0180	0.0140	-0.9960	2.24	NULL	30	0
1414	1	1	1	170803	082325.20	108.53680606	34.22442083	25.90	0.0280	-0.0220	-1.0030	2.24	NULL	29	0
1415	1	1	1	170803	082325.30	108.53680127	34.22441964	25.90	0.0080	0.0140	-1.0180	2.24	NULL	30	0
1416	1	1	1	170803	082325.40	108.53679650	34.22441846	25.90	-0.0330	0.0320	-0.9880	2.24	NULL	29	0
1417	1	1	1	170803	082325.50	108.53679170	34.22441728	25.90	-0.0370	0.0480	-1.0660	2.24	NULL	29	0
1418	1	1	1	170803	082325.60	108.53678690	34.22441606	25.90	0.0110	0.0180	-1.0290	2.24	NULL	29	0
1419	1	1	1	170803	082325.70	108.53678209	34.22441487	25.90	-0.0330	0.0220	-0.9360	2.24	NULL	29	0
1420	1	1	1	170803	082325.80	108.53677733	34.22441367	25.90	-0.0060	-0.0020	-1.0750	2.24	NULL	29	0
1421	1	1	1	170803	082325.90	108.53677256	34.22441252	25.90	-0.0360	-0.0010	-0.9670	2.24	NULL	29	0
1422	1	1	1	170803	082326.00	108.53676779	34.22441133	25.90	-0.0180	0.0310	-1.0180	2.24	NULL	29	0
1423	1	1	1	170803	082326.10	108.53676304	34.22441017	25.90	0.0050	0.0250	-1.0470	2.24	NULL	29	0
1424	1	1	1	170803	082326.20	108.53675831	34.22440896	25.90	0.0160	-0.0150	-1.0100	2.24	NULL	29	0
1425	1	1	1	170803	082326.30	108.53675353	34.22440778	25.90	-0.0110	0.0340	-1.0230	2.24	NULL	29	0
1426	1	1	1	170803	082326.40	108.53674877	34.22440658	25.90	-0.0070	-0.0090	-0.9810	2.35	NULL	29	0
1427	1	1	1	170803	082326.50	108.53674403	34.22440541	25.90	-0.0020	-0.0080	-0.9500	2.35	NULL	29	0
1428	1	1	1	170803	082326.60	108.53673926	34.22440422	25.90	-0.0120	0.0250	-0.9750	2.35	NULL	29	0
1429	1	1	1	170803	082326.70	108.53673453	34.22440307	25.90	0.0010	-0.0160	-1.0230	0.00	NULL	29	0
1430	1	1	1	170803	082326.80	108.53672981	34.22440188	25.90	-0.0090	0.0060	-1.0230	0.00	NULL	29	0
1431	1	1	1	170803	082326.90	108.53672508	34.22440071	25.90	-0.0200	-0.0130	-0.9810	0.00	NULL	29	0
1432	1	1	1	170803	082327.00	108.53672034	34.22439953	25.90	-0.0170	0.0130	-1.0120	0.00	NULL	29	0
1433	1	1	1	170803	082327.10	108.53671562	34.22439836	25.90	0.0230	0.0110	-0.9970	0.00	NULL	29	0
1434	1	1	1	170803	082327.20	108.53671091	34.22439720	25.90	0.0040	0.0140	-1.0040	0.00	NULL	29	0
1435	1	1	1	170803	082327.30	108.53670621	34.22439604	25.90	0.0260	0.0020	-1.0540	0.00	NULL	29	0
1436	1	1	1	170803	082327.40	108.53670150	34.22439488	25.90	-0.0050	-0.0100	-0.9760	0.00	NULL	29	0
1437	1	1	1	170803	082327.50	108.53669681	34.22439370	25.90	-0.0060	-0.0090	-0.9960	0.00	NULL	29	0
1438	1	1	1	170803	082327.60	108.53669213	34.22439255	25.90	0.0040	0.0230	-1.0590	2.18	NULL	29	0
1439	1	1	1	170803	082327.70	108.53668744	34.22439138	25.90	-0.0330	0.0040	-0.9350	2.18	NULL	29	0
1440	1	1	1	170803	082327.80	108.53668276	34.22439021	25.90	-0.0270	0.0300	-1.0970	2.18	NULL	29	0
1441	1	1	1	170803	082327.90	108.53667811	34.22438902	25.90	0.0050	0.0090	-0.9710	2.18	NULL	29	0
1442	1	1	1	170803	082328.00	108.53667344	34.22438785	25.90	-0.0400	-0.0190	-0.9860	2.18	NULL	28	0
1443	1	1	1	170803	082328.10	108.53666877	34.22438668	25.90	0.0210	0.0020	-1.0570	2.18	NULL	29	0
1444	1	1	1	170803	082328.20	108.53666410	34.22438550	25.90	0.0020	-0.0150	-1.0150	2.18	NULL	29	0
1445	1	1	1	170803	082328.30	108.53665946	34.22438431	25.90	-0.0160	-0.0070	-0.9490	2.18	NULL	28	0
1446	1	1	1	170803	082328.40	108.53665481	34.22438314	25.90	-0.0200	0.0320	-1.0380	2.18	NULL	29	0
1447	1	1	1	170803	082328.50	108.53665022	34.22438196	25.90	-0.0120	-0.0230	-1.0400	2.18	NULL	28	0
1448	1	1	1	170803	082328.60	108.53664558	34.22438078	25.90	-0.0220	0.0060	-1.0190	2.08	NULL	28	0
1449	1	1	1	170803	082328.70	108.53664095	34.22437960	25.90	-0.0240	0.0310	-1.0730	2.08	NULL	29	0
1450	1	1	1	170803	082328.80	108.53663631	34.22437842	25.90	-0.0110	-0.0120	-1.0000	2.08	NULL	28	0
1451	1	1	1	170803	082328.90	108.53663170	34.22437723	25.90	-0.0280	0.0220	-0.9140	2.08	NULL	28	0
1452	1	1	1	170803	082329.00	108.53662705	34.22437605	25.90	0.0070	-0.0060	-0.9700	2.08	NULL	28	0
1453	1	1	1	170803	082329.10	108.53662248	34.22437487	25.90	0.0100	-0.0190	-0.9730	2.08	NULL	28	0
1454	1	1	1	170803	082329.20	108.53661788	34.22437371	25.90	0.0120	0.0450	-1.0100	2.13	NULL	28	0
1455	1	1	1	170803	082329.30	108.53661328	34.22437255	25.90	-0.0100	-0.0000	-1.0120	2.13	NULL	28	0
1456	1	1	1	170803	082329.40	108.53660867	34.22437139	25.90	-0.0120	0.0200	-1.0260	2.13	NULL	28	0
1457	1	1	1	170803	082329.50	108.53660408	34.22437022	25.90	0.0110	0.0040	-0.9730	2.13	NULL	28	0
1458	1	1	1	170803	082329.60	108.53659948	34.22436907	25.90	0.0140	-0.0270	-0.9960	2.13	NULL	28	0
1459	1	1	1	170803	082329.70	108.53659491	34.22436791	25.90	0.0160	0.0250	-0.9990	2.13	NULL	28	0
1460	1	1	1	170803	082329.80	108.53659033	34.22436676	25.90	0.0180	-0.0190	-1.0200	2.13	NULL	28	0
1461	1	1	1	170803	082329.90	108.53658576	34.22436560	25.90	-0.0100	-0.0240	-0.9970	2.13	NULL	28	0
1462	1	1	1	170803	082330.00	108.53658119	34.22436444	25.90	0.0080	0.0170	-1.0100	2.13	NULL	28	0
1463	1	1	1	170803	082330.10	108.53657663	34.22436329	25.90	0.0100	0.0060	-1.0220	2.13	NULL	28	0
1464	1	1	1	170803	082330.20	108.53657206	34.22436214	25.90	-0.0450	0.0000	-0.9880	2.13	NULL	28	0
1465	1	1	1	170803	082330.30	108.53656752	34.22436099	25.90	-0.0070	0.0260	-1.0060	2.13	NULL	28	0
1466	1	1	1	170803	082330.40	108.53656296	34.22435984	25.90	-0.0030	-0.0420	-1.0000	2.13	NULL	28	0
1467	1	1	1	170803	082330.50	108.53655841	34.22435869	25.90	-0.0330	-0.0010	-1.0530	2.13	NULL	28	0
1468	1	1	1	170803	082330.60	108.53655386	34.22435755	25.90	-0.0070	0.0090	-1.0570	2.13	NULL	28	0
1469	1	1	1	170803	082330.70	108.53654931	34.22435638	25.90	0.0040	0.0120	-0.9080	0.04	NULL	28	0
1470	1	1	1	170803	082330.80	108.53654476	34.22435523	25.90	0.0310	0.0470	-1.0210	0.04	NULL	28	0
1471	1	1	1	170803	082330.90	108.53654024	34.22435409	25.90	0.0000	-0.0360	-0.9930	0.04	NULL	28	0
1472	1	1	1	170803	082331.00	108.53653570	34.22435293	25.90	0.0010	0.0360	-1.0410	0.12	NULL	28	0
1473	1	1	1	170803	082331.10	108.53653117	34.22435178	25.90	-0.0010	0.0080	-1.0070	0.12	NULL	28	0
1474	1	1	1	170803	082331.20	108.53652664	34.22435062	25.90	-0.0030	-0.0050	-0.9640	0.12	NULL	28	0
1475	1	1	1	170803	082331.30	108.53652214	34.22434947	25.90	0.0190	0.0020	-0.9900	0.12	NULL	28	0
1476	1	1	1	170803	082331.40	108.53651761	34.22434830	25.90	-0.0080	0.0170	-0.9480	0.12	NULL	28	0
1477	1	1	1	170803	082331.50	108.53651312	34.22434716	25.90	-0.0150	-0.0090	-0.9810	0.12	NULL	28	0
1478	1	1	1	170803	082331.60	108.53650863	34.22434600	24.05	-0.0070	0.0030	-1.0810	0.12	NULL	28	0
1479	1	1	1	170803	082331.70	108.53650413	34.22434485	24.05	-0.0210	-0.0160	-0.9570	0.12	NULL	28	0
1480	1	1	1	170803	082331.80	108.53649965	34.22434368	24.05	0.0010	0.0060	-1.0160	0.12	NULL	28	0
1481	1	1	1	170803	082331.90	108.53649517	34.22434253	24.05	0.0290	0.0200	-1.0040	0.12	NULL	28	0
1482	1	1	1	170803	082332.00	108.53649068	34.22434136	24.05	0.0140	-0.0810	-0.9560	0.12	NULL	27	0
1483	1	1	1	170803	082332.10	108.53648623	34.22434020	24.05	0.0100	0.0320	-1.0060	0.12	NULL	28	0
1484	1	1	1	170803	082332.20	108.53648176	34.22433903	24.05	-0.0040	-0.0030	-1.0360	0.12	NULL	28	0
1485	1	1	1	170803	082332.30	108.53647728	34.22433790	24.05	-0.0200	0.0260	-0.9380	2.24	NULL	27	0
1486	1	1	1	170803	082332.40	108.53647284	34.22433674	24.05	-0.0160	-0.0040	-1.0380	2.24	NULL	28	0
1487	1	1	1	170803	082332.50	108.53646837	34.22433560	24.05	0.0080	0.0320	-1.0280	2.24	NULL	27	0
1488	1	1	1	170803	082332.60	108.53646391	34.22433445	24.05	-0.0080	-0.0060	-0.9340	2.38	NULL	27	0
1489	1	1	1	170803	082332.70	108.53645946	34.22433332	24.05	0.0400	0.0650	-1.0510	2.38	NULL	28	0
1490	1	1	1	170803	082332.80	108.53645504	34.22433220	24.05	0.0090	0.0070	-0.9960	2.38	NULL	27	0
1491	1	1	1	170803	082332.90	108.53645059	34.22433105	24.05	-0.0200	0.0290	-1.0160	2.38	NULL	27	0
1492	1	1	1	170803	082333.00	108.53644618	34.22432993	24.05	-0.0270	0.0310	-0.9460	2.38	NULL	27	0
1493	1	1	1	170803	082333.10	108.53644173	34.22432880	24.05	0.0250	0.0120	-1.0080	2.38	NULL	27	0
1494	1	1	1	170803	082333.20	108.53643729	34.22432765	24.05	-0.0000	0.0140	-0.9850	2.38	NULL	27	0
1495	1	1	1	170803	082333.30	108.53643285	34.22432651	24.05	-0.0080	0.0370	-0.9330	2.38	NULL	27	0
1496	1	1	1	170803	082333.40	108.53642842	34.22432537	24.05	0.0080	0.0030	-1.0480	2.38	NULL	27	0
1497	1	1	1	170803	082333.50	108.53642399	34.22432423	24.05	0.0060	0.0300	-1.0160	0.00	NULL	27	0
1498	1	1	1	170803	082333.60	108.53641957	34.22432309	24.05	-0.0010	0.0050	-1.0160	0.00	NULL	27	0
1499	1	1	1	170803	082333.70	108.53641513	34.22432194	24.05	-0.0220	0.0010	-0.9900	0.00	NULL	27	0
1500	1	1	1	170803	082333.80	108.53641070	34.22432077	24.05	0.0280	0.0100	-1.0250	0.00	NULL	27	0
1501	1	1	1	170803	082333.90	108.53640627	34.22431963	24.05	0.0040	0.0400	-0.9890	0.00	NULL	27	0
1502	1	1	1	170803	082334.00	108.53640185	34.22431848	24.05	0.0090	0.0090	-1.0250	0.00	NULL	27	0
1503	1	1	1	170803	082334.10	108.53639742	34.22431733	24.05	0.0200	0.0030	-1.0580	0.00	NULL	28	0
1504	1	1	1	170803	082334.20	108.53639300	34.22431618	24.05	-0.0240	0.0120	-0.9870	0.00	NULL	27	0
1505	1	1	1	170803	082334.30	108.53638857	34.22431501	24.05	0.0300	0.0240	-1.0390	0.00	NULL	28	0
1506	1	1	1	170803	082334.40	108.53638415	34.22431379	24.05	-0.0120	0.0100	-0.9960	0.00	NULL	28	0
1507	1	1	1	170803	082334.50	108.53637969	34.22431263	24.05	0.0230	-0.0220	-1.0350	0.00	NULL	27	0
1508	1	1	1	170803	082334.60	108.53637523	34.22431143	24.05	0.0080	0.0100	-1.0000	0.00	NULL	28	0
1509	1	1	1	170803	082334.70	108.53637077	34.22431025	24.05	-0.0030	0.0220	-1.0390	2.37	NULL	28	0
1510	1	1	1	170803	082334.80	108.53636629	34.22430906	25.90	0.0080	-0.0050	-0.9820	2.37	NULL	28	0
1511	1	1	1	170803	082334.90	108.53636180	34.22430787	25.90	-0.0160	0.0000	-0.9950	2.37	NULL	28	0
1512	1	1	1	170803	082335.00	108.53635730	34.22430668	25.90	0.0420	-0.0200	-1.0010	2.37	NULL	28	0
1513	1	1	1	170803	082335.10	108.53635278	34.22430547	25.90	0.0400	-0.0090	-1.0410	2.37	NULL	28	0
1514	1	1	1	170803	082335.20	108.53634825	34.22430423	25.90	0.0370	0.0000	-0.9910	2.37	NULL	28	0
1515	1	1	1	170803	082335.30	108.53634374	34.22430303	25.90	0.0300	0.0050	-1.0100	0.00	NULL	28	0
1516	1	1	1	170803	082335.40	108.53633921	34.22430180	25.90	0.0020	0.0500	-1.0370	0.00	NULL	28	0
1517	1	1	1	170803	082335.50	108.53633469	34.22430059	25.90	-0.0190	0.0280	-1.0450	0.00	NULL	28	0
1518	1	1	1	170803	082335.60	108.53633015	34.22429936	25.90	-0.0160	0.0070	-1.0220	0.00	NULL	28	0
1519	1	1	1	170803	082335.70	108.53632558	34.22429813	25.90	0.0210	-0.0160	-0.9640	0.00	NULL	28	0
1520	1	1	1	170803	082335.80	108.53632101	34.22429690	25.90	0.0150	0.0270	-0.9810	0.00	NULL	28	0
1521	1	1	1	170803	082335.90	108.53631646	34.22429569	25.90	0.0260	0.0250	-0.9710	0.00	NULL	28	0
1522	1	1	1	170803	082336.00	108.53631190	34.22429446	25.90	0.0440	0.0070	-0.9790	0.00	NULL	28	0
1523	1	1	1	170803	082336.10	108.53630731	34.22429323	25.90	0.0340	0.0080	-1.0600	0.00	NULL	28	0
1524	1	1	1	170803	082336.20	108.53630272	34.22429198	25.90	0.0120	0.0330	-1.0400	2.24	NULL	29	0
1525	1	1	1	170803	082336.30	108.53629812	34.22429076	25.90	0.0150	-0.0150	-1.0020	2.24	NULL	29	0
1526	1	1	1	170803	082336.40	108.53629349	34.22428951	25.90	-0.0070	-0.0160	-0.9250	2.24	NULL	29	0
1527	1	1	1	170803	082336.50	108.53628888	34.22428828	25.90	0.0190	0.0250	-1.0700	2.24	NULL	29	0
1528	1	1	1	170803	082336.60	108.53628424	34.22428702	25.90	0.0270	-0.0000	-1.0130	2.24	NULL	29	0
1529	1	1	1	170803	082336.70	108.53627959	34.22428579	25.90	0.0280	0.0350	-1.0140	2.24	NULL	29	0
1530	1	1	1	170803	082336.80	108.53627492	34.22428453	25.90	0.0050	-0.0190	-0.9860	2.24	NULL	29	0
1531	1	1	1	170803	082336.90	108.53627026	34.22428330	25.90	0.0160	0.0030	-1.0220	2.11	NULL	29	0
1532	1	1	1	170803	082337.00	108.53626556	34.22428205	25.90	0.0510	0.0530	-0.9670	2.11	NULL	29	0
1533	1	1	1	170803	082337.10	108.53626086	34.22428082	25.90	-0.0000	0.0250	-0.9660	2.11	NULL	29	0
1534	1	1	1	170803	082337.20	108.53625614	34.22427959	25.90	0.0390	0.0180	-1.0780	2.11	NULL	29	0
1535	1	1	1	170803	082337.30	108.53625141	34.22427835	25.90	0.0360	0.0580	-1.0480	2.11	NULL	29	0
1536	1	1	1	170803	082337.40	108.53624664	34.22427711	25.90	-0.0020	-0.0080	-0.9610	2.11	NULL	29	0
1537	1	1	1	170803	082337.50	108.53624188	34.22427589	25.90	0.0100	0.0580	-0.9800	1.92	NULL	29	0
1538	1	1	1	170803	082337.60	108.53623707	34.22427466	25.90	0.0620	-0.0000	-1.0220	1.92	NULL	29	0
1539	1	1	1	170803	082337.70	108.53623228	34.22427344	25.90	0.0390	0.0110	-0.9180	1.92	NULL	29	0
1540	1	1	1	170803	082337.80	108.53622747	34.22427222	25.90	0.0400	0.0490	-1.0340	1.99	NULL	30	0
1541	1	1	1	170803	082337.90	108.53622268	34.22427101	25.90	-0.0110	0.0080	-0.9800	1.99	NULL	29	0
1542	1	1	1	170803	082338.00	108.53621786	34.22426979	25.90	-0.0300	0.0250	-1.0430	1.99	NULL	30	0
1543	1	1	1	170803	082338.10	108.53621305	34.22426858	27.75	0.0100	0.0030	-1.0490	1.95	NULL	29	0
1544	1	1	1	170803	082338.20	108.53620821	34.22426736	27.75	0.0230	-0.0630	-0.9360	1.95	NULL	30	0
1545	1	1	1	170803	082338.30	108.53620341	34.22426616	25.90	0.0550	0.0220	-0.9590	1.95	NULL	30	0
1546	1	1	1	170803	082338.40	108.53619859	34.22426495	25.90	0.0510	-0.0210	-0.8560	1.95	NULL	29	0
1547	1	1	1	170803	082338.50	108.53619380	34.22426375	25.90	0.0430	0.0240	-1.0580	1.95	NULL	30	0
1548	1	1	1	170803	082338.60	108.53618902	34.22426255	25.90	0.0070	-0.0470	-0.9960	1.95	NULL	29	0
1549	1	1	1	170803	082338.70	108.53618423	34.22426137	25.90	-0.0510	0.0290	-1.0620	1.76	NULL	29	0
1550	1	1	1	170803	082338.80	108.53617944	34.22426018	25.90	0.0270	-0.0000	-0.8960	1.76	NULL	30	0
1551	1	1	1	170803	082338.90	108.53617466	34.22425899	25.90	-0.0150	-0.0290	-1.0630	1.76	NULL	29	0
1552	1	1	1	170803	082339.00	108.53616986	34.22425780	25.90	-0.0240	0.0230	-0.9350	1.76	NULL	29	0
1553	1	1	1	170803	082339.10	108.53616507	34.22425661	25.90	0.0480	-0.0340	-1.0710	1.76	NULL	29	0
1554	1	1	1	170803	082339.20	108.53616028	34.22425541	25.90	0.0260	-0.0640	-0.8790	1.76	NULL	29	0
1555	1	1	1	170803	082339.30	108.53615552	34.22425422	25.90	-0.0090	-0.0020	-0.9720	1.76	NULL	30	0
1556	1	1	1	170803	082339.40	108.53615075	34.22425303	25.90	0.0510	-0.0240	-0.9970	1.76	NULL	29	0
1557	1	1	1	170803	082339.50	108.53614600	34.22425182	25.90	0.0280	-0.0210	-0.9940	1.76	NULL	29	0
1558	1	1	1	170803	082339.60	108.53614127	34.22425062	25.90	0.0170	-0.0150	-0.9890	1.55	NULL	29	0
1559	1	1	1	170803	082339.70	108.53613652	34.22424941	25.90	0.0670	-0.0290	-1.0020	1.55	NULL	29	0
1560	1	1	1	170803	082339.80	108.53613175	34.22424818	25.90	-0.0120	0.0140	-1.0260	1.55	NULL	29	0
1561	1	1	1	170803	082339.90	108.53612699	34.22424697	25.90	-0.0170	-0.0190	-1.0200	1.55	NULL	29	0
1562	1	1	1	170803	082340.00	108.53612223	34.22424573	25.90	-0.0270	0.0180	-0.8960	1.55	NULL	29	0
1563	1	1	1	170803	082340.10	108.53611749	34.22424451	25.90	-0.0260	0.0740	-0.9840	1.55	NULL	29	0
1564	1	1	1	170803	082340.20	108.53611276	34.22424328	25.90	0.0050	-0.0620	-0.9780	1.55	NULL	29	0
1565	1	1	1	170803	082340.30	108.53610806	34.22424204	25.90	0.0180	0.0760	-1.0400	1.55	NULL	29	0
1566	1	1	1	170803	082340.40	108.53610337	34.22424080	25.90	-0.0140	0.0730	-0.9930	1.55	NULL	29	0
1567	1	1	1	170803	082340.50	108.53609863	34.22423960	25.90	-0.0470	-0.0030	-1.0410	1.55	NULL	29	0
1568	1	1	1	170803	082340.60	108.53609392	34.22423837	25.90	-0.0330	-0.0200	-1.0520	1.70	NULL	29	0
1569	1	1	1	170803	082340.70	108.53608924	34.22423713	25.90	-0.0560	0.0430	-0.9380	1.70	NULL	29	0
1570	1	1	1	170803	082340.80	108.53608454	34.22423592	25.90	0.0370	0.0430	-1.1180	1.70	NULL	29	0
1571	1	1	1	170803	082340.90	108.53607984	34.22423471	25.90	0.0130	-0.0140	-1.0550	1.70	NULL	29	0
1572	1	1	1	170803	082341.00	108.53607515	34.22423350	25.90	0.0100	0.0180	-1.0000	1.70	NULL	29	0
1573	1	1	1	170803	082341.10	108.53607045	34.22423228	25.90	0.0040	0.0040	-0.9610	1.70	NULL	29	0
1574	1	1	1	170803	082341.20	108.53606576	34.22423107	25.90	0.0150	0.0010	-1.0000	2.37	NULL	29	0
1575	1	1	1	170803	082341.30	108.53606107	34.22422986	25.90	0.0380	-0.0180	-1.0020	2.37	NULL	29	0
1576	1	1	1	170803	082341.40	108.53605637	34.22422865	25.90	0.0110	0.0040	-0.9770	2.37	NULL	29	0
1577	1	1	1	170803	082341.50	108.53605170	34.22422744	25.90	0.0030	0.0070	-1.0180	2.37	NULL	29	0
1578	1	1	1	170803	082341.60	108.53604702	34.22422625	25.90	0.0150	0.0080	-1.0280	2.37	NULL	29	0
1579	1	1	1	170803	082341.70	108.53604234	34.22422506	25.90	-0.0320	-0.0070	-1.0160	2.37	NULL	29	0
1580	1	1	1	170803	082341.80	108.53603768	34.22422387	25.90	-0.0190	0.0280	-1.0430	2.37	NULL	29	0
1581	1	1	1	170803	082341.90	108.53603303	34.22422269	25.90	-0.0010	0.0140	-1.0020	2.37	NULL	29	0
1582	1	1	1	170803	082342.00	108.53602837	34.22422151	25.90	0.0120	-0.0150	-0.9660	2.37	NULL	29	0
1583	1	1	1	170803	082342.10	108.53602371	34.22422032	25.90	0.0300	0.0060	-0.9890	2.37	NULL	29	0
1584	1	1	1	170803	082342.20	108.53601905	34.22421915	25.90	0.0590	0.0070	-1.0370	2.37	NULL	29	0
1585	1	1	1	170803	082342.30	108.53601440	34.22421797	25.90	-0.0200	0.0140	-0.9870	2.37	NULL	29	0
1586	1	1	1	170803	082342.40	108.53600975	34.22421680	25.90	-0.0160	-0.0340	-1.0530	2.37	NULL	29	0
1587	1	1	1	170803	082342.50	108.53600511	34.22421563	25.90	-0.0430	0.0250	-0.9960	2.37	NULL	29	0
1588	1	1	1	170803	082342.60	108.53600049	34.22421447	25.90	-0.0390	0.0170	-1.0950	2.37	NULL	29	0
1589	1	1	1	170803	082342.70	108.53599585	34.22421330	25.90	-0.0350	0.0140	-0.9740	2.37	NULL	29	0
1590	1	1	1	170803	082342.80	108.53599121	34.22421215	25.90	0.0400	0.0010	-1.0350	2.37	NULL	28	0
1591	1	1	1	170803	082342.90	108.53598655	34.22421098	25.90	-0.0030	-0.0010	-0.9940	2.37	NULL	29	0
1592	1	1	1	170803	082343.00	108.53598188	34.22420981	25.90	0.0020	0.0210	-0.9940	2.08	NULL	28	0
1593	1	1	1	170803	082343.10	108.53597726	34.22420865	25.90	-0.0270	0.0210	-1.0350	2.08	NULL	28	0
1594	1	1	1	170803	082343.20	108.53597263	34.22420749	25.90	-0.0450	0.0160	-0.9790	2.08	NULL	29	0
1595	1	1	1	170803	082343.30	108.53596803	34.22420633	25.90	-0.0130	-0.0340	-1.0670	2.08	NULL	28	0
1596	1	1	1	170803	082343.40	108.53596343	34.22420518	25.90	0.0300	0.0010	-1.0510	2.08	NULL	28	0
1597	1	1	1	170803	082343.50	108.53595881	34.22420401	25.90	0.0370	0.0440	-0.9690	2.08	NULL	29	0
1598	1	1	1	170803	082343.60	108.53595421	34.22420286	25.90	0.0080	-0.0070	-1.0640	1.76	NULL	28	0
1599	1	1	1	170803	082343.70	108.53594961	34.22420170	25.90	0.0100	0.0300	-1.0100	1.76	NULL	28	0
1600	1	1	1	170803	082343.80	108.53594499	34.22420054	25.90	-0.0300	0.0130	-1.0410	1.76	NULL	28	0
1601	1	1	1	170803	082343.90	108.53594038	34.22419940	25.90	0.0080	0.0060	-1.0050	1.76	NULL	28	0
1602	1	1	1	170803	082344.00	108.53593577	34.22419825	25.90	0.0340	-0.0260	-0.9710	1.76	NULL	28	0
1603	1	1	1	170803	082344.10	108.53593117	34.22419709	25.90	0.0290	0.0100	-1.0620	1.76	NULL	28	0
1604	1	1	1	170803	082344.20	108.53592656	34.22419594	25.90	0.0080	0.0270	-0.9350	1.76	NULL	28	0
1605	1	1	1	170803	082344.30	108.53592198	34.22419480	25.90	0.0100	0.0400	-1.0020	0.01	NULL	28	0
1606	1	1	1	170803	082344.40	108.53591739	34.22419366	25.90	0.0050	0.0240	-1.0200	0.01	NULL	28	0
1607	1	1	1	170803	082344.50	108.53591280	34.22419252	25.90	-0.0110	0.0180	-1.0710	0.01	NULL	28	0
1608	1	1	1	170803	082344.60	108.53590821	34.22419137	25.90	-0.0050	0.0290	-1.0190	1.44	NULL	28	0
1609	1	1	1	170803	082344.70	108.53590361	34.22419022	25.90	-0.0110	-0.0270	-1.0000	1.44	NULL	28	0
1610	1	1	1	170803	082344.80	108.53589900	34.22418907	25.90	-0.0630	0.0230	-1.0440	1.44	NULL	28	0
1611	1	1	1	170803	082344.90	108.53589440	34.22418792	25.90	-0.0420	0.0150	-1.0190	0.15	NULL	28	0
1612	1	1	1	170803	082345.00	108.53588979	34.22418676	25.90	0.0100	0.0110	-0.9290	0.15	NULL	28	0
1613	1	1	1	170803	082345.10	108.53588523	34.22418562	25.90	0.0710	-0.0570	-0.7800	0.15	NULL	28	0
1614	1	1	1	170803	082345.20	108.53588066	34.22418447	25.90	0.0160	-0.0010	-1.0660	1.76	NULL	28	0
1615	1	1	1	170803	082345.30	108.53587609	34.22418334	25.90	0.0080	0.0840	-0.9800	1.76	NULL	28	0
1616	1	1	1	170803	082345.40	108.53587152	34.22418220	25.90	0.0320	0.0190	-1.0530	1.76	NULL	28	0
1617	1	1	1	170803	082345.50	108.53586693	34.22418105	25.90	0.0260	-0.0160	-0.9530	2.02	NULL	28	0
1618	1	1	1	170803	082345.60	108.53586233	34.22417990	25.90	0.0320	0.0650	-1.0010	2.02	NULL	28	0
1619	1	1	1	170803	082345.70	108.53585776	34.22417876	25.90	-0.0320	0.0110	-1.0200	2.02	NULL	28	0
1620	1	1	1	170803	082345.80	108.53585319	34.22417761	25.90	-0.0200	-0.0410	-1.0480	1.92	NULL	28	0
1621	1	1	1	170803	082345.90	108.53584864	34.22417646	25.90	-0.0290	0.0260	-0.9420	1.92	NULL	28	0
1622	1	1	1	170803	082346.00	108.53584409	34.22417532	25.90	-0.0480	0.0260	-1.0040	1.92	NULL	28	0
1623	1	1	1	170803	082346.10	108.53583953	34.22417418	25.90	0.0220	0.0030	-1.0360	1.92	NULL	28	0
1624	1	1	1	170803	082346.20	108.53583498	34.22417304	25.90	0.0190	0.0050	-1.0440	1.92	NULL	28	0
1625	1	1	1	170803	082346.30	108.53583042	34.22417190	25.90	-0.0100	-0.0040	-0.9560	1.92	NULL	28	0
1626	1	1	1	170803	082346.40	108.53582586	34.22417076	25.90	0.0390	-0.0140	-1.0650	0.00	NULL	28	0
1627	1	1	1	170803	082346.50	108.53582130	34.22416961	25.90	0.0080	0.0260	-0.9680	0.00	NULL	28	0
1628	1	1	1	170803	082346.60	108.53581674	34.22416846	25.90	0.0010	0.0250	-1.0040	0.00	NULL	28	0
1629	1	1	1	170803	082346.70	108.53581220	34.22416733	25.90	0.0080	-0.0000	-0.9870	0.00	NULL	28	0
1630	1	1	1	170803	082346.80	108.53580764	34.22416618	25.90	-0.0150	-0.0170	-1.0400	0.00	NULL	28	0
1631	1	1	1	170803	082346.90	108.53580308	34.22416502	25.90	-0.0120	0.0250	-0.9820	0.00	NULL	28	0