346	4	2	1	170803	085422.50	108.53993151	34.22531795	51.80	0.0970	-0.0040	-0.9610	5.01	NULL	NULL	0
347	4	2	1	170803	085422.60	108.53992292	34.22531453	51.80	-0.0120	0.0350	-1.0210	5.01	NULL	NULL	0
348	4	2	1	170803	085422.70	108.53991431	34.22531108	51.80	0.0620	0.0650	-1.0120	5.63	NULL	NULL	0
349	4	2	1	170803	085422.80	108.53990491	34.22530822	51.80	0.0100	0.0600	-1.0060	5.63	NULL	NULL	0
350	4	2	1	170803	085422.90	108.53989628	34.22530475	51.80	0.0200	-0.0300	-0.9850	5.63	NULL	NULL	0
351	4	2	1	170803	085423.00	108.53988760	34.22530130	51.80	-0.0100	-0.0270	-1.0500	6.06	NULL	NULL	0
352	4	2	1	170803	085423.10	108.53987893	34.22529784	51.80	0.0390	-0.0440	-0.9160	6.06	NULL	NULL	0
353	4	2	1	170803	085423.20	108.53987020	34.22529443	51.80	0.0720	-0.0870	-0.9400	6.06	NULL	NULL	0
354	4	2	1	170803	085423.30	108.53986148	34.22529103	51.80	0.0920	0.0150	-0.9760	5.68	NULL	NULL	0
355	4	2	1	170803	085423.40	108.53985271	34.22528760	51.80	0.0840	-0.0190	-0.9680	5.68	NULL	NULL	0
356	4	2	1	170803	085423.50	108.53984395	34.22528417	51.80	0.0840	0.0130	-0.9470	5.68	NULL	NULL	0
357	4	2	1	170803	085423.60	108.53983515	34.22528074	51.80	0.0200	0.0340	-1.0250	4.42	NULL	NULL	0
358	4	2	1	170803	085423.70	108.53982630	34.22527733	53.65	0.0970	0.0250	-0.9720	4.42	NULL	NULL	0
359	4	2	1	170803	085423.80	108.53981746	34.22527391	53.65	0.1450	0.0450	-0.9730	4.42	NULL	NULL	0
360	4	2	1	170803	085423.90	108.53980858	34.22527052	53.65	0.0910	-0.0050	-1.1000	4.42	NULL	NULL	0
361	4	2	1	170803	085424.00	108.53979961	34.22526715	53.65	0.1090	0.0540	-0.9260	4.80	NULL	NULL	0
362	4	2	1	170803	085424.10	108.53979069	34.22526378	53.65	-0.0100	-0.0670	-0.9970	4.80	NULL	NULL	0
363	4	2	1	170803	085424.20	108.53978175	34.22526041	53.65	0.0250	-0.0060	-1.0200	5.91	NULL	NULL	0
364	4	2	1	170803	085424.30	108.53977277	34.22525706	53.65	-0.0810	0.0040	-1.0050	5.91	NULL	NULL	0
365	4	2	1	170803	085424.40	108.53976378	34.22525371	53.65	-0.0120	0.0360	-0.9850	5.91	NULL	NULL	0
366	4	2	1	170803	085424.50	108.53975475	34.22525040	53.65	0.1160	0.0190	-0.9610	5.91	NULL	NULL	0
367	4	2	1	170803	085424.60	108.53974571	34.22524707	53.65	0.0340	-0.1050	-1.0330	4.69	NULL	NULL	0
368	4	2	1	170803	085424.70	108.53973666	34.22524379	53.65	-0.0480	-0.0910	-0.9500	4.69	NULL	NULL	0
369	4	2	1	170803	085424.80	108.53972764	34.22524049	53.65	0.0470	0.0050	-0.9640	4.69	NULL	NULL	0
370	4	2	1	170803	085424.90	108.53971858	34.22523721	53.65	-0.1010	0.0190	-1.0120	4.08	NULL	NULL	0
371	4	2	1	170803	085425.00	108.53970945	34.22523396	53.65	-0.0100	-0.0000	-0.9390	4.08	NULL	NULL	0
372	4	2	1	170803	085425.10	108.53970037	34.22523078	53.65	0.0420	0.0940	-0.9610	4.08	NULL	NULL	0
373	4	2	1	170803	085425.20	108.53969127	34.22522758	53.65	0.0730	-0.0200	-1.0580	3.33	NULL	NULL	0
374	4	2	1	170803	085425.30	108.53968213	34.22522439	53.65	0.0380	-0.0610	-1.0510	3.33	NULL	NULL	0
375	4	2	1	170803	085425.40	108.53967302	34.22522113	53.65	0.0090	-0.0610	-1.0530	3.33	NULL	NULL	0
376	4	2	1	170803	085425.50	108.53966386	34.22521793	53.65	-0.0020	-0.0340	-1.0000	2.89	NULL	NULL	0
377	4	2	1	170803	085425.60	108.53965468	34.22521475	53.65	0.0690	0.0070	-0.9450	2.89	NULL	NULL	0
378	4	2	1	170803	085425.70	108.53964549	34.22521154	53.65	0.0650	0.0060	-1.0090	2.89	NULL	NULL	0
379	4	2	1	170803	085425.80	108.53963634	34.22520843	53.65	0.0680	0.0470	-1.0210	3.85	NULL	NULL	0
380	4	2	1	170803	085425.90	108.53962715	34.22520531	53.65	0.0670	0.0380	-1.0330	3.85	NULL	NULL	0
381	4	2	1	170803	085426.00	108.53961791	34.22520210	53.65	-0.0070	-0.0620	-1.0640	3.85	NULL	NULL	0
382	4	2	1	170803	085426.10	108.53960868	34.22519895	53.65	0.0410	-0.0920	-0.9310	4.00	NULL	NULL	0
383	4	2	1	170803	085426.20	108.53959941	34.22519589	53.65	0.0050	-0.1010	-1.0110	4.00	NULL	NULL	0
384	4	2	1	170803	085426.30	108.53959024	34.22519276	53.65	-0.0550	-0.0590	-1.1100	4.00	NULL	NULL	0
385	4	2	1	170803	085426.40	108.53958005	34.22518931	53.65	0.0000	-0.0790	-1.0610	3.95	NULL	NULL	0
386	4	2	1	170803	085426.50	108.53957079	34.22518615	53.65	-0.0440	-0.0590	-1.0170	3.95	NULL	NULL	0
387	4	2	1	170803	085426.60	108.53956156	34.22518308	53.65	0.0100	-0.0820	-0.9220	3.95	NULL	NULL	0
388	4	2	1	170803	085426.70	108.53955236	34.22517992	53.65	-0.0180	0.0080	-0.9680	3.12	NULL	NULL	0
389	4	2	1	170803	085426.80	108.53954439	34.22517702	53.65	-0.0590	-0.1170	-0.9790	3.12	NULL	NULL	0
390	4	2	1	170803	085426.90	108.53953522	34.22517386	53.65	-0.0440	-0.0460	-1.0040	3.12	NULL	NULL	0
391	4	2	1	170803	085427.00	108.53952627	34.22517067	53.65	-0.1020	-0.0730	-1.0590	2.67	NULL	NULL	0
392	4	2	1	170803	085427.10	108.53951717	34.22516745	53.65	0.0500	-0.0370	-1.0510	2.67	NULL	NULL	0
393	4	2	1	170803	085427.20	108.53950872	34.22516466	53.65	0.0050	-0.0830	-0.9480	2.67	NULL	NULL	0
394	4	2	1	170803	085427.30	108.53949964	34.22516150	51.80	-0.0420	-0.0240	-0.9570	2.12	NULL	NULL	0
395	4	2	1	170803	085427.40	108.53949007	34.22515800	53.65	-0.0270	-0.0620	-1.0210	2.12	NULL	NULL	0
396	4	2	1	170803	085427.50	108.53948089	34.22515500	53.65	0.0410	-0.0420	-1.0300	2.12	NULL	NULL	0
397	4	2	1	170803	085427.60	108.53947279	34.22515406	51.80	-0.0210	-0.0670	-1.0340	1.96	NULL	NULL	0
398	4	2	1	170803	085427.70	108.53946369	34.22515099	53.65	0.0380	-0.0580	-0.9740	1.96	NULL	NULL	0
399	4	2	1	170803	085427.80	108.53945482	34.22514828	51.80	-0.0420	-0.0760	-1.0190	1.96	NULL	NULL	0
400	4	2	1	170803	085427.90	108.53944578	34.22514514	53.65	-0.0580	-0.0540	-1.0270	1.96	NULL	NULL	0
401	4	2	1	170803	085428.00	108.53943736	34.22514171	51.80	0.0080	-0.1190	-0.9880	1.81	NULL	NULL	0
402	4	2	1	170803	085428.10	108.53942840	34.22513867	51.80	-0.0690	0.0550	-1.0360	1.81	NULL	NULL	0
403	4	2	1	170803	085428.20	108.53941820	34.22513428	51.80	0.0170	-0.0720	-1.0170	2.00	NULL	NULL	0
404	4	2	1	170803	085428.30	108.53940927	34.22513130	51.80	-0.0870	-0.0200	-0.9410	2.00	NULL	NULL	0
405	4	2	1	170803	085428.40	108.53940105	34.22512868	51.80	0.0810	-0.0180	-0.9210	2.00	NULL	NULL	0
406	4	2	1	170803	085428.50	108.53939217	34.22512572	51.80	0.0070	0.0270	-1.0550	2.00	NULL	NULL	0
407	4	2	1	170803	085428.60	108.53938221	34.22512169	51.80	0.0490	0.0270	-0.9650	1.92	NULL	NULL	0
408	4	2	1	170803	085428.70	108.53937334	34.22511876	51.80	-0.0230	-0.0200	-1.0400	1.92	NULL	NULL	0
409	4	2	1	170803	085428.80	108.53936477	34.22511600	51.80	-0.0640	-0.0230	-0.9860	1.92	NULL	NULL	0
410	4	2	1	170803	085428.90	108.53935595	34.22511312	51.80	-0.1100	-0.0020	-0.9990	1.86	NULL	NULL	0
411	4	2	1	170803	085429.00	108.53934703	34.22510978	51.80	-0.0310	-0.0480	-1.0110	1.86	NULL	NULL	0
412	4	2	1	170803	085429.10	108.53933825	34.22510696	51.80	0.0330	-0.0920	-1.0230	1.86	NULL	NULL	0
413	4	2	1	170803	085429.20	108.53932937	34.22510481	49.95	-0.0510	-0.0480	-0.9610	0.00	NULL	NULL	0
414	4	2	1	170803	085429.30	108.53932061	34.22510202	49.95	0.0520	-0.0120	-0.9980	0.00	NULL	NULL	0
415	4	2	1	170803	085429.40	108.53931184	34.22509896	49.95	0.0300	-0.0170	-0.9830	0.00	NULL	NULL	0
416	4	2	1	170803	085429.50	108.53930309	34.22509621	49.95	0.0570	0.0190	-1.0200	0.00	NULL	NULL	0
417	4	2	1	170803	085429.60	108.53929470	34.22509501	49.95	0.0510	-0.0160	-0.9630	0.00	NULL	NULL	0
418	4	2	1	170803	085429.70	108.53928594	34.22509227	49.95	-0.1720	-0.0500	-0.9840	0.00	NULL	NULL	0
419	4	2	1	170803	085429.80	108.53927735	34.22508958	49.95	-0.1510	-0.0510	-0.9430	2.05	NULL	NULL	0
420	4	2	1	170803	085429.90	108.53926860	34.22508684	49.95	0.0120	0.0260	-1.0100	2.05	NULL	NULL	0
421	4	2	1	170803	085430.00	108.53926018	34.22508534	51.80	0.0060	-0.0830	-1.0190	2.05	NULL	NULL	0
422	4	2	1	170803	085430.10	108.53925137	34.22508260	51.80	0.1480	-0.0880	-1.0260	2.93	NULL	NULL	0
423	4	2	1	170803	085430.20	108.53924194	34.22507954	51.80	0.0750	-0.1450	-1.0300	2.93	NULL	NULL	0
424	4	2	1	170803	085430.30	108.53923302	34.22507675	51.80	0.0520	-0.0770	-1.0400	2.93	NULL	NULL	0
425	4	2	1	170803	085430.40	108.53922331	34.22507205	51.80	0.1470	-0.0200	-0.9780	4.60	NULL	NULL	0
426	4	2	1	170803	085430.50	108.53921441	34.22506920	51.80	0.0340	-0.0730	-0.9810	4.60	NULL	NULL	0
427	4	2	1	170803	085430.60	108.53920562	34.22506596	51.80	-0.0240	-0.0190	-0.9680	4.60	NULL	NULL	0
428	4	2	1	170803	085430.70	108.53919665	34.22506313	51.80	-0.0500	-0.0300	-0.9760	7.50	NULL	NULL	0
429	4	2	1	170803	085430.80	108.53918773	34.22506025	51.80	0.0960	-0.1000	-0.9670	7.50	NULL	NULL	0
430	4	2	1	170803	085430.90	108.53917875	34.22505740	51.80	0.1200	-0.0010	-0.9990	7.50	NULL	NULL	0
431	4	2	1	170803	085431.00	108.53916957	34.22505488	51.80	0.0700	0.0210	-1.0120	7.99	NULL	NULL	0
432	4	2	1	170803	085431.10	108.53916053	34.22505205	51.80	0.0800	-0.0300	-0.9580	7.99	NULL	NULL	0
433	4	2	1	170803	085431.20	108.53915180	34.22504888	51.80	0.1330	-0.0040	-1.1070	7.99	NULL	NULL	0
434	4	2	1	170803	085431.30	108.53914263	34.22504599	53.65	0.0750	-0.0470	-0.9880	8.80	NULL	NULL	0
435	4	2	1	170803	085431.40	108.53913336	34.22504303	53.65	-0.0010	-0.0250	-1.0130	8.80	NULL	NULL	0
436	4	2	1	170803	085431.50	108.53912412	34.22504019	53.65	0.0910	-0.0390	-1.0550	8.80	NULL	NULL	0
437	4	2	1	170803	085431.60	108.53911475	34.22503743	53.65	0.1460	-0.0070	-1.0060	9.70	NULL	NULL	0
438	4	2	1	170803	085431.70	108.53910535	34.22503458	53.65	0.1050	0.0380	-0.9900	9.70	NULL	NULL	0
439	4	2	1	170803	085431.80	108.53909593	34.22503195	53.65	0.0350	-0.0680	-0.9740	9.70	NULL	NULL	0
440	4	2	1	170803	085431.90	108.53908649	34.22502908	53.65	-0.0610	-0.0090	-1.0010	9.70	NULL	NULL	0
441	4	2	1	170803	085432.00	108.53907689	34.22502622	55.50	0.0270	-0.0830	-0.9580	10.04	NULL	NULL	0
442	4	2	1	170803	085432.10	108.53906736	34.22502336	55.50	0.0540	-0.0340	-1.0640	10.04	NULL	NULL	0
443	4	2	1	170803	085432.20	108.53905805	34.22502000	55.50	0.0920	-0.0150	-1.0580	10.09	NULL	NULL	0
444	4	2	1	170803	085432.30	108.53904841	34.22501712	55.50	0.0730	0.0100	-1.0950	10.09	NULL	NULL	0
445	4	2	1	170803	085432.40	108.53903871	34.22501442	55.50	0.0700	-0.0470	-0.9920	10.09	NULL	NULL	0
446	4	2	1	170803	085432.50	108.53902897	34.22501153	55.50	0.0650	-0.0660	-0.9490	10.09	NULL	NULL	0
447	4	2	1	170803	085432.60	108.53901920	34.22500851	55.50	-0.0550	0.0400	-0.9080	9.78	NULL	NULL	0
448	4	2	1	170803	085432.70	108.53900946	34.22500564	55.50	0.0480	-0.0490	-0.8850	9.78	NULL	NULL	0
449	4	2	1	170803	085432.80	108.53899949	34.22500296	55.50	0.1020	0.0220	-0.9970	9.78	NULL	NULL	0
450	4	2	1	170803	085432.90	108.53898972	34.22500010	55.50	0.0720	0.0220	-1.1010	7.03	NULL	NULL	0
451	4	2	1	170803	085433.00	108.53897985	34.22499720	57.35	0.0920	-0.0590	-1.0420	7.03	NULL	NULL	0
452	4	2	1	170803	085433.10	108.53897004	34.22499432	57.35	0.0040	0.0050	-1.0910	7.03	NULL	NULL	0
453	4	2	1	170803	085433.20	108.53896012	34.22499143	57.35	-0.0150	-0.0440	-1.0030	6.57	NULL	NULL	0
454	4	2	1	170803	085433.30	108.53895020	34.22498856	57.35	-0.0820	-0.0320	-0.9730	6.57	NULL	NULL	0
455	4	2	1	170803	085433.40	108.53894099	34.22498557	57.35	-0.0460	0.0060	-0.9850	6.57	NULL	NULL	0
456	4	2	1	170803	085433.50	108.53893109	34.22498269	57.35	0.0740	-0.0900	-0.9550	6.10	NULL	NULL	0
457	4	2	1	170803	085433.60	108.53892131	34.22497977	57.35	-0.0630	-0.0450	-0.9970	6.10	NULL	NULL	0
458	4	2	1	170803	085433.70	108.53891137	34.22497691	57.35	0.0060	0.0100	-1.0050	6.10	NULL	NULL	0
459	4	2	1	170803	085433.80	108.53890144	34.22497404	57.35	0.0640	0.0230	-1.0510	5.38	NULL	NULL	0
460	4	2	1	170803	085433.90	108.53889145	34.22497120	57.35	0.0320	-0.0050	-1.0180	5.38	NULL	NULL	0
461	4	2	1	170803	085434.00	108.53888147	34.22496839	57.35	0.0210	0.0120	-0.9580	5.38	NULL	NULL	0
462	4	2	1	170803	085434.10	108.53887152	34.22496556	57.35	0.0000	-0.0860	-0.8640	3.41	NULL	NULL	0
463	4	2	1	170803	085434.20	108.53886158	34.22496269	57.35	-0.0350	0.0060	-1.0340	3.41	NULL	NULL	0
464	4	2	1	170803	085434.30	108.53885164	34.22495993	57.35	0.0350	-0.0440	-0.9920	3.41	NULL	NULL	0
465	4	2	1	170803	085434.40	108.53884171	34.22495708	57.35	0.0050	-0.0240	-1.0470	2.88	NULL	NULL	0
466	4	2	1	170803	085434.50	108.53883173	34.22495436	57.35	0.0060	-0.0060	-1.0420	2.88	NULL	NULL	0
467	4	2	1	170803	085434.60	108.53882184	34.22495161	57.35	-0.0670	-0.0270	-1.0700	2.88	NULL	NULL	0
468	4	2	1	170803	085434.70	108.53881190	34.22494889	57.35	0.0150	0.0300	-1.0540	2.75	NULL	NULL	0
469	4	2	1	170803	085434.80	108.53880195	34.22494616	57.35	0.0210	-0.0070	-0.9940	2.75	NULL	NULL	0
470	4	2	1	170803	085434.90	108.53879196	34.22494343	57.35	0.0240	-0.0300	-0.9650	2.75	NULL	NULL	0
471	4	2	1	170803	085435.00	108.53878203	34.22494073	57.35	-0.0710	0.0460	-0.8860	2.47	NULL	NULL	0
472	4	2	1	170803	085435.10	108.53877218	34.22493803	55.50	-0.0170	-0.0060	-0.9430	2.47	NULL	NULL	0
473	4	2	1	170803	085435.20	108.53876236	34.22493536	55.50	-0.0340	-0.0340	-1.1150	2.47	NULL	NULL	0
474	4	2	1	170803	085435.30	108.53875246	34.22493270	57.35	-0.0860	0.0410	-1.1310	2.20	NULL	NULL	0
475	4	2	1	170803	085435.40	108.53874260	34.22493000	55.50	-0.0510	-0.0890	-1.0300	2.20	NULL	NULL	0
476	4	2	1	170803	085435.50	108.53873273	34.22492733	55.50	-0.1140	-0.0590	-0.8510	2.20	NULL	NULL	0
477	4	2	1	170803	085435.60	108.53872295	34.22492461	55.50	-0.0770	0.0070	-0.9380	2.13	NULL	NULL	0
478	4	2	1	170803	085435.70	108.53871317	34.22492190	55.50	-0.0440	0.0120	-0.8780	2.13	NULL	NULL	0
479	4	2	1	170803	085435.80	108.53870342	34.22491922	55.50	0.0310	-0.0100	-0.9520	2.13	NULL	NULL	0
480	4	2	1	170803	085435.90	108.53869368	34.22491653	55.50	0.0100	-0.0040	-1.0510	2.13	NULL	NULL	0
481	4	2	1	170803	085436.00	108.53868394	34.22491384	55.50	0.0150	-0.0480	-1.0400	2.05	NULL	NULL	0
482	4	2	1	170803	085436.10	108.53867423	34.22491115	55.50	-0.0010	-0.0330	-0.9860	2.05	NULL	NULL	0
483	4	2	1	170803	085436.20	108.53866453	34.22490844	55.50	0.1170	-0.0240	-1.0450	1.97	NULL	NULL	0
484	4	2	1	170803	085436.30	108.53865477	34.22490574	55.50	0.0770	-0.1190	-0.9460	1.97	NULL	NULL	0
485	4	2	1	170803	085436.40	108.53864506	34.22490303	55.50	-0.0090	-0.0140	-0.8470	1.97	NULL	NULL	0
486	4	2	1	170803	085436.50	108.53863542	34.22490027	55.50	-0.0990	-0.0380	-0.9120	1.97	NULL	NULL	0
487	4	2	1	170803	085436.60	108.53862573	34.22489763	55.50	-0.0570	0.0430	-0.9520	1.90	NULL	NULL	0
488	4	2	1	170803	085436.70	108.53861604	34.22489494	55.50	0.0750	-0.0060	-0.9440	1.90	NULL	NULL	0
489	4	2	1	170803	085436.80	108.53860633	34.22489228	55.50	0.0720	0.0640	-1.1560	1.90	NULL	NULL	0
490	4	2	1	170803	085436.90	108.53859665	34.22488957	55.50	0.0890	-0.0460	-1.1260	2.09	NULL	NULL	0
491	4	2	1	170803	085437.00	108.53858683	34.22488692	55.50	0.0660	0.0800	-1.0310	2.09	NULL	NULL	0
492	4	2	1	170803	085437.10	108.53857706	34.22488423	55.50	-0.1020	0.0080	-0.9670	2.09	NULL	NULL	0
493	4	2	1	170803	085437.20	108.53856720	34.22488169	55.50	-0.0590	0.0130	-0.9660	3.08	NULL	NULL	0
494	4	2	1	170803	085437.30	108.53855745	34.22487900	55.50	0.0620	0.0400	-0.9450	3.08	NULL	NULL	0
495	4	2	1	170803	085437.40	108.53854761	34.22487640	55.50	-0.0110	-0.0300	-1.0190	3.08	NULL	NULL	0
496	4	2	1	170803	085437.50	108.53853788	34.22487370	55.50	0.0380	-0.0670	-0.9700	3.47	NULL	NULL	0
497	4	2	1	170803	085437.60	108.53852816	34.22487098	55.50	0.0740	0.0030	-1.0830	3.47	NULL	NULL	0
498	4	2	1	170803	085437.70	108.53851835	34.22486833	55.50	0.0180	-0.0660	-1.1050	3.47	NULL	NULL	0
499	4	2	1	170803	085437.80	108.53850857	34.22486551	55.50	0.1730	0.1080	-1.0650	2.75	NULL	NULL	0
500	4	2	1	170803	085437.90	108.53849880	34.22486281	55.50	0.1120	0.0140	-0.8610	2.75	NULL	NULL	0
501	4	2	1	170803	085438.00	108.53848910	34.22486006	55.50	0.2250	0.0190	-0.9570	2.75	NULL	NULL	0
502	4	2	1	170803	085438.10	108.53847927	34.22485735	55.50	0.0130	-0.0910	-0.7260	2.56	NULL	NULL	0
503	4	2	1	170803	085438.20	108.53846940	34.22485475	55.50	-0.0230	0.0880	-1.0570	2.56	NULL	NULL	0
504	4	2	1	170803	085438.30	108.53845963	34.22485202	55.50	0.0650	-0.0440	-1.0770	2.56	NULL	NULL	0
505	4	2	1	170803	085438.40	108.53844985	34.22484930	55.50	0.0720	-0.0050	-1.1590	2.63	NULL	NULL	0
506	4	2	1	170803	085438.50	108.53843993	34.22484652	57.35	0.0280	-0.0340	-1.1380	2.63	NULL	NULL	0
507	4	2	1	170803	085438.60	108.53843006	34.22484366	57.35	-0.0080	-0.0480	-0.9420	2.63	NULL	NULL	0
508	4	2	1	170803	085438.70	108.53842010	34.22484086	57.35	-0.0180	0.0310	-0.8670	3.43	NULL	NULL	0
509	4	2	1	170803	085438.80	108.53841022	34.22483802	57.35	0.1030	0.0200	-0.9410	3.43	NULL	NULL	0
510	4	2	1	170803	085438.90	108.53840026	34.22483533	57.35	0.0880	-0.0650	-1.0310	3.43	NULL	NULL	0
511	4	2	1	170803	085439.00	108.53839026	34.22483254	57.35	-0.0030	0.0170	-1.0230	5.27	NULL	NULL	0
512	4	2	1	170803	085439.10	108.53838030	34.22482972	57.35	0.0890	-0.0240	-1.0610	5.27	NULL	NULL	0
513	4	2	1	170803	085439.20	108.53837026	34.22482696	57.35	0.0670	0.0120	-1.0650	5.27	NULL	NULL	0
514	4	2	1	170803	085439.30	108.53836013	34.22482420	57.35	0.1970	0.0800	-0.9510	5.38	NULL	NULL	0
515	4	2	1	170803	085439.40	108.53835009	34.22482136	57.35	0.1590	-0.0670	-0.8330	5.38	NULL	NULL	0
516	4	2	1	170803	085439.50	108.53834009	34.22481853	57.35	-0.0650	-0.0500	-1.0500	5.38	NULL	NULL	0
517	4	2	1	170803	085439.60	108.53832999	34.22481581	57.35	-0.1210	-0.0250	-1.0220	3.78	NULL	NULL	0
518	4	2	1	170803	085439.70	108.53831988	34.22481306	57.35	-0.0320	-0.0300	-1.0210	3.78	NULL	NULL	0
519	4	2	1	170803	085439.80	108.53830985	34.22481016	57.35	0.0760	0.0080	-1.0430	3.78	NULL	NULL	0
520	4	2	1	170803	085439.90	108.53829976	34.22480739	57.35	0.0920	0.0160	-1.1170	3.78	NULL	NULL	0
521	4	2	1	170803	085440.00	108.53828962	34.22480490	57.35	-0.0340	-0.0750	-0.9870	3.23	NULL	NULL	0
522	4	2	1	170803	085440.10	108.53827945	34.22480207	57.35	-0.0090	-0.0250	-0.9590	3.23	NULL	NULL	0
523	4	2	1	170803	085440.20	108.53826850	34.22479928	57.35	0.0210	-0.0100	-0.8950	3.32	NULL	NULL	0
524	4	2	1	170803	085440.30	108.53825839	34.22479639	57.35	-0.0060	-0.0260	-1.0810	3.32	NULL	NULL	0
525	4	2	1	170803	085440.40	108.53824811	34.22479363	57.35	0.0630	-0.0630	-1.0140	3.32	NULL	NULL	0
526	4	2	1	170803	085440.50	108.53823791	34.22479075	59.20	0.0130	-0.0380	-1.0280	3.32	NULL	NULL	0
527	4	2	1	170803	085440.60	108.53822778	34.22478827	57.35	0.0930	0.0170	-1.0120	3.75	NULL	NULL	0
528	4	2	1	170803	085440.70	108.53821761	34.22478541	59.20	-0.0460	-0.0130	-1.0500	3.75	NULL	NULL	0
529	4	2	1	170803	085440.80	108.53820733	34.22478273	59.20	0.0080	-0.1040	-1.0650	3.75	NULL	NULL	0
530	4	2	1	170803	085440.90	108.53819715	34.22477988	59.20	-0.0490	0.0170	-0.9930	3.42	NULL	NULL	0
531	4	2	1	170803	085441.00	108.53818716	34.22477656	57.35	0.0530	-0.0610	-0.9900	3.42	NULL	NULL	0
532	4	2	1	170803	085441.10	108.53817705	34.22477374	57.35	-0.0120	-0.0080	-1.0880	3.42	NULL	NULL	0
533	4	2	1	170803	085441.20	108.53816690	34.22477095	57.35	-0.0720	0.0150	-1.0030	2.25	NULL	NULL	0
534	4	2	1	170803	085441.30	108.53815674	34.22476811	57.35	-0.0590	-0.0060	-0.9720	2.25	NULL	NULL	0
535	4	2	1	170803	085441.40	108.53814666	34.22476537	57.35	-0.0420	-0.0050	-1.0770	2.25	NULL	NULL	0
536	4	2	1	170803	085441.50	108.53813656	34.22476247	57.35	0.0040	-0.0360	-0.9910	1.77	NULL	NULL	0
537	4	2	1	170803	085441.60	108.53812649	34.22475990	57.35	0.0160	0.0630	-1.0360	1.77	NULL	NULL	0
538	4	2	1	170803	085441.70	108.53811641	34.22475711	57.35	-0.0740	0.0310	-1.0700	1.77	NULL	NULL	0
539	4	2	1	170803	085441.80	108.53810631	34.22475396	57.35	-0.0300	-0.0070	-0.9390	1.64	NULL	NULL	0
540	4	2	1	170803	085441.90	108.53809625	34.22475115	57.35	-0.0260	0.0340	-1.0290	1.64	NULL	NULL	0
541	4	2	1	170803	085442.00	108.53808614	34.22474860	57.35	-0.0750	-0.0110	-0.9300	1.64	NULL	NULL	0
542	4	2	1	170803	085442.10	108.53807609	34.22474582	57.35	-0.0400	0.0750	-0.9490	1.42	NULL	NULL	0
543	4	2	1	170803	085442.20	108.53806616	34.22474261	57.35	0.0000	0.1170	-0.9740	1.42	NULL	NULL	0
544	4	2	1	170803	085442.30	108.53805616	34.22473984	57.35	0.0070	-0.0120	-0.9960	1.42	NULL	NULL	0
545	4	2	1	170803	085442.40	108.53804618	34.22473751	57.35	-0.0430	-0.0060	-1.0420	1.48	NULL	NULL	0
546	4	2	1	170803	085442.50	108.53803616	34.22473478	57.35	-0.0880	0.0930	-1.0050	1.48	NULL	NULL	0
547	4	2	1	170803	085442.60	108.53802618	34.22473188	57.35	-0.0690	0.1070	-0.9960	1.48	NULL	NULL	0
548	4	2	1	170803	085442.70	108.53801623	34.22472918	57.35	-0.0860	0.0140	-1.0190	1.42	NULL	NULL	0
549	4	2	1	170803	085442.80	108.53800613	34.22472660	57.35	-0.0180	-0.0450	-1.0100	1.42	NULL	NULL	0
550	4	2	1	170803	085442.90	108.53799621	34.22472394	57.35	-0.0300	0.0670	-1.0630	1.42	NULL	NULL	0
551	4	2	1	170803	085443.00	108.53798625	34.22472136	57.35	-0.0710	0.0800	-1.0110	1.20	NULL	NULL	0
552	4	2	1	170803	085443.10	108.53797634	34.22471880	55.50	-0.0780	-0.0270	-0.9240	1.20	NULL	NULL	0
553	4	2	1	170803	085443.20	108.53796640	34.22471710	55.50	-0.0040	0.0810	-1.0040	1.20	NULL	NULL	0
554	4	2	1	170803	085443.30	108.53795655	34.22471456	55.50	-0.0470	0.0120	-0.9820	1.20	NULL	NULL	0
555	4	2	1	170803	085443.40	108.53794674	34.22471141	55.50	-0.0800	-0.0190	-1.0100	1.20	NULL	NULL	0
556	4	2	1	170803	085443.50	108.53793691	34.22470886	55.50	-0.0690	-0.0220	-0.9450	1.20	NULL	NULL	0
557	4	2	1	170803	085443.60	108.53792705	34.22470620	55.50	-0.1180	0.0050	-1.0480	0.00	NULL	NULL	0
558	4	2	1	170803	085443.70	108.53791728	34.22470369	55.50	-0.0540	0.0870	-1.0010	0.00	NULL	NULL	0
559	4	2	1	170803	085443.80	108.53790749	34.22470114	55.50	-0.0500	-0.0850	-0.9910	0.00	NULL	NULL	0
560	4	2	1	170803	085443.90	108.53789775	34.22469864	55.50	-0.0080	0.0380	-1.0290	0.00	NULL	NULL	0
561	4	2	1	170803	085444.00	108.53788802	34.22469653	55.50	-0.0140	0.0130	-1.0220	0.00	NULL	NULL	0
562	4	2	1	170803	085444.10	108.53787832	34.22469402	55.50	-0.0680	0.0250	-1.0160	0.00	NULL	NULL	0
563	4	2	1	170803	085444.20	108.53786861	34.22469134	55.50	-0.0920	-0.0490	-0.9540	0.00	NULL	NULL	0
564	4	2	1	170803	085444.30	108.53785896	34.22468884	55.50	-0.1240	-0.0260	-0.9600	0.00	NULL	NULL	0
565	4	2	1	170803	085444.40	108.53784936	34.22468602	53.65	-0.0980	0.0440	-0.9960	0.00	NULL	NULL	0
566	4	2	1	170803	085444.50	108.53783979	34.22468349	53.65	-0.0560	0.0110	-1.0100	0.00	NULL	NULL	0
567	4	2	1	170803	085444.60	108.53783020	34.22468099	53.65	-0.0530	-0.0170	-1.0210	0.00	NULL	NULL	0
568	4	2	1	170803	085444.70	108.53782063	34.22467848	53.65	-0.0580	-0.0640	-1.0180	0.00	NULL	NULL	0
569	4	2	1	170803	085444.80	108.53781113	34.22467593	53.65	-0.0020	-0.0630	-0.9660	0.00	NULL	NULL	0
570	4	2	1	170803	085444.90	108.53780166	34.22467342	53.65	-0.0460	-0.0490	-0.9220	0.00	NULL	NULL	0
571	4	2	1	170803	085445.00	108.53779218	34.22467098	53.65	-0.0350	-0.0230	-0.9470	0.00	NULL	NULL	0
572	4	2	1	170803	085445.10	108.53778277	34.22466850	53.65	-0.0210	-0.0280	-0.9820	0.00	NULL	NULL	0
573	4	2	1	170803	085445.20	108.53777338	34.22466603	53.65	-0.0080	0.0560	-0.9550	0.00	NULL	NULL	0
574	4	2	1	170803	085445.30	108.53776398	34.22466353	53.65	0.0200	0.1200	-0.9700	0.00	NULL	NULL	0
575	4	2	1	170803	085445.40	108.53775468	34.22466085	53.65	0.0310	0.0060	-1.0060	0.00	NULL	NULL	0
576	4	2	1	170803	085445.50	108.53774529	34.22465837	53.65	-0.0630	0.0980	-1.0420	0.00	NULL	NULL	0
577	4	2	1	170803	085445.60	108.53773591	34.22465586	53.65	-0.0220	0.0350	-0.9970	0.00	NULL	NULL	0
578	4	2	1	170803	085445.70	108.53772656	34.22465339	53.65	0.0160	-0.0690	-0.9480	0.00	NULL	NULL	0
579	4	2	1	170803	085445.80	108.53771730	34.22465083	53.65	0.0730	0.0330	-1.0580	2.07	NULL	NULL	0
580	4	2	1	170803	085445.90	108.53770798	34.22464838	53.65	0.0540	0.0360	-0.9880	2.07	NULL	NULL	0
581	4	2	1	170803	085446.00	108.53769859	34.22464603	53.65	0.0760	-0.0310	-1.1020	2.07	NULL	NULL	0
582	4	2	1	170803	085446.10	108.53768923	34.22464361	53.65	-0.0030	0.0250	-0.9920	2.14	NULL	NULL	0
583	4	2	1	170803	085446.20	108.53767988	34.22464114	53.65	0.1460	0.0820	-1.0040	2.14	NULL	NULL	0
584	4	2	1	170803	085446.30	108.53767049	34.22463876	53.65	0.2490	0.0040	-0.9990	2.14	NULL	NULL	0
585	4	2	1	170803	085446.40	108.53766105	34.22463630	53.65	0.2360	0.0200	-0.9590	2.84	NULL	NULL	0
586	4	2	1	170803	085446.50	108.53765158	34.22463388	53.65	-0.0380	-0.0030	-0.9560	2.84	NULL	NULL	0
587	4	2	1	170803	085446.60	108.53764208	34.22463156	53.65	0.0460	-0.0190	-0.9840	2.84	NULL	NULL	0
588	4	2	1	170803	085446.70	108.53763259	34.22462916	53.65	-0.0670	-0.0290	-1.0430	4.76	NULL	NULL	0
589	4	2	1	170803	085446.80	108.53762312	34.22462663	53.65	0.0090	-0.0160	-0.9690	4.76	NULL	NULL	0
590	4	2	1	170803	085446.90	108.53761357	34.22462421	53.65	0.1180	-0.0470	-0.9520	4.76	NULL	NULL	0
591	4	2	1	170803	085447.00	108.53760395	34.22462194	53.65	-0.0120	-0.0080	-1.0300	5.88	NULL	NULL	0
592	4	2	1	170803	085447.10	108.53759433	34.22461953	53.65	0.1200	0.0340	-1.0560	5.88	NULL	NULL	0
593	4	2	1	170803	085447.20	108.53758481	34.22461687	53.65	0.0760	-0.0010	-1.0000	5.88	NULL	NULL	0
594	4	2	1	170803	085447.30	108.53757514	34.22461441	55.50	-0.0840	0.0060	-1.0730	5.80	NULL	NULL	0
595	4	2	1	170803	085447.40	108.53756547	34.22461195	55.50	-0.0610	0.0300	-0.9760	5.80	NULL	NULL	0
596	4	2	1	170803	085447.50	108.53755580	34.22460948	55.50	-0.0130	-0.0160	-1.0190	5.80	NULL	NULL	0
597	4	2	1	170803	085447.60	108.53754606	34.22460703	55.50	0.0900	-0.0970	-0.9570	6.05	NULL	NULL	0
598	4	2	1	170803	085447.70	108.53753632	34.22460455	55.50	0.1460	-0.0230	-0.9780	6.05	NULL	NULL	0
599	4	2	1	170803	085447.80	108.53752649	34.22460219	55.50	0.1150	-0.0590	-1.0100	6.05	NULL	NULL	0
600	4	2	1	170803	085447.90	108.53751669	34.22459969	55.50	0.0980	-0.0290	-0.9940	6.05	NULL	NULL	0
601	4	2	1	170803	085448.00	108.53750684	34.22459733	55.50	0.0570	0.0760	-0.9610	6.14	NULL	NULL	0
602	4	2	1	170803	085448.10	108.53749700	34.22459481	55.50	-0.0220	-0.0420	-0.9860	6.14	NULL	NULL	0
603	4	2	1	170803	085448.20	108.53748723	34.22459211	55.50	-0.0440	-0.0510	-1.0030	5.27	NULL	NULL	0
604	4	2	1	170803	085448.30	108.53747735	34.22458961	55.50	0.0310	-0.0450	-0.8990	5.27	NULL	NULL	0
605	4	2	1	170803	085448.40	108.53746754	34.22458695	55.50	0.0490	0.0510	-1.0090	5.27	NULL	NULL	0
606	4	2	1	170803	085448.50	108.53745767	34.22458445	55.50	0.0670	0.0130	-1.1280	5.27	NULL	NULL	0
607	4	2	1	170803	085448.60	108.53744778	34.22458187	55.50	0.1350	0.0040	-1.0010	4.90	NULL	NULL	0
608	4	2	1	170803	085448.70	108.53743783	34.22457931	57.35	0.0730	-0.0820	-1.0190	4.90	NULL	NULL	0
609	4	2	1	170803	085448.80	108.53742782	34.22457682	57.35	0.0520	-0.0660	-1.0110	4.90	NULL	NULL	0
610	4	2	1	170803	085448.90	108.53741786	34.22457423	57.35	-0.0160	-0.0380	-0.9250	4.99	NULL	NULL	0
611	4	2	1	170803	085449.00	108.53740789	34.22457165	57.35	-0.0390	-0.0510	-1.0550	4.99	NULL	NULL	0
612	4	2	1	170803	085449.10	108.53739790	34.22456912	57.35	0.0800	-0.0190	-1.0230	4.99	NULL	NULL	0
613	4	2	1	170803	085449.20	108.53738785	34.22456650	57.35	0.1050	-0.0250	-1.0350	5.32	NULL	NULL	0
614	4	2	1	170803	085449.30	108.53737779	34.22456393	57.35	0.0670	-0.0180	-0.9730	5.32	NULL	NULL	0
615	4	2	1	170803	085449.40	108.53736776	34.22456131	57.35	0.0080	-0.0570	-1.0110	5.32	NULL	NULL	0
616	4	2	1	170803	085449.50	108.53735770	34.22455869	57.35	-0.0940	0.0240	-0.9610	6.08	NULL	NULL	0
617	4	2	1	170803	085449.60	108.53734765	34.22455613	57.35	0.0260	-0.0570	-0.9260	6.08	NULL	NULL	0
618	4	2	1	170803	085449.70	108.53733758	34.22455352	57.35	0.0470	0.0310	-0.9920	6.08	NULL	NULL	0
619	4	2	1	170803	085449.80	108.53732749	34.22455094	57.35	0.0440	-0.0020	-0.9720	4.70	NULL	NULL	0
620	4	2	1	170803	085449.90	108.53731744	34.22454834	57.35	0.0280	0.0040	-0.9460	4.70	NULL	NULL	0
621	4	2	1	170803	085450.00	108.53730743	34.22454570	57.35	0.0760	0.0350	-0.9390	4.70	NULL	NULL	0
622	4	2	1	170803	085450.10	108.53729741	34.22454311	57.35	-0.0980	0.0620	-1.0360	3.75	NULL	NULL	0
623	4	2	1	170803	085450.20	108.53728743	34.22454052	57.35	-0.0510	0.0120	-0.9960	3.75	NULL	NULL	0
624	4	2	1	170803	085450.30	108.53727744	34.22453794	57.35	-0.0370	0.0070	-1.0840	3.75	NULL	NULL	0
625	4	2	1	170803	085450.40	108.53726737	34.22453539	57.35	-0.0480	-0.0300	-0.9590	2.68	NULL	NULL	0
626	4	2	1	170803	085450.50	108.53725738	34.22453280	57.35	-0.0840	-0.0080	-0.8900	2.68	NULL	NULL	0
627	4	2	1	170803	085450.60	108.53724750	34.22453019	55.50	-0.1060	0.0290	-0.9710	2.68	NULL	NULL	0
628	4	2	1	170803	085450.70	108.53723762	34.22452763	55.50	-0.1140	-0.0190	-0.9780	2.45	NULL	NULL	0
629	4	2	1	170803	085450.80	108.53722775	34.22452511	55.50	-0.1640	0.0160	-1.2190	2.45	NULL	NULL	0
630	4	2	1	170803	085450.90	108.53721786	34.22452257	55.50	-0.0730	0.0420	-1.0980	2.45	NULL	NULL	0
631	4	2	1	170803	085451.00	108.53720799	34.22451997	55.50	-0.3070	-0.0440	-0.9860	2.19	NULL	NULL	0
632	4	2	1	170803	085451.10	108.53719798	34.22451739	57.35	0.2570	0.0030	-0.7810	2.19	NULL	NULL	0
633	4	2	1	170803	085451.20	108.53718817	34.22451487	55.50	-0.1220	-0.0710	-0.0390	2.19	NULL	NULL	0
634	4	2	1	170803	085451.30	108.53717856	34.22451232	55.50	0.6610	-0.1900	-1.3550	2.00	NULL	NULL	0
635	4	2	1	170803	085451.40	108.53716884	34.22450976	55.50	-0.4520	-0.1260	-1.0490	2.00	NULL	NULL	0
636	4	2	1	170803	085451.50	108.53715915	34.22450720	55.50	-0.0820	-0.0360	-1.3260	2.00	NULL	NULL	0
637	4	2	1	170803	085451.60	108.53714941	34.22450465	55.50	0.1450	0.0390	-1.1550	2.11	NULL	NULL	0
638	4	2	1	170803	085451.70	108.53713967	34.22450211	55.50	0.0020	-0.0340	-0.9410	2.11	NULL	NULL	0
639	4	2	1	170803	085451.80	108.53712995	34.22449971	55.50	-0.0500	-0.0070	-0.9330	2.11	NULL	NULL	0
640	4	2	1	170803	085451.90	108.53712035	34.22449718	55.50	-0.0830	-0.0010	-0.9190	2.11	NULL	NULL	0
641	4	2	1	170803	085452.00	108.53711084	34.22449447	53.65	-0.1160	0.0100	-1.0540	1.96	NULL	NULL	0
642	4	2	1	170803	085452.10	108.53710126	34.22449197	53.65	0.1310	0.0330	-1.0210	1.96	NULL	NULL	0
643	4	2	1	170803	085452.20	108.53709164	34.22448957	53.65	-0.0220	-0.0400	-1.0900	1.95	NULL	NULL	0
644	4	2	1	170803	085452.30	108.53708202	34.22448705	55.50	-0.0180	-0.0460	-0.9780	1.95	NULL	NULL	0
645	4	2	1	170803	085452.40	108.53707253	34.22448439	53.65	-0.0600	0.0230	-0.9310	1.95	NULL	NULL	0
646	4	2	1	170803	085452.50	108.53706295	34.22448189	53.65	-0.0720	0.0250	-1.0170	1.95	NULL	NULL	0
647	4	2	1	170803	085452.60	108.53705335	34.22447943	53.65	-0.0480	0.1030	-0.8770	2.05	NULL	NULL	0
648	4	2	1	170803	085452.70	108.53704368	34.22447692	55.50	0.0550	0.0550	-0.9690	2.05	NULL	NULL	0
649	4	2	1	170803	085452.80	108.53703405	34.22447443	55.50	0.1450	0.0010	-0.9920	2.05	NULL	NULL	0
650	4	2	1	170803	085452.90	108.53702442	34.22447199	55.50	0.1300	0.0730	-1.0500	3.55	NULL	NULL	0
651	4	2	1	170803	085453.00	108.53701469	34.22446953	55.50	0.0910	0.0430	-1.0450	3.55	NULL	NULL	0
652	4	2	1	170803	085453.10	108.53700493	34.22446709	55.50	0.0420	0.0570	-1.1080	3.55	NULL	NULL	0
653	4	2	1	170803	085453.20	108.53699513	34.22446464	55.50	-0.0830	0.0150	-0.9430	5.57	NULL	NULL	0
654	4	2	1	170803	085453.30	108.53698534	34.22446219	55.50	-0.0140	-0.0050	-0.9900	5.57	NULL	NULL	0
655	4	2	1	170803	085453.40	108.53697577	34.22445959	55.50	0.1060	-0.0420	-1.0440	5.57	NULL	NULL	0
656	4	2	1	170803	085453.50	108.53696593	34.22445716	55.50	0.0340	0.0110	-1.0090	6.30	NULL	NULL	0
657	4	2	1	170803	085453.60	108.53695625	34.22445469	55.50	-0.0070	-0.0000	-1.0180	6.30	NULL	NULL	0
658	4	2	1	170803	085453.70	108.53694635	34.22445218	55.50	-0.0370	0.0240	-1.0220	6.30	NULL	NULL	0
659	4	2	1	170803	085453.80	108.53693834	34.22445309	55.50	0.0050	0.0200	-1.0140	6.40	NULL	NULL	0
660	4	2	1	170803	085453.90	108.53692846	34.22445060	55.50	0.0580	0.0470	-1.0900	6.40	NULL	NULL	0
661	4	2	1	170803	085454.00	108.53691669	34.22444486	57.35	0.0440	-0.0810	-0.9320	6.40	NULL	NULL	0
662	4	2	1	170803	085454.10	108.53690668	34.22444237	57.35	-0.0100	0.0580	-0.9950	6.42	NULL	NULL	0
663	4	2	1	170803	085454.20	108.53689747	34.22444153	57.35	-0.0120	-0.0210	-0.9570	6.42	NULL	NULL	0
664	4	2	1	170803	085454.30	108.53688744	34.22443899	57.35	0.0450	0.0120	-0.9000	6.42	NULL	NULL	0
665	4	2	1	170803	085454.40	108.53687691	34.22443593	57.35	0.1020	0.0350	-1.0070	6.64	NULL	NULL	0
666	4	2	1	170803	085454.50	108.53686686	34.22443342	55.50	0.1310	0.0280	-0.9800	6.64	NULL	NULL	0
667	4	2	1	170803	085454.60	108.53685496	34.22442684	57.35	0.0380	0.0490	-0.9610	6.64	NULL	NULL	0
668	4	2	1	170803	085454.70	108.53684493	34.22442434	57.35	0.0520	0.0210	-1.0150	4.63	NULL	NULL	0
669	4	2	1	170803	085454.80	108.53683539	34.22442330	57.35	-0.0030	0.0430	-1.1130	4.63	NULL	NULL	0
670	4	2	1	170803	085454.90	108.53682527	34.22442072	57.35	0.0640	-0.0240	-0.9450	4.63	NULL	NULL	0
671	4	2	1	170803	085455.00	108.53681593	34.22441979	57.35	0.0420	0.0040	-0.9170	4.01	NULL	NULL	0
672	4	2	1	170803	085455.10	108.53680591	34.22441730	57.35	-0.0200	-0.0360	-1.0010	4.01	NULL	NULL	0
673	4	2	1	170803	085455.20	108.53679568	34.22441421	57.35	0.0530	-0.0170	-1.0000	4.01	NULL	NULL	0
674	4	2	1	170803	085455.30	108.53678567	34.22441172	57.35	0.0680	-0.0340	-1.0900	3.21	NULL	NULL	0
675	4	2	1	170803	085455.40	108.53677453	34.22440749	57.35	-0.0210	0.0180	-1.1290	3.21	NULL	NULL	0
676	4	2	1	170803	085455.50	108.53676455	34.22440508	57.35	-0.0610	-0.0250	-0.9600	3.21	NULL	NULL	0
677	4	2	1	170803	085455.60	108.53675563	34.22440499	55.50	-0.0290	-0.0210	-1.0580	2.67	NULL	NULL	0
678	4	2	1	170803	085455.70	108.53674563	34.22440255	57.35	-0.0500	0.0480	-1.0660	2.67	NULL	NULL	0
679	4	2	1	170803	085455.80	108.53673571	34.22439975	57.35	0.0160	-0.0080	-0.9250	2.67	NULL	NULL	0
680	4	2	1	170803	085455.90	108.53672576	34.22439732	55.50	-0.0900	0.0150	-0.9060	2.67	NULL	NULL	0
681	4	2	1	170803	085456.00	108.53671540	34.22439586	55.50	-0.0230	-0.0110	-0.9540	2.26	NULL	NULL	0
682	4	2	1	170803	085456.10	108.53670549	34.22439338	55.50	-0.0420	-0.0100	-1.0420	2.26	NULL	NULL	0
683	4	2	1	170803	085456.20	108.53669557	34.22439093	55.50	-0.0560	-0.0320	-1.0480	2.05	NULL	NULL	0
684	4	2	1	170803	085456.30	108.53668568	34.22438851	55.50	-0.0420	-0.0600	-0.9740	2.05	NULL	NULL	0
685	4	2	1	170803	085456.40	108.53667569	34.22438607	55.50	0.0210	0.0010	-0.9850	2.05	NULL	NULL	0
686	4	2	1	170803	085456.50	108.53666587	34.22438364	55.50	-0.0260	-0.0060	-1.1140	2.05	NULL	NULL	0
687	4	2	1	170803	085456.60	108.53665601	34.22438112	55.50	-0.0850	0.0180	-0.9530	1.85	NULL	NULL	0
688	4	2	1	170803	085456.70	108.53664623	34.22437863	55.50	-0.1180	-0.0440	-0.9910	1.85	NULL	NULL	0
689	4	2	1	170803	085456.80	108.53663644	34.22437614	55.50	0.0690	0.0370	-1.0600	1.85	NULL	NULL	0
690	4	2	1	170803	085456.90	108.53662662	34.22437369	55.50	-0.0130	-0.0000	-0.9620	2.04	NULL	NULL	0
691	4	2	1	170803	085457.00	108.53661688	34.22437134	55.50	-0.0150	-0.0480	-0.9610	2.04	NULL	NULL	0
692	4	2	1	170803	085457.10	108.53660713	34.22436889	55.50	-0.0420	0.0140	-1.0000	2.04	NULL	NULL	0
693	4	2	1	170803	085457.20	108.53659755	34.22436646	55.50	-0.0090	-0.0220	-0.9610	2.10	NULL	NULL	0
694	4	2	1	170803	085457.30	108.53658782	34.22436397	55.50	0.0360	-0.0230	-1.0090	2.10	NULL	NULL	0
695	4	2	1	170803	085457.40	108.53657814	34.22436121	55.50	0.0210	-0.0780	-0.9940	2.10	NULL	NULL	0
696	4	2	1	170803	085457.50	108.53656844	34.22435869	55.50	-0.0580	0.0110	-0.9180	2.48	NULL	NULL	0
697	4	2	1	170803	085457.60	108.53655880	34.22435610	55.50	-0.0370	0.0080	-1.0150	2.48	NULL	NULL	0
698	4	2	1	170803	085457.70	108.53654913	34.22435363	55.50	-0.0570	0.0150	-1.0190	2.48	NULL	NULL	0
699	4	2	1	170803	085457.80	108.53653948	34.22435083	55.50	-0.0640	-0.0090	-1.0060	2.21	NULL	NULL	0
700	4	2	1	170803	085457.90	108.53652986	34.22434835	53.65	0.1340	-0.0420	-0.9920	2.21	NULL	NULL	0
701	4	2	1	170803	085458.00	108.53652009	34.22434596	55.50	-0.0200	0.0230	-0.9480	2.21	NULL	NULL	0
702	4	2	1	170803	085458.10	108.53651044	34.22434347	55.50	0.0150	0.0120	-0.9720	2.07	NULL	NULL	0
703	4	2	1	170803	085458.20	108.53650098	34.22434090	53.65	-0.1220	-0.0110	-1.0850	2.07	NULL	NULL	0
704	4	2	1	170803	085458.30	108.53649137	34.22433841	53.65	-0.0760	0.0400	-1.0160	2.07	NULL	NULL	0
705	4	2	1	170803	085458.40	108.53648196	34.22433541	53.65	0.0240	-0.0110	-0.9520	1.94	NULL	NULL	0
706	4	2	1	170803	085458.50	108.53647241	34.22433292	53.65	-0.0100	-0.0700	-1.0690	1.94	NULL	NULL	0
707	4	2	1	170803	085458.60	108.53646287	34.22433044	53.65	-0.0230	0.0350	-0.9210	1.94	NULL	NULL	0
708	4	2	1	170803	085458.70	108.53645332	34.22432794	53.65	-0.0450	-0.0430	-1.0130	1.99	NULL	NULL	0
709	4	2	1	170803	085458.80	108.53644378	34.22432542	53.65	0.0780	0.0270	-0.9560	1.99	NULL	NULL	0
710	4	2	1	170803	085458.90	108.53643419	34.22432294	53.65	0.0880	-0.0440	-0.9850	1.99	NULL	NULL	0
711	4	2	1	170803	085459.00	108.53642459	34.22432038	55.50	0.0460	-0.0350	-1.0000	2.05	NULL	NULL	0
712	4	2	1	170803	085459.10	108.53641498	34.22431787	55.50	0.1020	0.0510	-0.9280	2.05	NULL	NULL	0
713	4	2	1	170803	085459.20	108.53640537	34.22431533	55.50	0.0150	0.0090	-0.9490	2.05	NULL	NULL	0
714	4	2	1	170803	085459.30	108.53639569	34.22431280	55.50	0.0590	-0.0600	-0.9770	5.06	NULL	NULL	0
715	4	2	1	170803	085459.40	108.53638604	34.22431024	55.50	0.0750	-0.0450	-0.9880	5.06	NULL	NULL	0
716	4	2	1	170803	085459.50	108.53637633	34.22430770	55.50	0.1420	-0.0010	-1.0240	5.06	NULL	NULL	0
717	4	2	1	170803	085459.60	108.53636661	34.22430516	55.50	0.0990	-0.0190	-1.0410	5.90	NULL	NULL	0
718	4	2	1	170803	085459.70	108.53635685	34.22430259	55.50	0.0780	-0.0430	-1.0450	5.90	NULL	NULL	0
719	4	2	1	170803	085459.80	108.53634706	34.22430002	55.50	-0.0140	-0.0060	-1.0120	5.90	NULL	NULL	0
720	4	2	1	170803	085459.90	108.53633722	34.22429742	55.50	-0.1280	-0.0250	-1.0330	5.90	NULL	NULL	0
721	4	2	1	170803	085500.00	108.53632743	34.22429482	55.50	0.0140	0.0210	-1.0180	6.55	NULL	NULL	0
722	4	2	1	170803	085500.10	108.53631758	34.22429222	55.50	-0.0050	-0.0040	-0.9910	6.55	NULL	NULL	0
723	4	2	1	170803	085500.20	108.53630771	34.22428962	55.50	0.0900	0.0140	-0.9450	6.60	NULL	NULL	0
724	4	2	1	170803	085500.30	108.53629786	34.22428703	55.50	0.0650	-0.0170	-1.0370	6.60	NULL	NULL	0
725	4	2	1	170803	085500.40	108.53628798	34.22428447	55.50	0.0190	0.0260	-1.1070	6.60	NULL	NULL	0
726	4	2	1	170803	085500.50	108.53627807	34.22428189	55.50	-0.0580	-0.0040	-1.0530	6.60	NULL	NULL	0
727	4	2	1	170803	085500.60	108.53626815	34.22427932	57.35	-0.0630	0.0540	-0.9700	5.02	NULL	NULL	0
728	4	2	1	170803	085500.70	108.53625825	34.22427674	55.50	-0.0570	0.1100	-0.9340	5.02	NULL	NULL	0
729	4	2	1	170803	085500.80	108.53624838	34.22427420	55.50	-0.0020	0.0310	-1.0750	5.02	NULL	NULL	0
730	4	2	1	170803	085500.90	108.53623843	34.22427167	55.50	0.1440	0.0260	-1.0260	3.84	NULL	NULL	0
731	4	2	1	170803	085501.00	108.53622845	34.22426910	57.35	-0.0450	0.0410	-0.9820	3.84	NULL	NULL	0
732	4	2	1	170803	085501.10	108.53621850	34.22426655	57.35	0.0210	-0.0410	-0.9930	3.84	NULL	NULL	0
733	4	2	1	170803	085501.20	108.53620855	34.22426401	57.35	0.1000	0.0470	-0.9440	3.63	NULL	NULL	0
734	4	2	1	170803	085501.30	108.53619855	34.22426146	57.35	-0.0190	-0.0130	-0.9610	3.63	NULL	NULL	0
735	4	2	1	170803	085501.40	108.53618858	34.22425892	57.35	-0.0230	-0.0800	-1.0130	3.63	NULL	NULL	0
736	4	2	1	170803	085501.50	108.53617858	34.22425639	57.35	-0.0150	0.0030	-1.0490	4.53	NULL	NULL	0
737	4	2	1	170803	085501.60	108.53616858	34.22425386	57.35	-0.0390	0.0610	-1.2630	4.53	NULL	NULL	0
738	4	2	1	170803	085501.70	108.53615853	34.22425131	57.35	-0.0070	-0.0090	-0.9270	4.53	NULL	NULL	0
739	4	2	1	170803	085501.80	108.53614851	34.22424873	57.35	-0.0310	-0.0060	-1.0040	4.54	NULL	NULL	0
740	4	2	1	170803	085501.90	108.53613858	34.22424619	55.50	0.0260	-0.0150	-0.9790	4.54	NULL	NULL	0
741	4	2	1	170803	085502.00	108.53612860	34.22424361	57.35	0.1170	-0.0100	-1.0800	4.54	NULL	NULL	0
742	4	2	1	170803	085502.10	108.53611856	34.22424104	57.35	-0.1000	0.0350	-0.8400	3.75	NULL	NULL	0
743	4	2	1	170803	085502.20	108.53610857	34.22423849	57.35	-0.0270	-0.0800	-0.8580	3.75	NULL	NULL	0
744	4	2	1	170803	085502.30	108.53609868	34.22423589	55.50	-0.0730	0.0450	-1.0210	3.75	NULL	NULL	0
745	4	2	1	170803	085502.40	108.53608876	34.22423334	55.50	-0.1940	0.0910	-0.9980	2.60	NULL	NULL	0
746	4	2	1	170803	085502.50	108.53607891	34.22423079	55.50	0.2130	0.1090	-1.1930	2.60	NULL	NULL	0
747	4	2	1	170803	085502.60	108.53606901	34.22422824	55.50	0.0140	0.0080	-1.0910	2.60	NULL	NULL	0
748	4	2	1	170803	085502.70	108.53605908	34.22422565	57.35	0.0550	0.0420	-1.0890	2.38	NULL	NULL	0
749	4	2	1	170803	085502.80	108.53604914	34.22422309	57.35	0.0010	-0.0190	-0.9290	2.38	NULL	NULL	0
750	4	2	1	170803	085502.90	108.53603928	34.22422048	55.50	-0.0900	0.0060	-0.8210	2.38	NULL	NULL	0
751	4	2	1	170803	085503.00	108.53602943	34.22421793	55.50	-0.0000	0.0110	-0.9600	2.20	NULL	NULL	0
752	4	2	1	170803	085503.10	108.53601965	34.22421537	55.50	-0.0290	0.0730	-1.0680	2.20	NULL	NULL	0
753	4	2	1	170803	085503.20	108.53600983	34.22421284	55.50	-0.0010	0.0380	-1.0780	2.20	NULL	NULL	0
754	4	2	1	170803	085503.30	108.53600001	34.22421032	55.50	-0.0110	0.0240	-1.0700	2.25	NULL	NULL	0
755	4	2	1	170803	085503.40	108.53599019	34.22420780	55.50	-0.1040	-0.0040	-1.1670	2.25	NULL	NULL	0
756	4	2	1	170803	085503.50	108.53598035	34.22420531	55.50	-0.0800	-0.0610	-1.0580	2.25	NULL	NULL	0
757	4	2	1	170803	085503.60	108.53597051	34.22420274	55.50	-0.2120	-0.0960	-0.9640	2.24	NULL	NULL	0
758	4	2	1	170803	085503.70	108.53596080	34.22420024	55.50	-0.1020	0.0030	-1.0030	2.24	NULL	NULL	0
759	4	2	1	170803	085503.80	108.53595107	34.22419775	55.50	0.1000	-0.0100	-1.0150	2.24	NULL	NULL	0
760	4	2	1	170803	085503.90	108.53594136	34.22419529	55.50	0.0590	0.0290	-1.0330	2.24	NULL	NULL	0
761	4	2	1	170803	085504.00	108.53593161	34.22419275	55.50	0.0520	-0.0170	-1.0720	2.03	NULL	NULL	0
762	4	2	1	170803	085504.10	108.53592187	34.22419027	55.50	-0.0620	-0.0270	-0.9960	2.03	NULL	NULL	0
763	4	2	1	170803	085504.20	108.53591095	34.22418802	55.50	-0.0500	-0.0570	-0.9780	1.95	NULL	NULL	0
764	4	2	1	170803	085504.30	108.53590127	34.22418554	55.50	-0.0960	-0.0180	-0.9890	1.95	NULL	NULL	0
765	4	2	1	170803	085504.40	108.53589158	34.22418290	55.50	-0.0930	-0.0350	-0.9430	1.95	NULL	NULL	0
766	4	2	1	170803	085504.50	108.53588195	34.22418040	55.50	0.0410	0.0170	-0.7050	1.95	NULL	NULL	0
767	4	2	1	170803	085504.60	108.53587223	34.22417793	53.65	0.1370	0.0500	-1.1130	1.95	NULL	NULL	0