365	4	2	1	170803	084004.30	108.53990759	34.22531032	35.15	-0.1540	-0.0060	-1.0180	1.83	NULL	NULL	0
366	4	2	1	170803	084004.40	108.53990183	34.22530816	33.30	-0.0910	0.0140	-0.9900	1.83	NULL	NULL	0
367	4	2	1	170803	084004.50	108.53989611	34.22530595	33.30	-0.0760	0.0350	-0.9990	1.83	NULL	NULL	0
368	4	2	1	170803	084004.60	108.53989030	34.22530399	33.30	-0.0530	-0.0380	-0.9820	1.83	NULL	NULL	0
369	4	2	1	170803	084004.70	108.53988461	34.22530180	33.30	0.0350	0.0300	-1.0070	1.83	NULL	NULL	0
370	4	2	1	170803	084004.80	108.53987904	34.22529943	33.30	0.0720	-0.0260	-0.9980	1.83	NULL	NULL	0
371	4	2	1	170803	084004.90	108.53987337	34.22529725	33.30	-0.0950	0.0460	-1.0040	1.77	NULL	NULL	0
372	4	2	1	170803	084005.00	108.53986768	34.22529518	33.30	-0.0420	0.0130	-0.9930	1.77	NULL	NULL	0
373	4	2	1	170803	084005.10	108.53986203	34.22529302	33.30	-0.0330	0.0560	-1.0390	1.77	NULL	NULL	0
374	4	2	1	170803	084005.20	108.53985641	34.22529080	33.30	-0.0040	-0.0580	-1.0230	1.69	NULL	NULL	0
375	4	2	1	170803	084005.30	108.53985081	34.22528863	33.30	-0.0000	0.0340	-1.0170	1.69	NULL	NULL	0
376	4	2	1	170803	084005.40	108.53984522	34.22528648	33.30	0.0160	-0.0180	-0.9930	1.69	NULL	NULL	0
377	4	2	1	170803	084005.50	108.53983960	34.22528432	33.30	-0.0030	-0.0550	-0.9750	1.77	NULL	NULL	0
378	4	2	1	170803	084005.60	108.53983399	34.22528221	33.30	0.0260	0.0010	-0.9910	1.77	NULL	NULL	0
379	4	2	1	170803	084005.70	108.53982843	34.22528004	33.30	0.0790	-0.0650	-0.9720	1.77	NULL	NULL	0
380	4	2	1	170803	084005.80	108.53982285	34.22527792	33.30	0.0500	-0.0310	-0.9780	1.82	NULL	NULL	0
381	4	2	1	170803	084005.90	108.53981731	34.22527576	33.30	-0.0320	-0.0950	-0.9940	1.82	NULL	NULL	0
382	4	2	1	170803	084006.00	108.53981179	34.22527364	33.30	0.0300	-0.0290	-1.0190	1.82	NULL	NULL	0
383	4	2	1	170803	084006.10	108.53980626	34.22527146	33.30	0.0100	-0.1050	-1.0270	1.86	NULL	NULL	0
384	4	2	1	170803	084006.20	108.53980063	34.22526955	33.30	-0.0350	0.0210	-0.9750	1.86	NULL	NULL	0
385	4	2	1	170803	084006.30	108.53979512	34.22526744	33.30	0.0270	0.0410	-0.9960	1.86	NULL	NULL	0
386	4	2	1	170803	084006.40	108.53978961	34.22526533	33.30	0.0490	-0.0650	-0.9540	1.91	NULL	NULL	0
387	4	2	1	170803	084006.50	108.53978414	34.22526316	33.30	0.0180	0.0300	-1.0150	1.91	NULL	NULL	0
388	4	2	1	170803	084006.60	108.53977877	34.22526080	33.30	0.0380	-0.0070	-1.0850	1.91	NULL	NULL	0
389	4	2	1	170803	084006.70	108.53977333	34.22525869	31.45	-0.0590	-0.0160	-1.0780	1.80	NULL	NULL	0
390	4	2	1	170803	084006.80	108.53976781	34.22525663	33.30	-0.0520	0.0480	-0.9790	1.80	NULL	NULL	0
391	4	2	1	170803	084006.90	108.53976237	34.22525453	31.45	-0.0490	-0.0120	-1.0080	1.80	NULL	NULL	0
392	4	2	1	170803	084007.00	108.53975695	34.22525239	31.45	-0.0200	-0.0390	-0.9530	1.78	NULL	NULL	0
393	4	2	1	170803	084007.10	108.53975156	34.22525030	31.45	-0.0180	0.0250	-1.0510	1.78	NULL	NULL	0
394	4	2	1	170803	084007.20	108.53974622	34.22524805	31.45	0.1440	0.0020	-1.0130	1.78	NULL	NULL	0
395	4	2	1	170803	084007.30	108.53974083	34.22524597	31.45	-0.1170	-0.0650	-0.9660	1.81	NULL	NULL	0
396	4	2	1	170803	084007.40	108.53973538	34.22524407	31.45	-0.1110	-0.0720	-1.0600	1.81	NULL	NULL	0
397	4	2	1	170803	084007.50	108.53972999	34.22524203	31.45	-0.0150	-0.0160	-0.9870	1.81	NULL	NULL	0
398	4	2	1	170803	084007.60	108.53972464	34.22524000	31.45	-0.1050	-0.0270	-0.9610	1.75	NULL	NULL	0
399	4	2	1	170803	084007.70	108.53971926	34.22523802	31.45	-0.0130	-0.0160	-0.9700	1.75	NULL	NULL	0
400	4	2	1	170803	084007.80	108.53971396	34.22523599	31.45	-0.0730	0.0400	-0.9940	1.75	NULL	NULL	0
401	4	2	1	170803	084007.90	108.53970860	34.22523401	31.45	-0.0460	0.0100	-0.9520	1.75	NULL	NULL	0
402	4	2	1	170803	084008.00	108.53970326	34.22523212	31.45	-0.0070	-0.1000	-1.0230	1.74	NULL	NULL	0
403	4	2	1	170803	084008.10	108.53969797	34.22523014	31.45	-0.1540	0.0300	-1.0690	1.74	NULL	NULL	0
404	4	2	1	170803	084008.20	108.53969217	34.22522861	31.45	-0.0620	-0.0210	-1.0300	1.67	NULL	NULL	0
405	4	2	1	170803	084008.30	108.53968684	34.22522667	31.45	0.0330	-0.0360	-0.9130	1.67	NULL	NULL	0
406	4	2	1	170803	084008.40	108.53968144	34.22522528	31.45	-0.0600	-0.0360	-1.0060	1.67	NULL	NULL	0
407	4	2	1	170803	084008.50	108.53967615	34.22522335	31.45	0.1110	0.0020	-0.9490	1.67	NULL	NULL	0
408	4	2	1	170803	084008.60	108.53967149	34.22522036	31.45	0.0520	-0.0260	-0.9540	1.66	NULL	NULL	0
409	4	2	1	170803	084008.70	108.53966621	34.22521846	31.45	0.0820	0.0020	-1.0040	1.66	NULL	NULL	0
410	4	2	1	170803	084008.80	108.53966092	34.22521656	31.45	0.0100	-0.0520	-1.0310	1.66	NULL	NULL	0
411	4	2	1	170803	084008.90	108.53965561	34.22521467	31.45	-0.0000	-0.0910	-1.0600	1.75	NULL	NULL	0
412	4	2	1	170803	084009.00	108.53965030	34.22521273	31.45	-0.0660	-0.0190	-1.0250	1.75	NULL	NULL	0
413	4	2	1	170803	084009.10	108.53964495	34.22521085	31.45	0.1340	-0.0420	-1.0040	1.75	NULL	NULL	0
414	4	2	1	170803	084009.20	108.53963954	34.22520914	31.45	0.2050	-0.0230	-1.0090	2.42	NULL	NULL	0
415	4	2	1	170803	084009.30	108.53963416	34.22520724	31.45	0.0970	-0.0370	-1.0210	2.42	NULL	NULL	0
416	4	2	1	170803	084009.40	108.53962868	34.22520540	31.45	0.1050	-0.0560	-1.0180	2.42	NULL	NULL	0
417	4	2	1	170803	084009.50	108.53962319	34.22520350	31.45	-0.0060	-0.1070	-1.0070	3.01	NULL	NULL	0
418	4	2	1	170803	084009.60	108.53961781	34.22520139	31.45	0.0520	-0.0730	-0.9280	3.01	NULL	NULL	0
419	4	2	1	170803	084009.70	108.53961229	34.22519944	31.45	0.0090	-0.0680	-0.9710	3.01	NULL	NULL	0
420	4	2	1	170803	084009.80	108.53960685	34.22519737	31.45	0.0350	-0.1120	-0.9740	3.74	NULL	NULL	0
421	4	2	1	170803	084009.90	108.53960131	34.22519536	33.30	-0.0150	-0.0280	-1.0130	3.74	NULL	NULL	0
422	4	2	1	170803	084010.00	108.53959569	34.22519344	33.30	0.0080	-0.0110	-1.0530	3.74	NULL	NULL	0
423	4	2	1	170803	084010.10	108.53959011	34.22519141	33.30	0.0270	-0.0700	-1.0580	5.30	NULL	NULL	0
424	4	2	1	170803	084010.20	108.53958440	34.22518954	33.30	0.0640	-0.0290	-0.9630	5.30	NULL	NULL	0
425	4	2	1	170803	084010.30	108.53957876	34.22518750	33.30	-0.0090	-0.0830	-0.9780	5.30	NULL	NULL	0
426	4	2	1	170803	084010.40	108.53957314	34.22518531	33.30	0.0500	-0.0280	-0.9620	4.54	NULL	NULL	0
427	4	2	1	170803	084010.50	108.53956743	34.22518328	33.30	-0.0500	-0.0140	-0.9400	4.54	NULL	NULL	0
428	4	2	1	170803	084010.60	108.53956180	34.22518119	33.30	-0.0010	-0.0240	-1.0110	4.54	NULL	NULL	0
429	4	2	1	170803	084010.70	108.53955609	34.22517913	33.30	0.0340	-0.0390	-1.0200	3.57	NULL	NULL	0
430	4	2	1	170803	084010.80	108.53954997	34.22517751	33.30	0.0350	-0.0330	-1.0310	3.57	NULL	NULL	0
431	4	2	1	170803	084010.90	108.53954416	34.22517547	33.30	-0.0160	0.0030	-1.0700	3.57	NULL	NULL	0
432	4	2	1	170803	084011.00	108.53953857	34.22517308	33.30	0.0440	-0.0120	-0.9840	3.47	NULL	NULL	0
433	4	2	1	170803	084011.10	108.53953261	34.22517107	35.15	0.0300	0.0110	-0.9580	3.47	NULL	NULL	0
434	4	2	1	170803	084011.20	108.53952710	34.22516870	33.30	0.0870	-0.0750	-0.9650	3.47	NULL	NULL	0
435	4	2	1	170803	084011.30	108.53952118	34.22516660	35.15	0.0800	-0.1070	-0.9410	4.35	NULL	NULL	0
436	4	2	1	170803	084011.40	108.53951565	34.22516470	33.30	0.0800	-0.0200	-1.0620	4.35	NULL	NULL	0
437	4	2	1	170803	084011.50	108.53950969	34.22516272	35.15	-0.0320	-0.0500	-1.0020	4.35	NULL	NULL	0
438	4	2	1	170803	084011.60	108.53950410	34.22516102	35.15	0.0040	0.0110	-0.9930	5.12	NULL	NULL	0
439	4	2	1	170803	084011.70	108.53949801	34.22515894	35.15	0.2360	-0.0880	-1.0650	5.12	NULL	NULL	0
440	4	2	1	170803	084011.80	108.53949107	34.22515683	35.15	0.2260	-0.0040	-1.0310	5.12	NULL	NULL	0
441	4	2	1	170803	084011.90	108.53948491	34.22515468	35.15	0.0540	-0.0260	-0.9850	5.12	NULL	NULL	0
442	4	2	1	170803	084012.00	108.53947876	34.22515266	35.15	0.0590	-0.0870	-0.9830	6.84	NULL	NULL	0
443	4	2	1	170803	084012.10	108.53947264	34.22515049	35.15	-0.0120	-0.1030	-0.9780	6.84	NULL	NULL	0
444	4	2	1	170803	084012.20	108.53946588	34.22514706	37.00	-0.0020	-0.0880	-0.9960	6.84	NULL	NULL	0
445	4	2	1	170803	084012.30	108.53945973	34.22514487	37.00	0.1630	0.0450	-1.0100	7.45	NULL	NULL	0
446	4	2	1	170803	084012.40	108.53945418	34.22514245	37.00	0.1600	-0.0230	-1.0350	7.45	NULL	NULL	0
447	4	2	1	170803	084012.50	108.53944772	34.22514013	37.00	0.1080	-0.0970	-1.0650	7.45	NULL	NULL	0
448	4	2	1	170803	084012.60	108.53944164	34.22513732	37.00	0.1580	-0.0250	-0.9720	7.62	NULL	NULL	0
449	4	2	1	170803	084012.70	108.53943523	34.22513512	37.00	-0.0230	-0.0760	-0.9530	7.62	NULL	NULL	0
450	4	2	1	170803	084012.80	108.53942909	34.22513389	37.00	-0.0060	-0.0310	-1.0460	7.62	NULL	NULL	0
451	4	2	1	170803	084012.90	108.53942262	34.22513169	37.00	-0.0200	0.0080	-1.0550	8.50	NULL	NULL	0
452	4	2	1	170803	084013.00	108.53941660	34.22512993	37.00	-0.0380	-0.0730	-1.0170	8.50	NULL	NULL	0
453	4	2	1	170803	084013.10	108.53941016	34.22512772	37.00	-0.0370	-0.0770	-1.0150	8.50	NULL	NULL	0
454	4	2	1	170803	084013.20	108.53940363	34.22512548	37.00	0.0460	-0.0610	-0.9520	4.97	NULL	NULL	0
455	4	2	1	170803	084013.30	108.53939721	34.22512338	37.00	-0.0670	-0.0510	-0.9820	4.97	NULL	NULL	0
456	4	2	1	170803	084013.40	108.53939067	34.22512144	37.00	-0.0390	-0.0270	-1.0260	4.97	NULL	NULL	0
457	4	2	1	170803	084013.50	108.53938430	34.22511933	37.00	-0.0650	-0.0930	-0.9600	2.81	NULL	NULL	0
458	4	2	1	170803	084013.60	108.53937801	34.22511743	37.00	-0.0670	-0.0240	-1.0040	2.81	NULL	NULL	0
459	4	2	1	170803	084013.70	108.53937166	34.22511530	37.00	0.0000	-0.0080	-1.0030	2.81	NULL	NULL	0
460	4	2	1	170803	084013.80	108.53936515	34.22511342	37.00	0.0350	-0.0310	-0.9640	2.70	NULL	NULL	0
461	4	2	1	170803	084013.90	108.53935881	34.22511136	37.00	0.0500	0.0040	-0.9660	2.70	NULL	NULL	0
462	4	2	1	170803	084014.00	108.53935250	34.22511042	37.00	0.0030	0.0130	-1.0340	2.70	NULL	NULL	0
463	4	2	1	170803	084014.10	108.53934619	34.22510837	37.00	0.0070	-0.0630	-1.0720	2.44	NULL	NULL	0
464	4	2	1	170803	084014.20	108.53933976	34.22510618	37.00	0.0510	-0.1030	-0.9880	2.44	NULL	NULL	0
465	4	2	1	170803	084014.30	108.53933342	34.22510413	37.00	-0.0070	-0.0090	-0.9860	2.44	NULL	NULL	0
466	4	2	1	170803	084014.40	108.53932658	34.22510131	37.00	0.0390	-0.0170	-1.0100	2.32	NULL	NULL	0
467	4	2	1	170803	084014.50	108.53932024	34.22509930	37.00	0.0510	-0.0150	-1.0060	2.32	NULL	NULL	0
468	4	2	1	170803	084014.60	108.53931379	34.22509707	37.00	-0.0390	-0.0140	-1.0140	2.32	NULL	NULL	0
469	4	2	1	170803	084014.70	108.53930745	34.22509504	37.00	0.0160	0.0320	-1.0000	2.81	NULL	NULL	0
470	4	2	1	170803	084014.80	108.53930074	34.22509379	37.00	0.0160	-0.0660	-0.9910	2.81	NULL	NULL	0
471	4	2	1	170803	084014.90	108.53929437	34.22509174	37.00	-0.0350	-0.0340	-1.0520	2.81	NULL	NULL	0
472	4	2	1	170803	084015.00	108.53928803	34.22508965	37.00	-0.0060	-0.0620	-0.9400	3.17	NULL	NULL	0
473	4	2	1	170803	084015.10	108.53928164	34.22508762	37.00	-0.0420	-0.0750	-0.9470	3.17	NULL	NULL	0
474	4	2	1	170803	084015.20	108.53927530	34.22508572	37.00	-0.0310	-0.0300	-0.9140	3.17	NULL	NULL	0
475	4	2	1	170803	084015.30	108.53926892	34.22508369	37.00	-0.0230	-0.0030	-0.9420	2.49	NULL	NULL	0
476	4	2	1	170803	084015.40	108.53926259	34.22508157	37.00	-0.1690	-0.0190	-0.9880	2.49	NULL	NULL	0
477	4	2	1	170803	084015.50	108.53925627	34.22507957	37.00	0.0210	-0.0500	-1.0550	2.49	NULL	NULL	0
478	4	2	1	170803	084015.60	108.53924994	34.22507760	37.00	0.0090	-0.0020	-1.0240	2.10	NULL	NULL	0
479	4	2	1	170803	084015.70	108.53924356	34.22507559	37.00	0.0770	-0.0580	-1.0210	2.10	NULL	NULL	0
480	4	2	1	170803	084015.80	108.53923740	34.22507300	37.00	0.1120	-0.0730	-0.9530	2.10	NULL	NULL	0
481	4	2	1	170803	084015.90	108.53923106	34.22507103	37.00	0.0010	-0.0510	-1.0080	2.10	NULL	NULL	0
482	4	2	1	170803	084016.00	108.53922477	34.22506900	37.00	0.0400	-0.0300	-0.9500	2.34	NULL	NULL	0
483	4	2	1	170803	084016.10	108.53921842	34.22506704	37.00	-0.0110	0.0320	-0.9850	2.34	NULL	NULL	0
484	4	2	1	170803	084016.20	108.53921211	34.22506488	37.00	0.0410	-0.0830	-1.0230	2.34	NULL	NULL	0
485	4	2	1	170803	084016.30	108.53920571	34.22506290	37.00	0.0650	-0.0540	-0.9840	2.49	NULL	NULL	0
486	4	2	1	170803	084016.40	108.53919921	34.22506103	37.00	0.0250	0.0190	-1.0130	2.49	NULL	NULL	0
487	4	2	1	170803	084016.50	108.53919276	34.22505908	37.00	0.0250	-0.0220	-0.9620	2.49	NULL	NULL	0
488	4	2	1	170803	084016.60	108.53918621	34.22505724	37.00	0.0270	-0.0880	-1.0540	2.52	NULL	NULL	0
489	4	2	1	170803	084016.70	108.53917969	34.22505530	37.00	0.0180	-0.0350	-1.0220	2.52	NULL	NULL	0
490	4	2	1	170803	084016.80	108.53917327	34.22505305	37.00	0.0850	-0.0060	-0.9570	2.52	NULL	NULL	0
491	4	2	1	170803	084016.90	108.53916673	34.22505111	37.00	0.0270	-0.0280	-0.9800	5.08	NULL	NULL	0
492	4	2	1	170803	084017.00	108.53916018	34.22504912	37.00	0.0480	-0.0340	-1.0280	5.08	NULL	NULL	0
493	4	2	1	170803	084017.10	108.53915362	34.22504715	37.00	-0.0160	-0.0310	-1.0270	5.08	NULL	NULL	0
494	4	2	1	170803	084017.20	108.53914704	34.22504510	37.00	-0.0350	-0.0480	-0.9790	4.84	NULL	NULL	0
495	4	2	1	170803	084017.30	108.53914043	34.22504313	37.00	-0.0620	-0.0380	-1.0100	4.84	NULL	NULL	0
496	4	2	1	170803	084017.40	108.53913385	34.22504119	37.00	0.0080	0.0060	-0.9480	4.84	NULL	NULL	0
497	4	2	1	170803	084017.50	108.53912723	34.22503926	37.00	-0.0220	-0.0290	-0.9810	3.85	NULL	NULL	0
498	4	2	1	170803	084017.60	108.53912063	34.22503735	37.00	0.0670	-0.0170	-1.0280	3.85	NULL	NULL	0
499	4	2	1	170803	084017.70	108.53911399	34.22503542	37.00	0.0340	-0.0040	-1.0350	3.85	NULL	NULL	0
500	4	2	1	170803	084017.80	108.53910728	34.22503362	38.85	0.0190	-0.0280	-0.9600	3.16	NULL	NULL	0
501	4	2	1	170803	084017.90	108.53910066	34.22503172	37.00	-0.0540	-0.0460	-0.9270	3.16	NULL	NULL	0
502	4	2	1	170803	084018.00	108.53909401	34.22502986	37.00	0.0450	-0.0560	-0.9580	3.16	NULL	NULL	0
503	4	2	1	170803	084018.10	108.53908742	34.22502797	37.00	-0.0580	0.0020	-1.0140	2.76	NULL	NULL	0
504	4	2	1	170803	084018.20	108.53908080	34.22502616	37.00	0.0430	-0.0470	-1.0050	2.76	NULL	NULL	0
505	4	2	1	170803	084018.30	108.53907423	34.22502427	37.00	-0.0530	-0.0070	-0.9700	2.76	NULL	NULL	0
506	4	2	1	170803	084018.40	108.53906767	34.22502242	37.00	-0.0470	-0.0630	-1.0430	2.34	NULL	NULL	0
507	4	2	1	170803	084018.50	108.53906109	34.22502057	37.00	-0.0390	0.0300	-0.9990	2.34	NULL	NULL	0
508	4	2	1	170803	084018.60	108.53905465	34.22501852	37.00	-0.0640	-0.0060	-1.0040	2.34	NULL	NULL	0
509	4	2	1	170803	084018.70	108.53904810	34.22501670	37.00	-0.0070	-0.0290	-1.0080	1.99	NULL	NULL	0
510	4	2	1	170803	084018.80	108.53904152	34.22501500	37.00	-0.0440	-0.0320	-1.0190	1.99	NULL	NULL	0
511	4	2	1	170803	084018.90	108.53903498	34.22501314	37.00	-0.0350	0.0190	-1.0020	1.99	NULL	NULL	0
512	4	2	1	170803	084019.00	108.53902844	34.22501151	37.00	0.0140	-0.0220	-0.9810	2.03	NULL	NULL	0
513	4	2	1	170803	084019.10	108.53902195	34.22500971	37.00	-0.0610	-0.0430	-0.9890	2.03	NULL	NULL	0
514	4	2	1	170803	084019.20	108.53901543	34.22500800	37.00	-0.0710	-0.0320	-0.9410	2.03	NULL	NULL	0
515	4	2	1	170803	084019.30	108.53900898	34.22500621	37.00	0.0670	-0.0580	-0.9290	1.96	NULL	NULL	0
516	4	2	1	170803	084019.40	108.53900252	34.22500442	37.00	-0.0470	-0.0380	-1.0120	1.96	NULL	NULL	0
517	4	2	1	170803	084019.50	108.53899607	34.22500263	37.00	0.1170	0.0160	-0.9760	1.96	NULL	NULL	0
518	4	2	1	170803	084019.60	108.53898974	34.22500059	37.00	0.1040	0.0090	-1.0030	1.84	NULL	NULL	0
519	4	2	1	170803	084019.70	108.53898333	34.22499879	37.00	-0.0660	-0.0330	-1.0280	1.84	NULL	NULL	0
520	4	2	1	170803	084019.80	108.53897694	34.22499694	37.00	0.0670	-0.0110	-0.9190	1.84	NULL	NULL	0
521	4	2	1	170803	084019.90	108.53897054	34.22499515	37.00	-0.0420	-0.0640	-1.0130	1.84	NULL	NULL	0
522	4	2	1	170803	084020.00	108.53896407	34.22499350	37.00	0.0760	-0.0790	-0.9860	1.84	NULL	NULL	0
523	4	2	1	170803	084020.10	108.53895766	34.22499171	37.00	-0.0090	-0.0220	-0.9740	1.84	NULL	NULL	0
524	4	2	1	170803	084020.20	108.53895128	34.22498989	37.00	-0.0420	-0.0010	-0.9860	2.04	NULL	NULL	0
525	4	2	1	170803	084020.30	108.53894491	34.22498810	37.00	-0.0140	-0.0360	-0.9840	2.04	NULL	NULL	0
526	4	2	1	170803	084020.40	108.53893864	34.22498609	37.00	-0.0650	0.0030	-1.0380	2.04	NULL	NULL	0
527	4	2	1	170803	084020.50	108.53893226	34.22498431	37.00	0.0420	-0.0190	-1.0070	2.04	NULL	NULL	0
528	4	2	1	170803	084020.60	108.53892584	34.22498253	37.00	-0.0480	-0.0440	-1.0270	2.26	NULL	NULL	0
529	4	2	1	170803	084020.70	108.53891946	34.22498074	37.00	0.1180	0.0600	-0.9700	2.26	NULL	NULL	0
530	4	2	1	170803	084020.80	108.53891305	34.22497898	37.00	0.1710	-0.0190	-0.9430	2.26	NULL	NULL	0
531	4	2	1	170803	084020.90	108.53890661	34.22497722	37.00	0.0000	-0.0310	-1.0210	2.57	NULL	NULL	0
532	4	2	1	170803	084021.00	108.53890017	34.22497546	37.00	0.0580	0.0040	-0.9980	2.57	NULL	NULL	0
533	4	2	1	170803	084021.10	108.53889369	34.22497368	37.00	0.0140	0.0360	-1.0040	2.57	NULL	NULL	0
534	4	2	1	170803	084021.20	108.53888718	34.22497192	37.00	0.0320	-0.0400	-1.0420	2.77	NULL	NULL	0
535	4	2	1	170803	084021.30	108.53888065	34.22497011	37.00	0.0270	-0.0370	-0.9510	2.77	NULL	NULL	0
536	4	2	1	170803	084021.40	108.53887414	34.22496832	37.00	0.0100	0.0020	-0.9960	2.77	NULL	NULL	0
537	4	2	1	170803	084021.50	108.53886758	34.22496654	37.00	-0.0010	0.0020	-1.0060	4.06	NULL	NULL	0
538	4	2	1	170803	084021.60	108.53886101	34.22496474	37.00	0.0830	-0.0620	-0.9740	4.06	NULL	NULL	0
539	4	2	1	170803	084021.70	108.53885446	34.22496296	37.00	0.0350	-0.0770	-0.9510	4.06	NULL	NULL	0
540	4	2	1	170803	084021.80	108.53884787	34.22496117	37.00	0.0690	-0.0440	-0.9990	4.57	NULL	NULL	0
541	4	2	1	170803	084021.90	108.53884129	34.22495935	37.00	0.0630	-0.1020	-0.9740	4.57	NULL	NULL	0
542	4	2	1	170803	084022.00	108.53883468	34.22495755	37.00	-0.0630	0.0590	-1.0000	4.57	NULL	NULL	0
543	4	2	1	170803	084022.10	108.53882812	34.22495572	37.00	0.0410	-0.0450	-0.9490	3.17	NULL	NULL	0
544	4	2	1	170803	084022.20	108.53882149	34.22495402	37.00	-0.0540	-0.0560	-1.0480	3.17	NULL	NULL	0
545	4	2	1	170803	084022.30	108.53881493	34.22495218	37.00	-0.0530	0.0150	-1.0660	3.17	NULL	NULL	0
546	4	2	1	170803	084022.40	108.53880839	34.22495023	37.00	0.0280	-0.0740	-1.0320	2.72	NULL	NULL	0
547	4	2	1	170803	084022.50	108.53880184	34.22494837	37.00	-0.0250	-0.0230	-1.0120	2.72	NULL	NULL	0
548	4	2	1	170803	084022.60	108.53879527	34.22494656	37.00	0.1050	-0.0350	-0.9320	2.72	NULL	NULL	0
549	4	2	1	170803	084022.70	108.53878874	34.22494469	37.00	0.0350	-0.0860	-0.9070	2.32	NULL	NULL	0
550	4	2	1	170803	084022.80	108.53878222	34.22494294	37.00	-0.0230	-0.0130	-0.9900	2.32	NULL	NULL	0
551	4	2	1	170803	084022.90	108.53877574	34.22494110	37.00	-0.1430	-0.0870	-1.0040	2.32	NULL	NULL	0
552	4	2	1	170803	084023.00	108.53876921	34.22493944	37.00	-0.1090	0.0050	-1.0540	2.20	NULL	NULL	0
553	4	2	1	170803	084023.10	108.53876278	34.22493758	37.00	-0.0950	-0.0210	-1.0920	2.20	NULL	NULL	0
554	4	2	1	170803	084023.20	108.53875626	34.22493586	37.00	0.0410	-0.0540	-0.9770	2.20	NULL	NULL	0
555	4	2	1	170803	084023.30	108.53874986	34.22493399	37.00	0.0300	0.0100	-0.9990	2.01	NULL	NULL	0
556	4	2	1	170803	084023.40	108.53874359	34.22493183	37.00	0.0580	-0.0350	-0.9570	2.01	NULL	NULL	0
557	4	2	1	170803	084023.50	108.53873719	34.22492997	37.00	-0.0300	-0.0120	-0.9060	2.01	NULL	NULL	0
558	4	2	1	170803	084023.60	108.53873093	34.22492799	35.15	0.0070	-0.0310	-0.9870	1.94	NULL	NULL	0
559	4	2	1	170803	084023.70	108.53872459	34.22492613	37.00	-0.0360	-0.0190	-1.0410	1.94	NULL	NULL	0
560	4	2	1	170803	084023.80	108.53871828	34.22492424	37.00	-0.0190	-0.0320	-1.0300	1.94	NULL	NULL	0
561	4	2	1	170803	084023.90	108.53871195	34.22492242	35.15	-0.0620	-0.1110	-0.9800	1.94	NULL	NULL	0
562	4	2	1	170803	084024.00	108.53870562	34.22492057	37.00	-0.0430	0.0130	-1.0190	1.76	NULL	NULL	0
563	4	2	1	170803	084024.10	108.53869929	34.22491874	35.15	-0.0570	0.0500	-0.9510	1.76	NULL	NULL	0
564	4	2	1	170803	084024.20	108.53869302	34.22491691	35.15	-0.0550	-0.0810	-1.0000	1.76	NULL	NULL	0
565	4	2	1	170803	084024.30	108.53868673	34.22491509	35.15	-0.0400	-0.0860	-0.9930	1.80	NULL	NULL	0
566	4	2	1	170803	084024.40	108.53868053	34.22491323	35.15	-0.0320	0.0160	-0.9810	1.80	NULL	NULL	0
567	4	2	1	170803	084024.50	108.53867428	34.22491143	35.15	0.0110	0.0040	-1.0820	1.80	NULL	NULL	0
568	4	2	1	170803	084024.60	108.53866796	34.22490968	35.15	0.0210	0.0940	-1.0150	1.80	NULL	NULL	0
569	4	2	1	170803	084024.70	108.53866167	34.22490789	35.15	-0.0060	0.0060	-1.0320	1.80	NULL	NULL	0
570	4	2	1	170803	084024.80	108.53865538	34.22490609	35.15	-0.0120	0.0860	-0.9830	1.80	NULL	NULL	0
571	4	2	1	170803	084024.90	108.53864913	34.22490427	35.15	0.0770	-0.0310	-0.8890	1.78	NULL	NULL	0
572	4	2	1	170803	084025.00	108.53864291	34.22490246	35.15	-0.0760	-0.0510	-0.9120	1.78	NULL	NULL	0
573	4	2	1	170803	084025.10	108.53863671	34.22490063	35.15	0.0370	-0.1010	-0.9050	1.78	NULL	NULL	0
574	4	2	1	170803	084025.20	108.53863050	34.22489883	35.15	0.0810	-0.0200	-1.0800	2.00	NULL	NULL	0
575	4	2	1	170803	084025.30	108.53862422	34.22489703	35.15	0.0270	-0.0300	-1.0010	2.00	NULL	NULL	0
576	4	2	1	170803	084025.40	108.53861789	34.22489530	35.15	-0.0630	-0.0870	-1.0080	2.00	NULL	NULL	0
577	4	2	1	170803	084025.50	108.53861164	34.22489345	35.15	0.0430	-0.0320	-0.9830	2.83	NULL	NULL	0
578	4	2	1	170803	084025.60	108.53860526	34.22489162	35.15	0.0690	-0.1070	-1.0370	2.83	NULL	NULL	0
579	4	2	1	170803	084025.70	108.53859892	34.22488976	37.00	0.1270	0.0080	-0.9420	2.83	NULL	NULL	0
580	4	2	1	170803	084025.80	108.53859250	34.22488792	37.00	0.0770	-0.0710	-1.0180	3.72	NULL	NULL	0
581	4	2	1	170803	084025.90	108.53858615	34.22488597	37.00	0.0910	0.0080	-0.9760	3.72	NULL	NULL	0
582	4	2	1	170803	084026.00	108.53857997	34.22488393	37.00	0.0100	-0.0210	-0.8780	3.72	NULL	NULL	0
583	4	2	1	170803	084026.10	108.53857352	34.22488211	37.00	0.0620	-0.0290	-0.9740	4.68	NULL	NULL	0
584	4	2	1	170803	084026.20	108.53856671	34.22488063	37.00	0.0470	-0.0460	-0.9390	4.68	NULL	NULL	0
585	4	2	1	170803	084026.30	108.53856029	34.22487873	37.00	0.0390	-0.0940	-1.0400	4.68	NULL	NULL	0
586	4	2	1	170803	084026.40	108.53855436	34.22487632	37.00	0.0810	-0.0530	-0.9530	4.68	NULL	NULL	0
587	4	2	1	170803	084026.50	108.53854796	34.22487439	37.00	-0.0490	-0.0040	-0.9040	4.68	NULL	NULL	0
588	4	2	1	170803	084026.60	108.53854152	34.22487250	37.00	0.0740	-0.0730	-0.9460	4.68	NULL	NULL	0
589	4	2	1	170803	084026.70	108.53853516	34.22487061	37.00	0.0270	-0.0880	-0.9580	3.41	NULL	NULL	0
590	4	2	1	170803	084026.80	108.53852874	34.22486870	37.00	-0.1290	-0.0170	-1.0770	3.41	NULL	NULL	0
591	4	2	1	170803	084026.90	108.53852226	34.22486686	37.00	-0.0070	-0.0150	-1.0500	3.41	NULL	NULL	0
592	4	2	1	170803	084027.00	108.53851567	34.22486507	37.00	-0.0780	0.0570	-0.9470	2.39	NULL	NULL	0
593	4	2	1	170803	084027.10	108.53850928	34.22486317	37.00	0.0450	-0.0170	-0.9890	2.39	NULL	NULL	0
594	4	2	1	170803	084027.20	108.53850282	34.22486142	37.00	0.0880	0.0080	-0.9810	2.39	NULL	NULL	0
595	4	2	1	170803	084027.30	108.53849643	34.22485954	37.00	0.0620	-0.0220	-1.0160	2.17	NULL	NULL	0
596	4	2	1	170803	084027.40	108.53849012	34.22485762	37.00	0.0940	0.0810	-0.9980	2.17	NULL	NULL	0
597	4	2	1	170803	084027.50	108.53848373	34.22485578	37.00	-0.0100	-0.0210	-1.0510	2.17	NULL	NULL	0
598	4	2	1	170803	084027.60	108.53847693	34.22485432	37.00	0.0610	0.0370	-0.9350	1.98	NULL	NULL	0
599	4	2	1	170803	084027.70	108.53847060	34.22485246	37.00	-0.0980	-0.0080	-0.9330	1.98	NULL	NULL	0
600	4	2	1	170803	084027.80	108.53846486	34.22485002	37.00	-0.0890	0.0210	-1.0170	1.98	NULL	NULL	0
601	4	2	1	170803	084027.90	108.53845860	34.22484813	35.15	-0.0100	0.0010	-1.0360	1.98	NULL	NULL	0
602	4	2	1	170803	084028.00	108.53845221	34.22484637	37.00	-0.0750	0.0240	-1.0210	1.90	NULL	NULL	0
603	4	2	1	170803	084028.10	108.53844588	34.22484449	37.00	-0.0240	-0.0680	-0.9740	1.90	NULL	NULL	0
604	4	2	1	170803	084028.20	108.53843957	34.22484274	35.15	-0.0780	-0.0320	-0.9740	1.90	NULL	NULL	0
605	4	2	1	170803	084028.30	108.53843330	34.22484089	35.15	-0.0090	0.0230	-0.9700	1.80	NULL	NULL	0
606	4	2	1	170803	084028.40	108.53842712	34.22483885	35.15	-0.0160	-0.0120	-0.9170	1.80	NULL	NULL	0
607	4	2	1	170803	084028.50	108.53842092	34.22483699	35.15	0.0510	0.0110	-0.9680	1.80	NULL	NULL	0
608	4	2	1	170803	084028.60	108.53841474	34.22483526	35.15	0.0510	0.0690	-1.0350	1.68	NULL	NULL	0
609	4	2	1	170803	084028.70	108.53840856	34.22483341	35.15	0.0840	-0.0040	-1.0500	1.68	NULL	NULL	0
610	4	2	1	170803	084028.80	108.53840200	34.22483193	35.15	-0.0290	-0.0310	-1.0140	1.68	NULL	NULL	0
611	4	2	1	170803	084028.90	108.53839582	34.22483009	35.15	-0.0060	-0.0020	-0.9650	1.78	NULL	NULL	0
612	4	2	1	170803	084029.00	108.53838996	34.22482785	35.15	-0.0840	0.0300	-0.9600	1.78	NULL	NULL	0
613	4	2	1	170803	084029.10	108.53838376	34.22482607	35.15	0.0370	0.0090	-1.0070	1.78	NULL	NULL	0
614	4	2	1	170803	084029.20	108.53837750	34.22482435	35.15	0.0190	0.0770	-1.0140	1.77	NULL	NULL	0
615	4	2	1	170803	084029.30	108.53837134	34.22482258	35.15	0.0800	0.0460	-1.0350	1.77	NULL	NULL	0
616	4	2	1	170803	084029.40	108.53836545	34.22482052	35.15	0.1520	0.0300	-1.0590	1.77	NULL	NULL	0
617	4	2	1	170803	084029.50	108.53835933	34.22481877	35.15	-0.0190	-0.0970	-1.0510	1.82	NULL	NULL	0
618	4	2	1	170803	084029.60	108.53835302	34.22481721	35.15	-0.0370	0.0630	-1.2110	1.82	NULL	NULL	0
619	4	2	1	170803	084029.70	108.53834701	34.22481543	35.15	-0.2990	-0.1500	-0.9960	1.82	NULL	NULL	0
620	4	2	1	170803	084029.80	108.53834058	34.22481426	33.30	-0.1030	-0.0030	-1.0050	1.81	NULL	NULL	0
621	4	2	1	170803	084029.90	108.53833463	34.22481256	33.30	0.0400	0.0620	-1.0690	1.81	NULL	NULL	0
622	4	2	1	170803	084030.00	108.53832938	34.22481107	33.30	0.0630	0.0310	-1.0230	1.81	NULL	NULL	0
623	4	2	1	170803	084030.10	108.53832345	34.22480937	33.30	-0.0150	-0.0010	-1.0810	0.00	NULL	NULL	0
624	4	2	1	170803	084030.20	108.53831748	34.22480721	33.30	0.0860	0.0610	-0.9240	0.00	NULL	NULL	0
625	4	2	1	170803	084030.30	108.53831162	34.22480552	33.30	-0.0590	0.0660	-1.0390	0.00	NULL	NULL	0
626	4	2	1	170803	084030.40	108.53830556	34.22480371	33.30	-0.0120	-0.0700	-1.0060	0.00	NULL	NULL	0
627	4	2	1	170803	084030.50	108.53829963	34.22480211	33.30	-0.0270	0.0140	-0.9710	0.00	NULL	NULL	0
628	4	2	1	170803	084030.60	108.53829305	34.22480149	33.30	0.0840	0.0370	-0.9930	0.00	NULL	NULL	0
629	4	2	1	170803	084030.70	108.53828714	34.22479986	33.30	0.1850	-0.0820	-0.9910	2.02	NULL	NULL	0
630	4	2	1	170803	084030.80	108.53828192	34.22479786	33.30	0.2130	-0.0020	-0.9810	2.02	NULL	NULL	0
631	4	2	1	170803	084030.90	108.53827600	34.22479627	33.30	0.0420	0.0150	-1.0180	2.02	NULL	NULL	0
632	4	2	1	170803	084031.00	108.53826996	34.22479447	33.30	0.0630	-0.0550	-1.0940	1.96	NULL	NULL	0
633	4	2	1	170803	084031.10	108.53826402	34.22479287	33.30	-0.0130	-0.0280	-1.0240	1.96	NULL	NULL	0
634	4	2	1	170803	084031.20	108.53825792	34.22479142	33.30	0.0640	-0.0170	-0.9980	1.96	NULL	NULL	0
635	4	2	1	170803	084031.30	108.53825194	34.22478976	33.30	0.1160	0.0100	-0.9430	3.04	NULL	NULL	0
636	4	2	1	170803	084031.40	108.53824605	34.22478895	33.30	0.0690	0.0410	-0.9340	3.04	NULL	NULL	0
637	4	2	1	170803	084031.50	108.53824008	34.22478727	33.30	0.0940	-0.0060	-1.0080	3.04	NULL	NULL	0
638	4	2	1	170803	084031.60	108.53823395	34.22478488	33.30	0.0960	-0.0320	-0.9710	3.38	NULL	NULL	0
639	4	2	1	170803	084031.70	108.53822792	34.22478323	33.30	0.1150	0.0190	-0.9910	3.38	NULL	NULL	0
640	4	2	1	170803	084031.80	108.53822182	34.22478150	35.15	-0.0440	0.0650	-1.0160	3.38	NULL	NULL	0
641	4	2	1	170803	084031.90	108.53821573	34.22477986	35.15	0.0720	0.0080	-1.0160	3.38	NULL	NULL	0
642	4	2	1	170803	084032.00	108.53820965	34.22477834	35.15	0.1250	0.0390	-1.0510	4.22	NULL	NULL	0
643	4	2	1	170803	084032.10	108.53820356	34.22477666	35.15	-0.0250	-0.0240	-0.9410	4.22	NULL	NULL	0
644	4	2	1	170803	084032.20	108.53819744	34.22477494	35.15	-0.0420	-0.0270	-0.9250	4.22	NULL	NULL	0
645	4	2	1	170803	084032.30	108.53819134	34.22477331	35.15	0.0860	0.0430	-0.9040	3.32	NULL	NULL	0
646	4	2	1	170803	084032.40	108.53818543	34.22477105	35.15	-0.0070	-0.0080	-0.9990	3.32	NULL	NULL	0
647	4	2	1	170803	084032.50	108.53817930	34.22476941	35.15	0.0760	0.0170	-1.0650	3.32	NULL	NULL	0
648	4	2	1	170803	084032.60	108.53817321	34.22476761	35.15	0.0190	0.0090	-1.0300	2.89	NULL	NULL	0
649	4	2	1	170803	084032.70	108.53816705	34.22476601	35.15	-0.0250	0.0580	-1.0020	2.89	NULL	NULL	0
650	4	2	1	170803	084032.80	108.53816085	34.22476449	35.15	-0.0080	0.0340	-1.0200	2.89	NULL	NULL	0
651	4	2	1	170803	084032.90	108.53815470	34.22476287	35.15	-0.0690	-0.0240	-0.9930	3.06	NULL	NULL	0
652	4	2	1	170803	084033.00	108.53814817	34.22476213	35.15	0.0010	-0.0530	-0.9740	3.06	NULL	NULL	0
653	4	2	1	170803	084033.10	108.53814204	34.22476053	35.15	0.0480	0.0280	-1.0310	3.06	NULL	NULL	0
654	4	2	1	170803	084033.20	108.53813592	34.22475892	35.15	-0.0690	0.0610	-1.0450	2.86	NULL	NULL	0
655	4	2	1	170803	084033.30	108.53812977	34.22475738	35.15	0.0680	0.0420	-1.0640	2.86	NULL	NULL	0
656	4	2	1	170803	084033.40	108.53812367	34.22475579	35.15	0.0260	-0.0400	-1.0170	2.86	NULL	NULL	0
657	4	2	1	170803	084033.50	108.53811754	34.22475421	35.15	0.0570	-0.0150	-0.9950	1.88	NULL	NULL	0
658	4	2	1	170803	084033.60	108.53811146	34.22475266	33.30	0.0050	0.0510	-0.9800	1.88	NULL	NULL	0
659	4	2	1	170803	084033.70	108.53810539	34.22475111	33.30	0.0140	-0.0180	-1.0280	1.88	NULL	NULL	0
660	4	2	1	170803	084033.80	108.53809940	34.22474933	33.30	0.0770	0.0160	-0.9740	1.87	NULL	NULL	0
661	4	2	1	170803	084033.90	108.53809335	34.22474778	33.30	0.0230	-0.0170	-0.9490	1.87	NULL	NULL	0
662	4	2	1	170803	084034.00	108.53808733	34.22474625	33.30	-0.0910	0.0190	-1.0030	1.87	NULL	NULL	0
663	4	2	1	170803	084034.10	108.53808131	34.22474473	33.30	-0.0060	0.0250	-1.0090	1.87	NULL	NULL	0
664	4	2	1	170803	084034.20	108.53807530	34.22474325	33.30	-0.0810	0.0490	-1.0010	1.87	NULL	NULL	0
665	4	2	1	170803	084034.30	108.53806934	34.22474172	33.30	0.0750	-0.0150	-0.9970	1.87	NULL	NULL	0
666	4	2	1	170803	084034.40	108.53806342	34.22474020	33.30	-0.0250	0.0210	-0.9940	1.81	NULL	NULL	0
667	4	2	1	170803	084034.50	108.53805748	34.22473869	33.30	0.0250	-0.0350	-1.0060	1.81	NULL	NULL	0
668	4	2	1	170803	084034.60	108.53805156	34.22473722	33.30	-0.0070	0.0230	-0.9950	1.81	NULL	NULL	0
669	4	2	1	170803	084034.70	108.53804569	34.22473573	33.30	-0.0580	-0.0020	-1.0120	1.74	NULL	NULL	0
670	4	2	1	170803	084034.80	108.53803983	34.22473425	33.30	-0.0870	-0.0240	-1.0120	1.74	NULL	NULL	0
671	4	2	1	170803	084034.90	108.53803401	34.22473278	33.30	-0.0640	-0.0240	-0.9760	1.74	NULL	NULL	0
672	4	2	1	170803	084035.00	108.53802821	34.22473127	33.30	-0.0910	-0.0280	-0.9760	1.72	NULL	NULL	0
673	4	2	1	170803	084035.10	108.53802241	34.22472977	33.30	0.0050	0.0170	-0.9710	1.72	NULL	NULL	0
674	4	2	1	170803	084035.20	108.53801656	34.22472845	33.30	-0.0510	-0.0360	-0.9810	1.72	NULL	NULL	0
675	4	2	1	170803	084035.30	108.53801078	34.22472693	33.30	0.0910	0.0060	-0.9930	1.79	NULL	NULL	0
676	4	2	1	170803	084035.40	108.53800511	34.22472524	31.45	0.0430	0.0050	-0.9580	1.79	NULL	NULL	0
677	4	2	1	170803	084035.50	108.53799938	34.22472372	31.45	0.0700	0.0630	-0.9920	1.79	NULL	NULL	0
678	4	2	1	170803	084035.60	108.53799361	34.22472218	33.30	0.1060	-0.0060	-0.9580	1.82	NULL	NULL	0
679	4	2	1	170803	084035.70	108.53798788	34.22472068	31.45	-0.0350	-0.0510	-0.9910	1.82	NULL	NULL	0
680	4	2	1	170803	084035.80	108.53798217	34.22471911	31.45	-0.0240	0.0860	-0.8990	1.82	NULL	NULL	0
681	4	2	1	170803	084035.90	108.53797644	34.22471760	31.45	0.0720	-0.0380	-0.9690	1.82	NULL	NULL	0
682	4	2	1	170803	084036.00	108.53797074	34.22471604	31.45	-0.0070	-0.0020	-0.9940	1.87	NULL	NULL	0
683	4	2	1	170803	084036.10	108.53796502	34.22471453	31.45	0.1260	-0.0270	-1.0320	1.87	NULL	NULL	0
684	4	2	1	170803	084036.20	108.53795927	34.22471296	33.30	0.1500	-0.0270	-0.9770	1.87	NULL	NULL	0
685	4	2	1	170803	084036.30	108.53795351	34.22471142	33.30	0.0750	-0.0120	-0.9880	2.02	NULL	NULL	0
686	4	2	1	170803	084036.40	108.53794814	34.22470896	33.30	0.0410	0.0500	-0.9620	2.02	NULL	NULL	0
687	4	2	1	170803	084036.50	108.53794235	34.22470743	33.30	0.0240	-0.0150	-0.9480	2.02	NULL	NULL	0
688	4	2	1	170803	084036.60	108.53793661	34.22470582	33.30	-0.0080	-0.0190	-1.0200	2.67	NULL	NULL	0
689	4	2	1	170803	084036.70	108.53793081	34.22470424	33.30	0.0320	0.0580	-1.0400	2.67	NULL	NULL	0
690	4	2	1	170803	084036.80	108.53792484	34.22470302	33.30	0.0150	0.0200	-1.0470	2.67	NULL	NULL	0
691	4	2	1	170803	084036.90	108.53791902	34.22470146	33.30	0.1010	-0.0410	-1.0490	3.70	NULL	NULL	0
692	4	2	1	170803	084037.00	108.53791324	34.22469970	33.30	0.0490	-0.0160	-0.9900	3.70	NULL	NULL	0
693	4	2	1	170803	084037.10	108.53790739	34.22469816	33.30	0.0290	-0.0210	-0.9790	3.70	NULL	NULL	0
694	4	2	1	170803	084037.20	108.53790154	34.22469655	33.30	0.0170	0.0160	-0.9980	3.67	NULL	NULL	0
695	4	2	1	170803	084037.30	108.53789569	34.22469500	33.30	0.0380	0.0160	-0.9930	3.67	NULL	NULL	0
696	4	2	1	170803	084037.40	108.53788976	34.22469357	33.30	-0.0150	0.0660	-1.0090	3.67	NULL	NULL	0
697	4	2	1	170803	084037.50	108.53788389	34.22469203	33.30	0.0500	-0.0210	-1.0090	3.02	NULL	NULL	0
698	4	2	1	170803	084037.60	108.53787769	34.22469123	33.30	0.0140	0.0160	-1.0360	3.02	NULL	NULL	0
699	4	2	1	170803	084037.70	108.53787181	34.22468967	33.30	0.0080	-0.0210	-0.9620	3.02	NULL	NULL	0
700	4	2	1	170803	084037.80	108.53786592	34.22468824	33.30	-0.0240	0.0150	-1.0270	2.89	NULL	NULL	0
701	4	2	1	170803	084037.90	108.53786008	34.22468669	33.30	0.0900	0.0320	-0.9770	2.89	NULL	NULL	0
702	4	2	1	170803	084038.00	108.53785437	34.22468487	33.30	0.0410	-0.0190	-1.0040	2.89	NULL	NULL	0
703	4	2	1	170803	084038.10	108.53784855	34.22468335	33.30	0.0700	0.0380	-0.9950	2.26	NULL	NULL	0
704	4	2	1	170803	084038.20	108.53784274	34.22468171	33.30	0.0120	0.0330	-0.9890	2.26	NULL	NULL	0
705	4	2	1	170803	084038.30	108.53783689	34.22468022	33.30	-0.0170	-0.0190	-0.9920	2.26	NULL	NULL	0
706	4	2	1	170803	084038.40	108.53783111	34.22467865	33.30	-0.0130	0.0220	-1.0260	1.90	NULL	NULL	0
707	4	2	1	170803	084038.50	108.53782527	34.22467717	33.30	-0.0490	-0.0300	-0.9800	1.90	NULL	NULL	0
708	4	2	1	170803	084038.60	108.53781953	34.22467550	33.30	-0.0550	0.0830	-0.9950	1.90	NULL	NULL	0
709	4	2	1	170803	084038.70	108.53781372	34.22467401	33.30	0.1650	0.0090	-1.0000	1.99	NULL	NULL	0
710	4	2	1	170803	084038.80	108.53780785	34.22467259	33.30	0.0410	-0.0230	-1.0320	1.99	NULL	NULL	0
711	4	2	1	170803	084038.90	108.53780197	34.22467109	33.30	0.0120	0.0220	-1.0470	1.99	NULL	NULL	0
712	4	2	1	170803	084039.00	108.53779596	34.22466993	33.30	0.0450	0.0110	-0.9700	2.11	NULL	NULL	0
713	4	2	1	170803	084039.10	108.53779008	34.22466841	33.30	0.0500	-0.0090	-1.0060	2.11	NULL	NULL	0
714	4	2	1	170803	084039.20	108.53778414	34.22466692	33.30	0.0280	0.0870	-1.0230	2.11	NULL	NULL	0
715	4	2	1	170803	084039.30	108.53777818	34.22466540	33.30	0.1050	0.0110	-1.0340	3.03	NULL	NULL	0
716	4	2	1	170803	084039.40	108.53777226	34.22466370	33.30	0.0220	0.0120	-0.9890	3.03	NULL	NULL	0
717	4	2	1	170803	084039.50	108.53776626	34.22466212	33.30	0.1660	-0.0640	-0.9250	3.03	NULL	NULL	0
718	4	2	1	170803	084039.60	108.53776019	34.22466056	33.30	0.0980	-0.0800	-1.0100	4.01	NULL	NULL	0
719	4	2	1	170803	084039.70	108.53775414	34.22465892	33.30	0.0510	-0.0640	-0.9930	4.01	NULL	NULL	0
720	4	2	1	170803	084039.80	108.53774782	34.22465769	35.15	-0.0240	-0.0110	-1.0130	4.01	NULL	NULL	0
721	4	2	1	170803	084039.90	108.53774169	34.22465606	35.15	0.0110	-0.0390	-0.9720	4.01	NULL	NULL	0
722	4	2	1	170803	084040.00	108.53773568	34.22465406	35.15	-0.0770	-0.0170	-1.0450	4.70	NULL	NULL	0
723	4	2	1	170803	084040.10	108.53772950	34.22465241	35.15	0.1190	-0.0480	-0.9620	4.70	NULL	NULL	0
724	4	2	1	170803	084040.20	108.53772335	34.22465068	35.15	0.0700	-0.0520	-1.0350	4.70	NULL	NULL	0
725	4	2	1	170803	084040.30	108.53771717	34.22464900	35.15	0.0580	-0.0680	-0.9810	5.15	NULL	NULL	0
726	4	2	1	170803	084040.40	108.53771092	34.22464730	35.15	0.0740	-0.1050	-0.9750	5.15	NULL	NULL	0
727	4	2	1	170803	084040.50	108.53770467	34.22464563	35.15	0.0170	-0.0570	-0.9990	5.15	NULL	NULL	0
728	4	2	1	170803	084040.60	108.53769847	34.22464374	35.15	0.1150	0.0080	-1.0010	3.74	NULL	NULL	0
729	4	2	1	170803	084040.70	108.53769220	34.22464203	35.15	0.0790	-0.0560	-0.9780	3.74	NULL	NULL	0
730	4	2	1	170803	084040.80	108.53768590	34.22464026	35.15	0.0250	-0.0300	-1.0800	3.74	NULL	NULL	0
731	4	2	1	170803	084040.90	108.53767954	34.22463855	35.15	-0.0070	-0.0700	-1.0060	3.33	NULL	NULL	0
732	4	2	1	170803	084041.00	108.53767314	34.22463682	37.00	0.0600	-0.0450	-0.9380	3.33	NULL	NULL	0
733	4	2	1	170803	084041.10	108.53766669	34.22463508	37.00	0.0630	-0.0510	-0.9740	3.33	NULL	NULL	0
734	4	2	1	170803	084041.20	108.53766021	34.22463329	37.00	0.0730	0.0060	-0.9920	4.58	NULL	NULL	0
735	4	2	1	170803	084041.30	108.53765370	34.22463153	37.00	0.0490	-0.0220	-1.0020	4.58	NULL	NULL	0
736	4	2	1	170803	084041.40	108.53764717	34.22462978	37.00	0.0330	0.0340	-1.0240	4.58	NULL	NULL	0
737	4	2	1	170803	084041.50	108.53764062	34.22462805	37.00	0.0320	-0.0440	-1.0290	5.20	NULL	NULL	0
738	4	2	1	170803	084041.60	108.53763403	34.22462627	37.00	0.0680	-0.0060	-1.0030	5.20	NULL	NULL	0
739	4	2	1	170803	084041.70	108.53762743	34.22462455	37.00	-0.0170	0.0350	-1.0390	5.20	NULL	NULL	0
740	4	2	1	170803	084041.80	108.53762073	34.22462293	37.00	0.0290	0.0290	-1.0150	5.98	NULL	NULL	0
741	4	2	1	170803	084041.90	108.53761413	34.22462119	37.00	-0.0140	-0.0010	-1.0070	5.98	NULL	NULL	0
742	4	2	1	170803	084042.00	108.53760752	34.22461939	37.00	-0.0130	0.0040	-1.0120	5.98	NULL	NULL	0
743	4	2	1	170803	084042.10	108.53760089	34.22461765	37.00	0.0070	0.0620	-1.0110	3.63	NULL	NULL	0
744	4	2	1	170803	084042.20	108.53759414	34.22461614	37.00	-0.0550	0.0110	-1.0330	3.63	NULL	NULL	0
745	4	2	1	170803	084042.30	108.53758750	34.22461441	37.00	-0.0020	0.0220	-1.0140	3.63	NULL	NULL	0
746	4	2	1	170803	084042.40	108.53758090	34.22461258	37.00	-0.0140	0.0240	-0.9750	3.02	NULL	NULL	0
747	4	2	1	170803	084042.50	108.53757428	34.22461087	37.00	0.0340	0.0300	-0.9740	3.02	NULL	NULL	0
748	4	2	1	170803	084042.60	108.53756763	34.22460918	37.00	-0.0010	0.0870	-1.0550	3.02	NULL	NULL	0
749	4	2	1	170803	084042.70	108.53756102	34.22460750	37.00	-0.0200	0.0690	-0.9780	2.62	NULL	NULL	0
750	4	2	1	170803	084042.80	108.53755446	34.22460570	37.00	-0.0590	-0.0370	-1.0670	2.62	NULL	NULL	0
751	4	2	1	170803	084042.90	108.53754788	34.22460407	37.00	0.0160	0.0490	-1.0070	2.62	NULL	NULL	0
752	4	2	1	170803	084043.00	108.53754127	34.22460241	37.00	0.0390	0.0630	-0.9740	2.26	NULL	NULL	0
753	4	2	1	170803	084043.10	108.53753471	34.22460076	37.00	0.0000	-0.0190	-1.0050	2.26	NULL	NULL	0
754	4	2	1	170803	084043.20	108.53752814	34.22459916	37.00	0.0360	0.0100	-0.9510	2.26	NULL	NULL	0
755	4	2	1	170803	084043.30	108.53752161	34.22459755	37.00	-0.0740	0.0560	-0.9660	2.13	NULL	NULL	0
756	4	2	1	170803	084043.40	108.53751512	34.22459592	37.00	-0.0670	0.0070	-0.9860	2.13	NULL	NULL	0
757	4	2	1	170803	084043.50	108.53750862	34.22459431	37.00	-0.0540	-0.0190	-0.9810	2.13	NULL	NULL	0
758	4	2	1	170803	084043.60	108.53750208	34.22459285	37.00	-0.0580	-0.0150	-0.9960	1.99	NULL	NULL	0
759	4	2	1	170803	084043.70	108.53749562	34.22459125	37.00	0.0330	-0.0310	-0.9620	1.99	NULL	NULL	0
760	4	2	1	170803	084043.80	108.53748918	34.22458968	37.00	0.0290	0.0030	-1.0370	1.99	NULL	NULL	0
761	4	2	1	170803	084043.90	108.53748278	34.22458809	35.15	-0.1540	-0.0220	-1.0180	1.99	NULL	NULL	0
762	4	2	1	170803	084044.00	108.53747640	34.22458654	35.15	-0.1620	0.0130	-1.0870	1.88	NULL	NULL	0
763	4	2	1	170803	084044.10	108.53747009	34.22458494	35.15	-0.1230	-0.0520	-1.0440	1.88	NULL	NULL	0
764	4	2	1	170803	084044.20	108.53746381	34.22458331	35.15	-0.1240	0.0550	-1.0510	1.88	NULL	NULL	0
765	4	2	1	170803	084044.30	108.53745749	34.22458175	35.15	-0.0060	0.0380	-1.0000	1.80	NULL	NULL	0
766	4	2	1	170803	084044.40	108.53745092	34.22458092	35.15	-0.0300	-0.0230	-1.0370	1.80	NULL	NULL	0
767	4	2	1	170803	084044.50	108.53744469	34.22457934	35.15	0.0180	-0.0300	-1.0150	1.80	NULL	NULL	0
768	4	2	1	170803	084044.60	108.53743880	34.22457700	35.15	0.0510	0.0210	-0.9360	1.74	NULL	NULL	0
769	4	2	1	170803	084044.70	108.53743264	34.22457546	35.15	-0.0720	-0.0100	-0.9760	1.74	NULL	NULL	0
770	4	2	1	170803	084044.80	108.53742646	34.22457399	35.15	-0.0600	-0.0180	-0.9790	1.74	NULL	NULL	0
771	4	2	1	170803	084044.90	108.53742032	34.22457248	35.15	-0.1380	-0.0240	-0.9850	1.77	NULL	NULL	0
772	4	2	1	170803	084045.00	108.53741434	34.22457075	33.30	-0.1890	-0.0610	-1.0440	1.77	NULL	NULL	0
773	4	2	1	170803	084045.10	108.53740830	34.22456927	33.30	-0.1270	-0.0130	-0.9950	1.77	NULL	NULL	0
774	4	2	1	170803	084045.20	108.53740233	34.22456772	33.30	-0.1960	-0.0690	-0.9920	0.00	NULL	NULL	0
775	4	2	1	170803	084045.30	108.53739635	34.22456618	33.30	0.0330	0.0220	-0.9780	0.00	NULL	NULL	0
776	4	2	1	170803	084045.40	108.53739043	34.22456473	33.30	-0.0910	0.0410	-0.9870	0.00	NULL	NULL	0
777	4	2	1	170803	084045.50	108.53738452	34.22456326	33.30	0.0120	0.0310	-0.9580	0.00	NULL	NULL	0
778	4	2	1	170803	084045.60	108.53737867	34.22456185	33.30	0.0640	0.0130	-0.9910	0.00	NULL	NULL	0
779	4	2	1	170803	084045.70	108.53737286	34.22456039	33.30	-0.1060	0.0150	-0.9740	0.00	NULL	NULL	0
780	4	2	1	170803	084045.80	108.53736709	34.22455888	33.30	-0.0630	-0.0140	-1.0390	0.00	NULL	NULL	0
781	4	2	1	170803	084045.90	108.53736138	34.22455742	31.45	-0.1120	-0.0170	-0.9490	0.00	NULL	NULL	0
782	4	2	1	170803	084046.00	108.53735565	34.22455589	31.45	-0.1380	-0.0430	-0.9970	0.00	NULL	NULL	0
783	4	2	1	170803	084046.10	108.53734991	34.22455443	31.45	0.0610	0.0160	-0.9760	0.00	NULL	NULL	0
784	4	2	1	170803	084046.20	108.53734423	34.22455290	31.45	0.1020	0.0370	-0.9680	0.00	NULL	NULL	0
785	4	2	1	170803	084046.30	108.53733852	34.22455145	31.45	0.0990	-0.0180	-0.9620	0.00	NULL	NULL	0
786	4	2	1	170803	084046.40	108.53733279	34.22455003	31.45	0.0100	-0.0500	-0.9620	0.00	NULL	NULL	0
787	4	2	1	170803	084046.50	108.53732711	34.22454858	31.45	-0.1370	-0.0480	-0.9460	0.00	NULL	NULL	0
788	4	2	1	170803	084046.60	108.53732145	34.22454718	31.45	-0.1340	0.0580	-0.9690	0.00	NULL	NULL	0
789	4	2	1	170803	084046.70	108.53731576	34.22454576	31.45	-0.0070	-0.0150	-0.9810	1.97	NULL	NULL	0
790	4	2	1	170803	084046.80	108.53731016	34.22454431	31.45	-0.0290	-0.0040	-0.9950	1.97	NULL	NULL	0
791	4	2	1	170803	084046.90	108.53730456	34.22454289	31.45	0.0390	0.0180	-1.0010	1.97	NULL	NULL	0
792	4	2	1	170803	084047.00	108.53729890	34.22454170	31.45	0.0070	0.0030	-0.9600	1.95	NULL	NULL	0
793	4	2	1	170803	084047.10	108.53729336	34.22454030	31.45	-0.0060	0.0470	-0.9910	1.95	NULL	NULL	0
794	4	2	1	170803	084047.20	108.53728785	34.22453890	31.45	-0.0250	-0.0760	-0.9940	1.95	NULL	NULL	0
795	4	2	1	170803	084047.30	108.53728231	34.22453752	31.45	-0.1000	0.0430	-1.0220	1.90	NULL	NULL	0
796	4	2	1	170803	084047.40	108.53727673	34.22453623	31.45	-0.0850	0.0060	-1.0160	1.90	NULL	NULL	0
797	4	2	1	170803	084047.50	108.53727121	34.22453484	31.45	-0.0890	-0.0810	-0.9790	1.90	NULL	NULL	0
798	4	2	1	170803	084047.60	108.53726579	34.22453320	31.45	-0.0160	0.0060	-0.9760	2.38	NULL	NULL	0
799	4	2	1	170803	084047.70	108.53726025	34.22453184	31.45	-0.0900	0.0100	-0.9870	2.38	NULL	NULL	0
800	4	2	1	170803	084047.80	108.53725460	34.22453059	31.45	-0.0130	-0.0700	-0.9370	2.38	NULL	NULL	0
801	4	2	1	170803	084047.90	108.53724903	34.22452916	31.45	0.3100	0.0490	-1.0110	2.38	NULL	NULL	0
802	4	2	1	170803	084048.00	108.53724323	34.22452796	31.45	0.2000	-0.0090	-1.0700	4.60	NULL	NULL	0
803	4	2	1	170803	084048.10	108.53723742	34.22452655	33.30	0.1240	-0.0720	-1.1410	4.60	NULL	NULL	0
804	4	2	1	170803	084048.20	108.53723176	34.22452468	33.30	0.0670	-0.0880	-0.9830	4.60	NULL	NULL	0
805	4	2	1	170803	084048.30	108.53722581	34.22452323	33.30	0.0040	-0.0720	-1.0850	6.82	NULL	NULL	0
806	4	2	1	170803	084048.40	108.53721987	34.22452175	33.30	0.1840	-0.0070	-0.9810	6.82	NULL	NULL	0
807	4	2	1	170803	084048.50	108.53721386	34.22452029	33.30	0.0630	-0.0280	-1.0120	6.82	NULL	NULL	0
808	4	2	1	170803	084048.60	108.53720771	34.22451883	35.15	-0.1400	-0.0860	-1.0920	7.33	NULL	NULL	0
809	4	2	1	170803	084048.70	108.53720150	34.22451728	35.15	-0.1710	0.0160	-1.0030	7.33	NULL	NULL	0
810	4	2	1	170803	084048.80	108.53719538	34.22451573	35.15	-0.0230	0.0260	-0.0050	7.33	NULL	NULL	0
811	4	2	1	170803	084048.90	108.53718945	34.22451426	33.30	0.1270	0.0680	-0.0730	7.13	NULL	NULL	0
812	4	2	1	170803	084049.00	108.53718337	34.22451280	33.30	-0.1410	-0.0320	-1.3460	7.13	NULL	NULL	0
813	4	2	1	170803	084049.10	108.53717720	34.22451130	35.15	0.0430	-0.0230	-1.2580	7.13	NULL	NULL	0
814	4	2	1	170803	084049.20	108.53717095	34.22450977	35.15	0.0600	-0.0200	-0.9650	4.97	NULL	NULL	0
815	4	2	1	170803	084049.30	108.53716478	34.22450821	35.15	-0.0410	0.0380	-0.9490	4.97	NULL	NULL	0
816	4	2	1	170803	084049.40	108.53715859	34.22450671	35.15	-0.0460	-0.0310	-0.8590	4.97	NULL	NULL	0
817	4	2	1	170803	084049.50	108.53715246	34.22450515	35.15	-0.0030	-0.0280	-0.9420	4.31	NULL	NULL	0
818	4	2	1	170803	084049.60	108.53714643	34.22450339	35.15	-0.0210	-0.0130	-0.9960	4.31	NULL	NULL	0
819	4	2	1	170803	084049.70	108.53714036	34.22450185	33.30	0.0400	-0.0390	-1.0420	4.31	NULL	NULL	0
820	4	2	1	170803	084049.80	108.53713430	34.22450029	33.30	0.0090	-0.0110	-1.0360	3.48	NULL	NULL	0
821	4	2	1	170803	084049.90	108.53712823	34.22449871	33.30	0.0210	-0.0050	-1.0640	3.48	NULL	NULL	0
822	4	2	1	170803	084050.00	108.53712217	34.22449719	33.30	0.0540	-0.0020	-0.9890	3.48	NULL	NULL	0
823	4	2	1	170803	084050.10	108.53711615	34.22449561	33.30	-0.1420	-0.0070	-0.9690	2.41	NULL	NULL	0
824	4	2	1	170803	084050.20	108.53711013	34.22449414	33.30	-0.1650	0.0040	-0.9730	2.41	NULL	NULL	0
825	4	2	1	170803	084050.30	108.53710415	34.22449258	33.30	-0.0040	0.0000	-0.9340	2.41	NULL	NULL	0
826	4	2	1	170803	084050.40	108.53709826	34.22449092	33.30	-0.0200	-0.0060	-1.0270	2.22	NULL	NULL	0
827	4	2	1	170803	084050.50	108.53709232	34.22448936	33.30	0.0850	-0.0110	-1.0270	2.22	NULL	NULL	0
828	4	2	1	170803	084050.60	108.53708634	34.22448787	33.30	0.0660	0.0170	-0.9660	2.22	NULL	NULL	0
829	4	2	1	170803	084050.70	108.53708041	34.22448631	33.30	0.0300	0.0040	-0.9790	2.00	NULL	NULL	0
830	4	2	1	170803	084050.80	108.53707451	34.22448474	33.30	0.0110	0.0390	-0.9840	2.00	NULL	NULL	0
831	4	2	1	170803	084050.90	108.53706855	34.22448321	33.30	0.0440	-0.0050	-1.0510	2.00	NULL	NULL	0
832	4	2	1	170803	084051.00	108.53706255	34.22448162	33.30	0.0040	0.0020	-1.0330	2.50	NULL	NULL	0
833	4	2	1	170803	084051.10	108.53705656	34.22448008	33.30	0.0880	0.0320	-0.9640	2.50	NULL	NULL	0
834	4	2	1	170803	084051.20	108.53705051	34.22447850	33.30	0.0390	0.0040	-0.9690	2.50	NULL	NULL	0
835	4	2	1	170803	084051.30	108.53704448	34.22447696	33.30	0.0630	0.0390	-0.9600	3.75	NULL	NULL	0
836	4	2	1	170803	084051.40	108.53703842	34.22447543	33.30	0.0510	0.0560	-1.0120	3.75	NULL	NULL	0
837	4	2	1	170803	084051.50	108.53703234	34.22447389	33.30	-0.0120	0.0260	-1.0350	3.75	NULL	NULL	0
838	4	2	1	170803	084051.60	108.53702617	34.22447241	35.15	0.0570	0.0240	-1.0340	4.51	NULL	NULL	0
839	4	2	1	170803	084051.70	108.53702004	34.22447087	35.15	0.0260	0.0100	-0.9900	4.51	NULL	NULL	0
840	4	2	1	170803	084051.80	108.53701381	34.22446941	35.15	-0.0200	-0.0030	-1.0420	4.51	NULL	NULL	0
841	4	2	1	170803	084051.90	108.53700757	34.22446785	35.15	0.0140	-0.0300	-1.0280	4.51	NULL	NULL	0
842	4	2	1	170803	084052.00	108.53700127	34.22446631	35.15	0.0000	-0.0050	-0.9580	5.02	NULL	NULL	0
843	4	2	1	170803	084052.10	108.53699503	34.22446475	35.15	0.1080	0.0030	-0.9770	5.02	NULL	NULL	0
844	4	2	1	170803	084052.20	108.53698891	34.22446305	35.15	0.0500	0.0320	-1.0210	5.02	NULL	NULL	0
845	4	2	1	170803	084052.30	108.53698265	34.22446150	35.15	0.0050	-0.0170	-1.0620	5.23	NULL	NULL	0
846	4	2	1	170803	084052.40	108.53697636	34.22445990	35.15	-0.0160	-0.0030	-1.0490	5.23	NULL	NULL	0
847	4	2	1	170803	084052.50	108.53696997	34.22445830	35.15	0.0380	-0.0010	-0.9580	5.23	NULL	NULL	0
848	4	2	1	170803	084052.60	108.53696385	34.22445668	35.15	-0.0020	0.0240	-0.9330	4.74	NULL	NULL	0
849	4	2	1	170803	084052.70	108.53695757	34.22445514	35.15	0.0780	-0.0030	-0.9180	4.74	NULL	NULL	0
850	4	2	1	170803	084052.80	108.53695189	34.22445431	35.15	0.0210	0.0060	-0.9570	4.74	NULL	NULL	0
851	4	2	1	170803	084052.90	108.53694563	34.22445272	35.15	0.0540	-0.0210	-0.9920	3.89	NULL	NULL	0
852	4	2	1	170803	084053.00	108.53693967	34.22445139	35.15	0.0360	-0.0030	-1.0470	3.89	NULL	NULL	0
853	4	2	1	170803	084053.10	108.53693342	34.22444983	35.15	0.0300	-0.0110	-1.0710	3.89	NULL	NULL	0
854	4	2	1	170803	084053.20	108.53692718	34.22444802	35.15	0.0600	-0.0270	-1.0780	3.37	NULL	NULL	0
855	4	2	1	170803	084053.30	108.53692090	34.22444634	35.15	-0.0590	-0.0340	-0.9900	3.37	NULL	NULL	0
856	4	2	1	170803	084053.40	108.53691473	34.22444510	35.15	-0.0780	0.0090	-0.9230	3.37	NULL	NULL	0
857	4	2	1	170803	084053.50	108.53690854	34.22444350	35.15	-0.1190	-0.0410	-0.9680	2.78	NULL	NULL	0
858	4	2	1	170803	084053.60	108.53690285	34.22444208	35.15	-0.0670	0.0220	-0.9840	2.78	NULL	NULL	0
859	4	2	1	170803	084053.70	108.53689670	34.22444045	35.15	0.0490	0.0270	-1.0390	2.78	NULL	NULL	0
860	4	2	1	170803	084053.80	108.53688967	34.22443761	35.15	0.0640	0.0450	-1.0020	2.46	NULL	NULL	0
861	4	2	1	170803	084053.90	108.53688350	34.22443600	35.15	0.0950	0.0120	-1.0400	2.46	NULL	NULL	0
862	4	2	1	170803	084054.00	108.53687680	34.22443507	35.15	0.0960	-0.0180	-0.9710	2.46	NULL	NULL	0
863	4	2	1	170803	084054.10	108.53687044	34.22443338	35.15	-0.0030	-0.0040	-0.9760	2.59	NULL	NULL	0
864	4	2	1	170803	084054.20	108.53686340	34.22443108	35.15	0.0030	-0.0020	-0.9610	2.59	NULL	NULL	0
865	4	2	1	170803	084054.30	108.53685708	34.22442944	35.15	0.1160	-0.0150	-0.9090	2.59	NULL	NULL	0
866	4	2	1	170803	084054.40	108.53685160	34.22442921	35.15	0.1580	-0.0020	-1.0120	4.32	NULL	NULL	0
867	4	2	1	170803	084054.50	108.53684514	34.22442754	37.00	0.1460	0.0290	-1.0280	4.32	NULL	NULL	0
868	4	2	1	170803	084054.60	108.53683870	34.22442459	37.00	0.1830	0.0120	-1.0830	4.32	NULL	NULL	0
869	4	2	1	170803	084054.70	108.53683213	34.22442288	37.00	0.0090	-0.0270	-1.0130	5.81	NULL	NULL	0
870	4	2	1	170803	084054.80	108.53682496	34.22442097	37.00	0.0150	0.0420	-0.9900	5.81	NULL	NULL	0
871	4	2	1	170803	084054.90	108.53681832	34.22441928	37.00	0.0050	-0.0410	-0.9810	5.81	NULL	NULL	0
872	4	2	1	170803	084055.00	108.53681168	34.22441752	37.00	0.0370	0.0250	-0.9880	6.82	NULL	NULL	0
873	4	2	1	170803	084055.10	108.53680497	34.22441580	37.00	0.0530	-0.0260	-0.9700	6.82	NULL	NULL	0
874	4	2	1	170803	084055.20	108.53679820	34.22441405	37.00	0.1040	0.0220	-1.0370	6.82	NULL	NULL	0
875	4	2	1	170803	084055.30	108.53679145	34.22441231	38.85	-0.0030	-0.0360	-1.0420	7.60	NULL	NULL	0
876	4	2	1	170803	084055.40	108.53678504	34.22441187	38.85	0.0550	0.0220	-1.0180	7.60	NULL	NULL	0
877	4	2	1	170803	084055.50	108.53677823	34.22441011	38.85	0.0320	0.0210	-1.0100	7.60	NULL	NULL	0
878	4	2	1	170803	084055.60	108.53677133	34.22440828	38.85	0.0490	0.0550	-0.9410	5.44	NULL	NULL	0
879	4	2	1	170803	084055.70	108.53676454	34.22440656	38.85	0.0410	-0.0360	-0.9790	5.44	NULL	NULL	0
880	4	2	1	170803	084055.80	108.53675695	34.22440390	38.85	0.0730	0.0110	-1.0420	5.44	NULL	NULL	0
881	4	2	1	170803	084055.90	108.53675009	34.22440213	38.85	0.0630	-0.0170	-1.0630	5.44	NULL	NULL	0
882	4	2	1	170803	084056.00	108.53674335	34.22440048	38.85	-0.0120	-0.0060	-0.9850	4.19	NULL	NULL	0
883	4	2	1	170803	084056.10	108.53673652	34.22439875	38.85	0.0650	0.0460	-0.9630	4.19	NULL	NULL	0
884	4	2	1	170803	084056.20	108.53672991	34.22439721	38.85	-0.0360	-0.0320	-0.9610	4.19	NULL	NULL	0
885	4	2	1	170803	084056.30	108.53672310	34.22439548	38.85	-0.0450	0.0360	-0.9580	2.83	NULL	NULL	0
886	4	2	1	170803	084056.40	108.53671649	34.22439320	38.85	-0.0040	0.0460	-1.0190	2.83	NULL	NULL	0
887	4	2	1	170803	084056.50	108.53670972	34.22439152	38.85	-0.0000	-0.0100	-1.0520	2.83	NULL	NULL	0
888	4	2	1	170803	084056.60	108.53670283	34.22438989	38.85	0.0630	0.0180	-1.0380	2.58	NULL	NULL	0
889	4	2	1	170803	084056.70	108.53669604	34.22438818	38.85	-0.0150	-0.0050	-1.0330	2.58	NULL	NULL	0
890	4	2	1	170803	084056.80	108.53668914	34.22438662	37.00	0.0430	0.0490	-0.9710	2.58	NULL	NULL	0
891	4	2	1	170803	084056.90	108.53668244	34.22438499	37.00	-0.0960	-0.0040	-1.0120	2.26	NULL	NULL	0
892	4	2	1	170803	084057.00	108.53667582	34.22438309	37.00	-0.0140	0.0280	-1.0500	2.26	NULL	NULL	0
893	4	2	1	170803	084057.10	108.53666911	34.22438144	37.00	-0.1070	-0.0200	-1.0670	2.26	NULL	NULL	0
894	4	2	1	170803	084057.20	108.53666244	34.22437988	37.00	-0.0630	0.0120	-0.9640	2.06	NULL	NULL	0
895	4	2	1	170803	084057.30	108.53665576	34.22437824	37.00	-0.0420	0.0200	-0.9690	2.06	NULL	NULL	0
896	4	2	1	170803	084057.40	108.53664922	34.22437570	37.00	-0.0130	0.0440	-0.9740	2.06	NULL	NULL	0
897	4	2	1	170803	084057.50	108.53664264	34.22437410	37.00	-0.0460	0.0290	-0.9940	2.16	NULL	NULL	0
898	4	2	1	170803	084057.60	108.53663595	34.22437263	37.00	-0.1210	0.0220	-1.0370	2.16	NULL	NULL	0
899	4	2	1	170803	084057.70	108.53662936	34.22437102	37.00	-0.1210	0.0430	-1.0070	2.16	NULL	NULL	0
900	4	2	1	170803	084057.80	108.53662282	34.22436944	37.00	-0.0820	0.0630	-0.9230	2.03	NULL	NULL	0
901	4	2	1	170803	084057.90	108.53661631	34.22436789	37.00	-0.0570	0.0040	-0.9900	2.03	NULL	NULL	0
902	4	2	1	170803	084058.00	108.53660987	34.22436629	37.00	-0.0510	0.0070	-1.0210	2.03	NULL	NULL	0
903	4	2	1	170803	084058.10	108.53660342	34.22436474	37.00	-0.0730	-0.0210	-0.9840	1.89	NULL	NULL	0
904	4	2	1	170803	084058.20	108.53659698	34.22436326	35.15	-0.1080	0.0000	-0.9940	1.89	NULL	NULL	0
905	4	2	1	170803	084058.30	108.53659061	34.22436168	35.15	0.0200	0.0430	-0.9780	1.89	NULL	NULL	0
906	4	2	1	170803	084058.40	108.53658431	34.22436002	35.15	-0.0370	-0.0650	-0.9970	1.80	NULL	NULL	0
907	4	2	1	170803	084058.50	108.53657796	34.22435845	35.15	0.0240	0.0090	-0.9840	1.80	NULL	NULL	0
908	4	2	1	170803	084058.60	108.53657170	34.22435690	35.15	-0.0290	0.0160	-0.9960	1.80	NULL	NULL	0
909	4	2	1	170803	084058.70	108.53656541	34.22435537	35.15	-0.1580	-0.0410	-0.9780	1.92	NULL	NULL	0
910	4	2	1	170803	084058.80	108.53655922	34.22435378	35.15	-0.1360	-0.0090	-1.0210	1.92	NULL	NULL	0
911	4	2	1	170803	084058.90	108.53655300	34.22435222	35.15	-0.0660	-0.0280	-1.0350	1.92	NULL	NULL	0
912	4	2	1	170803	084059.00	108.53654680	34.22435069	35.15	-0.1550	-0.0310	-1.0410	1.83	NULL	NULL	0
913	4	2	1	170803	084059.10	108.53654066	34.22434917	35.15	-0.0730	-0.0030	-0.9720	1.83	NULL	NULL	0
914	4	2	1	170803	084059.20	108.53653458	34.22434760	33.30	-0.0590	0.0240	-1.0200	1.83	NULL	NULL	0
915	4	2	1	170803	084059.30	108.53652852	34.22434608	33.30	-0.0580	0.0500	-1.0360	0.00	NULL	NULL	0
916	4	2	1	170803	084059.40	108.53652251	34.22434455	33.30	-0.0120	-0.0350	-0.9890	0.00	NULL	NULL	0
917	4	2	1	170803	084059.50	108.53651657	34.22434299	33.30	-0.0740	0.0160	-0.9740	0.00	NULL	NULL	0
918	4	2	1	170803	084059.60	108.53651063	34.22434146	33.30	-0.0860	0.0090	-0.9930	0.00	NULL	NULL	0
919	4	2	1	170803	084059.70	108.53650468	34.22433992	33.30	0.0720	0.0210	-0.9710	0.00	NULL	NULL	0
920	4	2	1	170803	084059.80	108.53649876	34.22433836	33.30	0.0500	0.0630	-0.9750	0.00	NULL	NULL	0
921	4	2	1	170803	084059.90	108.53649283	34.22433682	33.30	0.1420	0.0500	-1.0000	0.00	NULL	NULL	0
922	4	2	1	170803	084100.00	108.53648691	34.22433530	33.30	0.1540	0.0270	-0.9550	0.00	NULL	NULL	0
923	4	2	1	170803	084100.10	108.53648099	34.22433378	33.30	-0.1000	0.0340	-0.9910	0.00	NULL	NULL	0
924	4	2	1	170803	084100.20	108.53647510	34.22433228	33.30	-0.0800	-0.0650	-0.9800	0.00	NULL	NULL	0
925	4	2	1	170803	084100.30	108.53646916	34.22433078	33.30	0.1000	0.0600	-1.0520	2.03	NULL	NULL	0
926	4	2	1	170803	084100.40	108.53646320	34.22432927	33.30	0.0650	0.0020	-0.9780	2.03	NULL	NULL	0
927	4	2	1	170803	084100.50	108.53645725	34.22432780	33.30	0.1530	0.0190	-0.9540	2.03	NULL	NULL	0
928	4	2	1	170803	084100.60	108.53645123	34.22432630	33.30	0.0950	0.0230	-0.9910	2.65	NULL	NULL	0
929	4	2	1	170803	084100.70	108.53644521	34.22432479	33.30	0.0720	0.0150	-0.9720	2.65	NULL	NULL	0
930	4	2	1	170803	084100.80	108.53643916	34.22432329	33.30	0.0380	0.0090	-1.0170	2.65	NULL	NULL	0
931	4	2	1	170803	084100.90	108.53643310	34.22432177	33.30	0.0590	-0.0110	-0.9710	3.44	NULL	NULL	0
932	4	2	1	170803	084101.00	108.53642702	34.22432025	33.30	0.0440	0.0160	-0.9530	3.44	NULL	NULL	0
933	4	2	1	170803	084101.10	108.53642094	34.22431872	33.30	0.0590	0.0390	-1.0280	3.44	NULL	NULL	0
934	4	2	1	170803	084101.20	108.53641485	34.22431722	33.30	0.0130	-0.0580	-1.0220	4.41	NULL	NULL	0
935	4	2	1	170803	084101.30	108.53640874	34.22431565	35.15	0.0230	0.0240	-1.0020	4.41	NULL	NULL	0
936	4	2	1	170803	084101.40	108.53640263	34.22431410	35.15	-0.0660	-0.0080	-1.0120	4.41	NULL	NULL	0
937	4	2	1	170803	084101.50	108.53639654	34.22431257	33.30	-0.0260	-0.0080	-1.0360	4.28	NULL	NULL	0
938	4	2	1	170803	084101.60	108.53639043	34.22431100	35.15	-0.0370	-0.0090	-1.0210	4.28	NULL	NULL	0
939	4	2	1	170803	084101.70	108.53638434	34.22430944	35.15	0.0200	-0.0070	-0.9480	4.28	NULL	NULL	0
940	4	2	1	170803	084101.80	108.53637825	34.22430790	33.30	0.0080	0.0170	-1.0050	3.18	NULL	NULL	0
941	4	2	1	170803	084101.90	108.53637213	34.22430635	35.15	0.0280	-0.0590	-0.9830	3.18	NULL	NULL	0
942	4	2	1	170803	084102.00	108.53636602	34.22430480	35.15	0.0040	-0.0230	-0.9850	3.18	NULL	NULL	0
943	4	2	1	170803	084102.10	108.53635992	34.22430324	35.15	-0.0430	0.0400	-1.0880	2.40	NULL	NULL	0
944	4	2	1	170803	084102.20	108.53635379	34.22430169	35.15	-0.0350	0.0000	-0.9910	2.40	NULL	NULL	0
945	4	2	1	170803	084102.30	108.53634763	34.22430016	35.15	-0.1170	0.0350	-1.0050	2.40	NULL	NULL	0
946	4	2	1	170803	084102.40	108.53634152	34.22429862	35.15	-0.0410	0.0620	-0.9280	2.73	NULL	NULL	0
947	4	2	1	170803	084102.50	108.53633541	34.22429707	35.15	0.0830	0.0150	-0.9450	2.73	NULL	NULL	0
948	4	2	1	170803	084102.60	108.53632925	34.22429554	35.15	-0.0090	0.0290	-1.0400	2.73	NULL	NULL	0
949	4	2	1	170803	084102.70	108.53632309	34.22429398	35.15	0.0350	-0.0440	-0.9880	2.78	NULL	NULL	0
950	4	2	1	170803	084102.80	108.53631691	34.22429245	35.15	0.0270	0.0160	-0.9530	2.78	NULL	NULL	0
951	4	2	1	170803	084102.90	108.53631078	34.22429095	35.15	0.0420	0.0180	-0.9300	2.78	NULL	NULL	0
952	4	2	1	170803	084103.00	108.53630463	34.22428941	35.15	-0.0190	0.0220	-1.0040	2.74	NULL	NULL	0
953	4	2	1	170803	084103.10	108.53629848	34.22428789	35.15	0.0860	-0.0440	-0.9970	2.74	NULL	NULL	0
954	4	2	1	170803	084103.20	108.53629235	34.22428635	35.15	0.0090	0.0310	-1.0100	2.74	NULL	NULL	0
955	4	2	1	170803	084103.30	108.53628622	34.22428482	35.15	0.0590	-0.0490	-1.0250	2.68	NULL	NULL	0
956	4	2	1	170803	084103.40	108.53628006	34.22428328	35.15	-0.0040	-0.0110	-1.0240	2.68	NULL	NULL	0
957	4	2	1	170803	084103.50	108.53627395	34.22428174	35.15	0.0120	-0.0160	-1.0080	2.68	NULL	NULL	0
958	4	2	1	170803	084103.60	108.53626783	34.22428017	35.15	0.0350	0.0110	-0.9860	1.76	NULL	NULL	0
959	4	2	1	170803	084103.70	108.53626176	34.22427866	33.30	0.0590	0.0270	-1.0100	1.76	NULL	NULL	0
960	4	2	1	170803	084103.80	108.53625570	34.22427712	33.30	0.0800	0.0220	-1.0400	1.76	NULL	NULL	0
961	4	2	1	170803	084103.90	108.53624965	34.22427556	33.30	0.0160	0.0110	-1.0490	1.76	NULL	NULL	0
962	4	2	1	170803	084104.00	108.53624360	34.22427402	33.30	0.0590	-0.0150	-1.0290	1.86	NULL	NULL	0
963	4	2	1	170803	084104.10	108.53623750	34.22427247	35.15	-0.1420	-0.0080	-1.0010	1.86	NULL	NULL	0
964	4	2	1	170803	084104.20	108.53623135	34.22427183	35.15	-0.0800	-0.0240	-0.9580	1.86	NULL	NULL	0
965	4	2	1	170803	084104.30	108.53622526	34.22427028	33.30	0.0320	0.0050	-0.9410	1.76	NULL	NULL	0
966	4	2	1	170803	084104.40	108.53621916	34.22426854	33.30	0.0880	0.0110	-1.0210	1.76	NULL	NULL	0
967	4	2	1	170803	084104.50	108.53621301	34.22426699	35.15	0.1190	-0.0260	-1.0460	1.76	NULL	NULL	0
968	4	2	1	170803	084104.60	108.53620683	34.22426535	35.15	0.0890	-0.0050	-1.0550	2.51	NULL	NULL	0
969	4	2	1	170803	084104.70	108.53620063	34.22426378	35.15	-0.0420	0.0200	-1.0510	2.51	NULL	NULL	0
970	4	2	1	170803	084104.80	108.53619444	34.22426222	35.15	0.0850	0.0000	-0.9890	2.51	NULL	NULL	0
971	4	2	1	170803	084104.90	108.53618821	34.22426065	35.15	-0.1130	-0.0020	-1.0050	3.56	NULL	NULL	0
972	4	2	1	170803	084105.00	108.53618198	34.22425911	35.15	0.0250	0.0230	-1.0060	3.56	NULL	NULL	0
973	4	2	1	170803	084105.10	108.53617573	34.22425757	35.15	0.0310	0.0570	-1.0110	3.56	NULL	NULL	0
974	4	2	1	170803	084105.20	108.53616944	34.22425615	35.15	0.0420	-0.0050	-0.9050	4.05	NULL	NULL	0
975	4	2	1	170803	084105.30	108.53616315	34.22425459	35.15	0.1730	-0.0340	-0.8950	4.05	NULL	NULL	0
976	4	2	1	170803	084105.40	108.53615690	34.22425303	35.15	0.1370	0.0710	-0.9230	4.05	NULL	NULL	0
977	4	2	1	170803	084105.50	108.53615067	34.22425149	35.15	-0.0440	0.0130	-0.9380	2.82	NULL	NULL	0
978	4	2	1	170803	084105.60	108.53614448	34.22424988	35.15	-0.0450	-0.0110	-1.0230	2.82	NULL	NULL	0
979	4	2	1	170803	084105.70	108.53613827	34.22424832	35.15	-0.0160	-0.0150	-1.0480	2.82	NULL	NULL	0
980	4	2	1	170803	084105.80	108.53613202	34.22424676	35.15	-0.1470	-0.0020	-1.1060	2.40	NULL	NULL	0
981	4	2	1	170803	084105.90	108.53612575	34.22424519	35.15	-0.1030	-0.0230	-0.9890	2.40	NULL	NULL	0
982	4	2	1	170803	084106.00	108.53611951	34.22424371	35.15	-0.1930	0.0150	-0.9730	2.40	NULL	NULL	0
983	4	2	1	170803	084106.10	108.53611332	34.22424213	35.15	0.0580	0.0420	-0.8850	2.18	NULL	NULL	0
984	4	2	1	170803	084106.20	108.53610718	34.22424061	35.15	-0.0070	-0.0740	-1.0180	2.18	NULL	NULL	0
985	4	2	1	170803	084106.30	108.53610106	34.22423905	35.15	-0.1090	0.0210	-1.0750	2.18	NULL	NULL	0
986	4	2	1	170803	084106.40	108.53609489	34.22423751	35.15	-0.0500	-0.0000	-1.0680	1.93	NULL	NULL	0
987	4	2	1	170803	084106.50	108.53608875	34.22423594	35.15	0.1830	0.0460	-0.8590	1.93	NULL	NULL	0
988	4	2	1	170803	084106.60	108.53608265	34.22423438	35.15	0.1030	0.0090	-1.1190	1.93	NULL	NULL	0
989	4	2	1	170803	084106.70	108.53607653	34.22423282	35.15	0.0360	-0.0280	-1.0530	1.78	NULL	NULL	0
990	4	2	1	170803	084106.80	108.53607040	34.22423129	35.15	0.0760	-0.0320	-0.9900	1.78	NULL	NULL	0
991	4	2	1	170803	084106.90	108.53606430	34.22422971	35.15	0.0480	0.0050	-0.9500	1.78	NULL	NULL	0
992	4	2	1	170803	084107.00	108.53605817	34.22422811	35.15	0.0080	0.0040	-1.0070	1.79	NULL	NULL	0
993	4	2	1	170803	084107.10	108.53605201	34.22422650	35.15	0.1500	-0.0020	-0.9950	1.79	NULL	NULL	0
994	4	2	1	170803	084107.20	108.53604588	34.22422489	35.15	0.1690	-0.0030	-0.9860	1.79	NULL	NULL	0
995	4	2	1	170803	084107.30	108.53603971	34.22422328	35.15	0.0180	0.0070	-0.9510	2.86	NULL	NULL	0
996	4	2	1	170803	084107.40	108.53603351	34.22422163	35.15	0.0110	-0.0300	-1.0420	2.86	NULL	NULL	0
997	4	2	1	170803	084107.50	108.53602729	34.22422001	35.15	0.0150	-0.0040	-1.0190	2.86	NULL	NULL	0
998	4	2	1	170803	084107.60	108.53602103	34.22421836	35.15	-0.0320	0.0430	-1.0170	4.02	NULL	NULL	0
999	4	2	1	170803	084107.70	108.53601474	34.22421669	35.15	0.0150	-0.0040	-1.0270	4.02	NULL	NULL	0
1000	4	2	1	170803	084107.80	108.53600847	34.22421502	35.15	-0.0320	-0.0150	-0.9880	4.02	NULL	NULL	0
1001	4	2	1	170803	084107.90	108.53600218	34.22421337	35.15	0.0430	0.0460	-0.9030	4.02	NULL	NULL	0
1002	4	2	1	170803	084108.00	108.53599586	34.22421171	35.15	0.0690	-0.0020	-0.9860	4.76	NULL	NULL	0
1003	4	2	1	170803	084108.10	108.53598954	34.22421004	35.15	0.1780	-0.0080	-1.0280	4.76	NULL	NULL	0
1004	4	2	1	170803	084108.20	108.53598316	34.22420831	35.15	0.1190	-0.0200	-1.0140	4.68	NULL	NULL	0
1005	4	2	1	170803	084108.30	108.53597678	34.22420664	35.15	-0.1130	-0.0060	-1.0080	4.68	NULL	NULL	0
1006	4	2	1	170803	084108.40	108.53597047	34.22420504	35.15	-0.1090	-0.0660	-0.9280	4.68	NULL	NULL	0
1007	4	2	1	170803	084108.50	108.53596415	34.22420337	35.15	-0.0600	-0.0190	-0.9600	4.68	NULL	NULL	0
1008	4	2	1	170803	084108.60	108.53595784	34.22420168	35.15	-0.0530	0.0190	-1.0140	2.95	NULL	NULL	0
1009	4	2	1	170803	084108.70	108.53595150	34.22419999	35.15	0.0930	-0.0000	-1.0900	2.95	NULL	NULL	0
1010	4	2	1	170803	084108.80	108.53594517	34.22419834	35.15	-0.0000	0.0130	-1.0460	2.95	NULL	NULL	0
1011	4	2	1	170803	084108.90	108.53593887	34.22419666	35.15	0.0020	0.0330	-1.0080	2.74	NULL	NULL	0
1012	4	2	1	170803	084109.00	108.53593255	34.22419499	35.15	-0.0640	0.0070	-1.0080	2.74	NULL	NULL	0
1013	4	2	1	170803	084109.10	108.53592627	34.22419333	35.15	-0.0830	0.0520	-0.9700	2.74	NULL	NULL	0
1014	4	2	1	170803	084109.20	108.53592003	34.22419168	35.15	-0.0630	0.0390	-0.9960	2.28	NULL	NULL	0
1015	4	2	1	170803	084109.30	108.53591377	34.22419003	35.15	-0.0020	0.0460	-1.0120	2.28	NULL	NULL	0
1016	4	2	1	170803	084109.40	108.53590753	34.22418839	35.15	0.0400	0.0580	-1.0440	2.28	NULL	NULL	0
1017	4	2	1	170803	084109.50	108.53590131	34.22418676	35.15	-0.0720	0.1180	-1.0380	2.09	NULL	NULL	0
1018	4	2	1	170803	084109.60	108.53589507	34.22418512	35.15	0.0070	-0.0070	-1.0090	2.09	NULL	NULL	0
1019	4	2	1	170803	084109.70	108.53588887	34.22418348	35.15	-0.1910	-0.0110	-0.9670	2.09	NULL	NULL	0
1020	4	2	1	170803	084109.80	108.53588273	34.22418187	35.15	-0.2610	0.0010	-0.9370	1.95	NULL	NULL	0
1021	4	2	1	170803	084109.90	108.53587659	34.22418026	35.15	-0.0020	0.1120	-1.0220	1.95	NULL	NULL	0
1022	4	2	1	170803	084110.00	108.53587044	34.22417867	35.15	0.0360	0.0090	-1.0620	1.95	NULL	NULL	0
1023	4	2	1	170803	084110.10	108.53586427	34.22417709	35.15	0.1230	0.0210	-1.0420	1.84	NULL	NULL	0
1024	4	2	1	170803	084110.20	108.53585810	34.22417547	35.15	-0.0060	0.0270	-1.0120	1.84	NULL	NULL	0
1025	4	2	1	170803	084110.30	108.53585195	34.22417385	35.15	-0.0210	-0.0140	-0.9530	1.84	NULL	NULL	0
1026	4	2	1	170803	084110.40	108.53584583	34.22417226	35.15	0.0300	-0.0010	-1.0090	1.78	NULL	NULL	0