1463	4	2	1	170803	092733.70	108.53604588	34.22311962	42.55	0.1080	-0.0930	-0.9650	1.31	NULL	NULL	0
1464	4	2	1	170803	092733.80	108.53605312	34.22311915	42.55	0.0910	0.0010	-0.9680	1.31	NULL	NULL	0
1465	4	2	1	170803	092733.90	108.53606084	34.22312096	42.55	0.1170	0.0210	-0.9070	1.31	NULL	NULL	0
1466	4	2	1	170803	092734.00	108.53606850	34.22312396	42.55	-0.0250	-0.0070	-0.9930	2.48	NULL	NULL	0
1467	4	2	1	170803	092734.10	108.53607631	34.22312563	44.40	0.1050	-0.0480	-0.9620	2.48	NULL	NULL	0
1468	4	2	1	170803	092734.20	108.53608404	34.22312647	42.55	0.0650	0.0420	-1.0010	2.48	NULL	NULL	0
1469	4	2	1	170803	092734.30	108.53609179	34.22312834	44.40	0.0840	0.0600	-1.0230	3.45	NULL	NULL	0
1470	4	2	1	170803	092734.40	108.53610004	34.22313133	44.40	0.0680	0.0070	-1.0390	3.45	NULL	NULL	0
1471	4	2	1	170803	092734.50	108.53610784	34.22313313	44.40	0.0560	-0.0270	-0.9060	3.45	NULL	NULL	0
1472	4	2	1	170803	092734.60	108.53611565	34.22313495	44.40	-0.1050	-0.0110	-1.0270	22.77	NULL	NULL	0
1473	4	2	1	170803	092734.70	108.53612338	34.22313670	42.55	0.0070	0.0040	-1.0520	22.77	NULL	NULL	0
1474	4	2	1	170803	092734.80	108.53613168	34.22313962	42.55	-0.0030	0.0310	-1.0120	22.77	NULL	NULL	0
1475	4	2	1	170803	092734.90	108.53613941	34.22314148	44.40	0.0070	-0.0070	-1.0140	6.06	NULL	NULL	0
1476	4	2	1	170803	092735.00	108.53614653	34.22314149	42.55	-0.0080	0.0080	-0.9850	6.06	NULL	NULL	0
1477	4	2	1	170803	092735.10	108.53615425	34.22314326	42.55	-0.0030	0.0780	-1.0210	6.06	NULL	NULL	0
1478	4	2	1	170803	092735.20	108.53616171	34.22314508	42.55	-0.0050	-0.0380	-1.0350	6.06	NULL	NULL	0
1479	4	2	1	170803	092735.30	108.53616932	34.22314692	42.55	-0.0130	0.0340	-1.0350	6.06	NULL	NULL	0
1480	4	2	1	170803	092735.40	108.53617716	34.22315042	42.55	0.0030	-0.1210	-1.0090	6.06	NULL	NULL	0
1481	4	2	1	170803	092735.50	108.53618476	34.22315229	42.55	-0.0390	-0.0160	-0.9640	2.24	NULL	NULL	0
1482	4	2	1	170803	092735.60	108.53619240	34.22315371	42.55	-0.0750	-0.0980	-1.0270	2.24	NULL	NULL	0
1483	4	2	1	170803	092735.70	108.53620000	34.22315555	42.55	-0.1450	0.0570	-1.0460	2.24	NULL	NULL	0
1484	4	2	1	170803	092735.80	108.53620712	34.22315589	42.55	-0.0550	-0.0300	-0.9830	2.24	NULL	NULL	0
1485	4	2	1	170803	092735.90	108.53621464	34.22315782	42.55	-0.0180	-0.0170	-0.9710	1.70	NULL	NULL	0
1486	4	2	1	170803	092736.00	108.53622299	34.22315890	42.55	-0.0440	-0.0300	-1.0000	1.70	NULL	NULL	0
1487	4	2	1	170803	092736.10	108.53623049	34.22316078	42.55	0.0080	-0.0280	-1.0330	1.70	NULL	NULL	0
1488	4	2	1	170803	092736.20	108.53623846	34.22316219	42.55	0.1040	-0.0610	-1.0190	1.70	NULL	NULL	0
1489	4	2	1	170803	092736.30	108.53624597	34.22316408	42.55	-0.0240	-0.0440	-0.9930	1.70	NULL	NULL	0
1490	4	2	1	170803	092736.40	108.53625367	34.22316604	42.55	0.0250	-0.0480	-0.9480	1.70	NULL	NULL	0
1491	4	2	1	170803	092736.50	108.53626119	34.22316787	42.55	0.0340	-0.1090	-1.0360	1.36	NULL	NULL	0
1492	4	2	1	170803	092736.60	108.53626859	34.22317002	42.55	0.0590	-0.0700	-0.9940	1.36	NULL	NULL	0
1493	4	2	1	170803	092736.70	108.53627610	34.22317203	42.55	-0.0480	0.0420	-1.0740	1.36	NULL	NULL	0
1494	4	2	1	170803	092736.80	108.53628334	34.22317383	42.55	0.0030	0.0420	-0.9860	1.37	NULL	NULL	0
1495	4	2	1	170803	092736.90	108.53629086	34.22317581	42.55	0.0440	-0.0020	-0.9900	1.37	NULL	NULL	0
1496	4	2	1	170803	092737.00	108.53629793	34.22317856	42.55	0.0140	0.0200	-0.9910	21.84	NULL	NULL	0
1497	4	2	1	170803	092737.10	108.53630554	34.22318045	42.55	0.0940	0.0530	-1.0180	21.84	NULL	NULL	0
1498	4	2	1	170803	092737.20	108.53631328	34.22318367	42.55	0.0190	0.0640	-0.9780	21.84	NULL	NULL	0
1499	4	2	1	170803	092737.30	108.53632088	34.22318556	42.55	0.0570	-0.0660	-1.0070	21.84	NULL	NULL	0
1500	4	2	1	170803	092737.40	108.53632856	34.22318742	42.55	0.0050	-0.0430	-1.0820	1.20	NULL	NULL	0
1501	4	2	1	170803	092737.50	108.53633618	34.22318942	42.55	0.0540	0.0680	-0.9970	1.20	NULL	NULL	0
1502	4	2	1	170803	092737.60	108.53634458	34.22319202	44.40	0.0130	0.0300	-0.9830	1.20	NULL	NULL	0
1503	4	2	1	170803	092737.70	108.53635222	34.22319391	42.55	-0.0590	-0.0460	-0.9720	1.26	NULL	NULL	0
1504	4	2	1	170803	092737.80	108.53635917	34.22319461	42.55	0.0030	-0.0100	-0.9530	1.26	NULL	NULL	0
1505	4	2	1	170803	092737.90	108.53636678	34.22319654	42.55	0.0070	0.0370	-1.0910	1.26	NULL	NULL	0
1506	4	2	1	170803	092738.00	108.53637487	34.22319860	42.55	0.0240	-0.0670	-0.9790	1.30	NULL	NULL	0
1507	4	2	1	170803	092738.10	108.53638256	34.22320059	44.40	-0.0310	-0.0000	-1.0090	1.30	NULL	NULL	0
1508	4	2	1	170803	092738.20	108.53639034	34.22320380	42.55	-0.0360	0.0510	-0.9190	1.30	NULL	NULL	0
1509	4	2	1	170803	092738.30	108.53639798	34.22320563	42.55	0.0160	-0.0410	-0.9700	1.31	NULL	NULL	0
1510	4	2	1	170803	092738.40	108.53640564	34.22320774	42.55	0.0070	0.0100	-1.0660	1.31	NULL	NULL	0
1511	4	2	1	170803	092738.50	108.53641334	34.22320966	42.55	0.0900	-0.0410	-1.0200	1.31	NULL	NULL	0
1512	4	2	1	170803	092738.60	108.53642156	34.22321063	42.55	0.0600	0.0280	-1.0430	21.17	NULL	NULL	0
1513	4	2	1	170803	092738.70	108.53642922	34.22321259	42.55	-0.0090	-0.0290	-0.9630	21.17	NULL	NULL	0
1514	4	2	1	170803	092738.80	108.53643706	34.22321425	42.55	0.0720	0.0160	-0.9550	21.17	NULL	NULL	0
1515	4	2	1	170803	092738.90	108.53644470	34.22321621	42.55	0.0700	0.0240	-1.0250	3.99	NULL	NULL	0
1516	4	2	1	170803	092739.00	108.53645226	34.22321783	42.55	-0.0500	-0.0340	-1.0350	3.99	NULL	NULL	0
1517	4	2	1	170803	092739.10	108.53645987	34.22321976	42.55	-0.0620	0.0400	-1.0590	3.99	NULL	NULL	0
1518	4	2	1	170803	092739.20	108.53646670	34.22322261	42.55	0.0100	-0.0410	-1.0240	5.04	NULL	NULL	0
1519	4	2	1	170803	092739.30	108.53647425	34.22322465	42.55	-0.0160	0.0240	-1.0360	5.04	NULL	NULL	0
1520	4	2	1	170803	092739.40	108.53648172	34.22322623	42.55	0.0150	0.0040	-0.9780	5.04	NULL	NULL	0
1521	4	2	1	170803	092739.50	108.53648924	34.22322825	42.55	0.0290	0.0570	-0.9780	21.12	NULL	NULL	0
1522	4	2	1	170803	092739.60	108.53649710	34.22323001	42.55	0.0040	0.0050	-1.0010	21.12	NULL	NULL	0
1523	4	2	1	170803	092739.70	108.53650458	34.22323198	42.55	-0.0560	0.0330	-1.0590	21.12	NULL	NULL	0
1524	4	2	1	170803	092739.80	108.53651223	34.22323421	42.55	-0.0680	-0.0460	-1.0230	21.12	NULL	NULL	0
1525	4	2	1	170803	092739.90	108.53651973	34.22323620	42.55	0.0160	-0.0300	-1.0080	5.39	NULL	NULL	0
1526	4	2	1	170803	092740.00	108.53652749	34.22323792	42.55	0.0810	-0.1080	-1.0090	5.39	NULL	NULL	0
1527	4	2	1	170803	092740.10	108.53653502	34.22323994	42.55	0.0500	0.0270	-1.0430	5.39	NULL	NULL	0
1528	4	2	1	170803	092740.20	108.53654270	34.22324196	42.55	0.0190	0.0950	-0.9980	4.43	NULL	NULL	0
1529	4	2	1	170803	092740.30	108.53655026	34.22324393	42.55	-0.0000	-0.0580	-1.0000	4.43	NULL	NULL	0
1530	4	2	1	170803	092740.40	108.53655808	34.22324541	42.55	-0.0640	-0.0360	-1.0010	4.43	NULL	NULL	0
1531	4	2	1	170803	092740.50	108.53656561	34.22324743	42.55	0.0100	0.0850	-1.0080	2.71	NULL	NULL	0
1532	4	2	1	170803	092740.60	108.53657247	34.22325006	42.55	0.0610	-0.0350	-1.0230	2.71	NULL	NULL	0
1533	4	2	1	170803	092740.70	108.53658004	34.22325207	42.55	0.0220	0.0280	-1.0370	2.71	NULL	NULL	0
1534	4	2	1	170803	092740.80	108.53658763	34.22325407	42.55	0.0520	0.0360	-1.0150	2.71	NULL	NULL	0
1535	4	2	1	170803	092740.90	108.53659524	34.22325608	42.55	0.0480	0.0200	-1.0450	2.71	NULL	NULL	0
1536	4	2	1	170803	092741.00	108.53660264	34.22325822	44.40	0.0080	0.0210	-0.9280	2.71	NULL	NULL	0
1537	4	2	1	170803	092741.10	108.53661028	34.22326024	42.55	0.0080	-0.0030	-0.9290	2.07	NULL	NULL	0
1538	4	2	1	170803	092741.20	108.53661781	34.22326220	42.55	0.0180	0.0630	-0.8570	2.07	NULL	NULL	0
1539	4	2	1	170803	092741.30	108.53662539	34.22326416	42.55	0.0340	0.0080	-0.9880	2.07	NULL	NULL	0
1540	4	2	1	170803	092741.40	108.53663342	34.22326587	42.55	-0.0270	0.0030	-1.1050	2.07	NULL	NULL	0
1541	4	2	1	170803	092741.50	108.53664101	34.22326786	42.55	0.0080	0.0030	-1.0440	2.07	NULL	NULL	0
1542	4	2	1	170803	092741.60	108.53664902	34.22326993	42.55	0.0690	-0.0710	-1.0660	2.07	NULL	NULL	0
1543	4	2	1	170803	092741.70	108.53665664	34.22327189	42.55	-0.0390	-0.0150	-1.0310	1.91	NULL	NULL	0
1544	4	2	1	170803	092741.80	108.53666404	34.22327405	42.55	-0.0940	-0.0310	-0.9440	1.91	NULL	NULL	0
1545	4	2	1	170803	092741.90	108.53667165	34.22327598	42.55	-0.1140	-0.0370	-0.9340	1.91	NULL	NULL	0
1546	4	2	1	170803	092742.00	108.53668016	34.22327704	42.55	0.0230	-0.1250	-1.0060	1.68	NULL	NULL	0
1547	4	2	1	170803	092742.10	108.53668774	34.22327895	42.55	-0.0350	0.0060	-1.0530	1.68	NULL	NULL	0
1548	4	2	1	170803	092742.20	108.53669506	34.22328102	42.55	0.0290	-0.0400	-1.0700	1.68	NULL	NULL	0
1549	4	2	1	170803	092742.30	108.53670252	34.22328309	42.55	0.0620	-0.0590	-1.1570	1.56	NULL	NULL	0
1550	4	2	1	170803	092742.40	108.53670980	34.22328519	42.55	-0.0130	-0.0330	-0.9490	1.56	NULL	NULL	0
1551	4	2	1	170803	092742.50	108.53671725	34.22328724	42.55	0.0570	-0.0770	-0.9290	1.56	NULL	NULL	0
1552	4	2	1	170803	092742.60	108.53672493	34.22328936	42.55	-0.0040	-0.0400	-1.0300	104.05	NULL	NULL	0
1553	4	2	1	170803	092742.70	108.53673242	34.22329126	42.55	-0.0440	-0.0690	-0.8600	104.05	NULL	NULL	0
1554	4	2	1	170803	092742.80	108.53673961	34.22329320	42.55	0.0420	0.0790	-1.0700	104.05	NULL	NULL	0
1555	4	2	1	170803	092742.90	108.53674703	34.22329513	42.55	-0.0100	-0.0190	-1.0750	2.65	NULL	NULL	0
1556	4	2	1	170803	092743.00	108.53675442	34.22329733	42.55	-0.0650	0.0480	-0.9510	2.65	NULL	NULL	0
1557	4	2	1	170803	092743.10	108.53676186	34.22329927	42.55	0.1540	0.0090	-0.9620	2.65	NULL	NULL	0
1558	4	2	1	170803	092743.20	108.53677021	34.22330038	42.55	0.0850	0.0250	-1.0340	3.45	NULL	NULL	0
1559	4	2	1	170803	092743.30	108.53677760	34.22330235	42.55	0.0290	0.0230	-0.9630	3.45	NULL	NULL	0
1560	4	2	1	170803	092743.40	108.53678506	34.22330445	42.55	-0.1500	-0.0350	-0.9870	3.45	NULL	NULL	0
1561	4	2	1	170803	092743.50	108.53679251	34.22330640	42.55	-0.1450	0.0430	-0.9480	3.68	NULL	NULL	0
1562	4	2	1	170803	092743.60	108.53679990	34.22330789	42.55	-0.1120	0.0270	-0.9790	3.68	NULL	NULL	0
1563	4	2	1	170803	092743.70	108.53680734	34.22330983	42.55	-0.0360	0.0220	-0.9010	3.68	NULL	NULL	0
1564	4	2	1	170803	092743.80	108.53681425	34.22331251	42.55	-0.0160	-0.0310	-0.9780	3.68	NULL	NULL	0
1565	4	2	1	170803	092743.90	108.53682172	34.22331447	42.55	-0.0070	-0.0480	-1.0710	3.68	NULL	NULL	0
1566	4	2	1	170803	092744.00	108.53682856	34.22331704	42.55	0.1460	-0.0420	-0.9820	3.68	NULL	NULL	0
1567	4	2	1	170803	092744.10	108.53683612	34.22331897	42.55	-0.0140	0.0050	-0.9990	3.68	NULL	NULL	0
1568	4	2	1	170803	092744.20	108.53684397	34.22332103	42.55	-0.0040	-0.0410	-1.0240	20.60	NULL	NULL	0
1569	4	2	1	170803	092744.30	108.53685150	34.22332299	42.55	0.0230	0.0440	-0.9800	20.60	NULL	NULL	0
1570	4	2	1	170803	092744.40	108.53685952	34.22332457	42.55	0.0390	-0.0030	-0.9510	20.60	NULL	NULL	0
1571	4	2	1	170803	092744.50	108.53686714	34.22332652	42.55	0.0060	0.0000	-0.9680	2.58	NULL	NULL	0
1572	4	2	1	170803	092744.60	108.53687542	34.22332788	42.55	-0.0090	-0.1180	-1.0290	2.58	NULL	NULL	0
1573	4	2	1	170803	092744.70	108.53688298	34.22332986	42.55	0.1120	-0.0090	-1.0130	2.58	NULL	NULL	0
1574	4	2	1	170803	092744.80	108.53689064	34.22333193	42.55	0.0810	-0.0690	-0.9940	2.58	NULL	NULL	0
1575	4	2	1	170803	092744.90	108.53689821	34.22333390	42.55	0.0230	0.0020	-1.0420	2.58	NULL	NULL	0
1576	4	2	1	170803	092745.00	108.53690606	34.22333576	42.55	0.0170	-0.0040	-1.0800	2.58	NULL	NULL	0
1577	4	2	1	170803	092745.10	108.53691364	34.22333774	42.55	0.0390	0.0820	-0.9520	4.15	NULL	NULL	0
1578	4	2	1	170803	092745.20	108.53692187	34.22333890	42.55	-0.0480	-0.0210	-0.9820	4.15	NULL	NULL	0
1579	4	2	1	170803	092745.30	108.53692940	34.22334085	42.55	-0.0340	-0.0090	-0.9560	4.15	NULL	NULL	0
1580	4	2	1	170803	092745.40	108.53693802	34.22334074	42.55	-0.0140	-0.1100	-0.9690	4.44	NULL	NULL	0
1581	4	2	1	170803	092745.50	108.53694550	34.22334278	42.55	0.0000	-0.0130	-0.9800	4.44	NULL	NULL	0
1582	4	2	1	170803	092745.60	108.53695358	34.22334418	42.55	-0.0270	-0.0770	-1.1030	4.44	NULL	NULL	0
1583	4	2	1	170803	092745.70	108.53696110	34.22334624	42.55	0.0730	0.0470	-1.0010	3.26	NULL	NULL	0
1584	4	2	1	170803	092745.80	108.53696772	34.22334840	42.55	-0.0390	0.0010	-0.9360	3.26	NULL	NULL	0
1585	4	2	1	170803	092745.90	108.53697528	34.22335030	42.55	0.0340	0.0070	-1.0610	3.26	NULL	NULL	0
1586	4	2	1	170803	092746.00	108.53698370	34.22335140	42.55	0.3060	-0.0110	-1.2240	2.64	NULL	NULL	0
1587	4	2	1	170803	092746.10	108.53699156	34.22335328	44.40	-0.0670	-0.0260	-0.9750	2.64	NULL	NULL	0
1588	4	2	1	170803	092746.20	108.53699978	34.22335521	42.55	0.3140	-0.0830	-0.7260	2.64	NULL	NULL	0
1589	4	2	1	170803	092746.30	108.53700756	34.22335709	44.40	0.0140	-0.0080	-0.9210	2.32	NULL	NULL	0
1590	4	2	1	170803	092746.40	108.53701395	34.22335999	44.40	0.0710	0.0610	-1.0800	2.32	NULL	NULL	0
1591	4	2	1	170803	092746.50	108.53702168	34.22336202	44.40	0.0640	-0.0130	-1.1060	2.32	NULL	NULL	0
1592	4	2	1	170803	092746.60	108.53703055	34.22336412	44.40	0.0650	0.0600	-1.1380	21.12	NULL	NULL	0
1593	4	2	1	170803	092746.70	108.53703835	34.22336622	44.40	0.0460	0.0210	-0.9870	21.12	NULL	NULL	0
1594	4	2	1	170803	092746.80	108.53704326	34.22337324	44.40	0.0420	0.0000	-0.9150	21.12	NULL	NULL	0
1595	4	2	1	170803	092746.90	108.53705114	34.22337514	42.55	0.0050	0.0150	-0.9400	1.93	NULL	NULL	0
1596	4	2	1	170803	092747.00	108.53705910	34.22337720	42.55	0.0540	-0.0430	-0.9020	1.93	NULL	NULL	0
1597	4	2	1	170803	092747.10	108.53706690	34.22337928	44.40	0.0870	-0.0330	-0.9400	1.93	NULL	NULL	0
1598	4	2	1	170803	092747.20	108.53707556	34.22337731	44.40	0.0170	-0.0520	-1.0590	1.93	NULL	NULL	0
1599	4	2	1	170803	092747.30	108.53708338	34.22337928	44.40	0.0540	0.0340	-1.0340	1.93	NULL	NULL	0
1600	4	2	1	170803	092747.40	108.53709109	34.22338159	42.55	0.0350	-0.0050	-1.0230	1.93	NULL	NULL	0
1601	4	2	1	170803	092747.50	108.53709888	34.22338362	44.40	-0.0170	-0.0470	-1.0200	104.12	NULL	NULL	0
1602	4	2	1	170803	092747.60	108.53710446	34.22338719	44.40	-0.0950	-0.0380	-1.0000	104.12	NULL	NULL	0
1603	4	2	1	170803	092747.70	108.53711208	34.22338911	42.55	-0.1620	-0.0610	-0.9510	104.12	NULL	NULL	0
1604	4	2	1	170803	092747.80	108.53712151	34.22339045	42.55	-0.2210	0.0270	-0.9550	104.12	NULL	NULL	0
1605	4	2	1	170803	092747.90	108.53712896	34.22339237	42.55	-0.2030	-0.0170	-1.0410	2.84	NULL	NULL	0
1606	4	2	1	170803	092748.00	108.53713501	34.22339685	42.55	-0.2060	-0.0130	-1.0710	2.84	NULL	NULL	0
1607	4	2	1	170803	092748.10	108.53714235	34.22339874	40.70	-0.1060	-0.0120	-1.0170	2.84	NULL	NULL	0
1608	4	2	1	170803	092748.20	108.53714800	34.22340032	40.70	-0.0570	-0.0470	-1.0920	2.84	NULL	NULL	0
1609	4	2	1	170803	092748.30	108.53715518	34.22340232	40.70	-0.1040	-0.0220	-0.9520	2.84	NULL	NULL	0
1610	4	2	1	170803	092748.40	108.53716372	34.22340405	42.55	-0.0040	-0.0040	-0.9670	2.84	NULL	NULL	0
1611	4	2	1	170803	092748.50	108.53717094	34.22340594	40.70	-0.0060	0.0700	-0.9630	3.91	NULL	NULL	0
1612	4	2	1	170803	092748.60	108.53717983	34.22340778	40.70	-0.0300	-0.0010	-1.0090	3.91	NULL	NULL	0
1613	4	2	1	170803	092748.70	108.53718703	34.22340963	40.70	0.0680	-0.0460	-1.0480	3.91	NULL	NULL	0
1614	4	2	1	170803	092748.80	108.53719365	34.22341295	40.70	0.0520	-0.0880	-1.0260	3.05	NULL	NULL	0
1615	4	2	1	170803	092748.90	108.53720090	34.22341479	40.70	0.0520	-0.0170	-0.9770	3.05	NULL	NULL	0
1616	4	2	1	170803	092749.00	108.53720856	34.22341510	40.70	0.1260	0.0280	-1.0460	3.05	NULL	NULL	0
1617	4	2	1	170803	092749.10	108.53721580	34.22341690	40.70	-0.0920	-0.0440	-0.9870	3.05	NULL	NULL	0
1618	4	2	1	170803	092749.20	108.53722306	34.22341848	40.70	0.0210	0.0500	-0.9980	3.05	NULL	NULL	0
1619	4	2	1	170803	092749.30	108.53723046	34.22342025	40.70	0.0720	-0.1020	-0.9720	3.05	NULL	NULL	0
1620	4	2	1	170803	092749.40	108.53723759	34.22342185	40.70	0.1260	-0.0190	-0.8960	2.55	NULL	NULL	0
1621	4	2	1	170803	092749.50	108.53724483	34.22342385	40.70	0.1320	0.0460	-0.9420	2.55	NULL	NULL	0
1622	4	2	1	170803	092749.60	108.53725196	34.22342720	40.70	0.0200	0.0100	-0.9910	2.55	NULL	NULL	0
1623	4	2	1	170803	092749.70	108.53725940	34.22342900	42.55	-0.0190	-0.0270	-1.0160	2.35	NULL	NULL	0
1624	4	2	1	170803	092749.80	108.53726711	34.22342949	40.70	0.0050	-0.0350	-1.0300	2.35	NULL	NULL	0
1625	4	2	1	170803	092749.90	108.53727458	34.22343135	42.55	0.0560	-0.0380	-0.9940	2.35	NULL	NULL	0
1626	4	2	1	170803	092750.00	108.53728241	34.22343392	42.55	0.0700	-0.0640	-0.9820	2.86	NULL	NULL	0
1627	4	2	1	170803	092750.10	108.53728997	34.22343586	42.55	0.0130	-0.1410	-1.0970	2.86	NULL	NULL	0
1628	4	2	1	170803	092750.20	108.53729621	34.22343912	42.55	-0.0050	0.1050	-0.9750	2.86	NULL	NULL	0
1629	4	2	1	170803	092750.30	108.53730358	34.22344132	42.55	0.0060	-0.0780	-0.9760	3.95	NULL	NULL	0
1630	4	2	1	170803	092750.40	108.53731121	34.22344185	42.55	-0.0030	0.0290	-1.0280	3.95	NULL	NULL	0
1631	4	2	1	170803	092750.50	108.53731881	34.22344377	42.55	0.0260	0.0270	-1.0660	3.95	NULL	NULL	0
1632	4	2	1	170803	092750.60	108.53732766	34.22344408	42.55	0.0810	-0.0160	-1.0170	103.04	NULL	NULL	0
1633	4	2	1	170803	092750.70	108.53733530	34.22344601	42.55	0.1290	-0.0060	-0.9300	103.04	NULL	NULL	0
1634	4	2	1	170803	092750.80	108.53734155	34.22344991	42.55	0.0640	-0.0250	-1.0410	103.04	NULL	NULL	0
1635	4	2	1	170803	092750.90	108.53734919	34.22345184	42.55	0.0490	-0.0220	-0.9850	20.77	NULL	NULL	0
1636	4	2	1	170803	092751.00	108.53735708	34.22345359	42.55	-0.0430	-0.1060	-1.0340	20.77	NULL	NULL	0
1637	4	2	1	170803	092751.10	108.53736476	34.22345554	44.40	0.0220	-0.0150	-1.0530	20.77	NULL	NULL	0
1638	4	2	1	170803	092751.20	108.53737229	34.22345758	44.40	0.0080	-0.0320	-0.9620	20.77	NULL	NULL	0
1639	4	2	1	170803	092751.30	108.53737995	34.22345943	42.55	0.0740	-0.0430	-0.9700	20.77	NULL	NULL	0
1640	4	2	1	170803	092751.40	108.53738817	34.22345972	42.55	0.0550	-0.0460	-0.9850	20.77	NULL	NULL	0
1641	4	2	1	170803	092751.50	108.53739580	34.22346172	42.55	0.0490	-0.0440	-0.9670	104.48	NULL	NULL	0
1642	4	2	1	170803	092751.60	108.53740366	34.22346368	42.55	0.0700	-0.0490	-1.0070	104.48	NULL	NULL	0
1643	4	2	1	170803	092751.70	108.53741126	34.22346567	42.55	0.1020	-0.0220	-1.0060	104.48	NULL	NULL	0
1644	4	2	1	170803	092751.80	108.53741933	34.22346723	42.55	0.0850	-0.0540	-0.9880	104.48	NULL	NULL	0
1645	4	2	1	170803	092751.90	108.53742697	34.22346918	42.55	0.0110	0.0250	-1.0280	22.20	NULL	NULL	0
1646	4	2	1	170803	092752.00	108.53743678	34.22346768	42.55	-0.0670	0.0090	-1.0230	22.20	NULL	NULL	0
1647	4	2	1	170803	092752.10	108.53744440	34.22346960	42.55	0.0560	-0.0140	-0.9690	22.20	NULL	NULL	0
1648	4	2	1	170803	092752.20	108.53745175	34.22347190	42.55	-0.0540	-0.0960	-1.1060	1.75	NULL	NULL	0
1649	4	2	1	170803	092752.30	108.53745929	34.22347393	42.55	0.0180	0.0070	-0.9490	1.75	NULL	NULL	0
1650	4	2	1	170803	092752.40	108.53746461	34.22347900	42.55	0.1020	-0.0150	-0.9370	1.75	NULL	NULL	0
1651	4	2	1	170803	092752.50	108.53747216	34.22348097	42.55	0.0030	0.0240	-1.0550	1.72	NULL	NULL	0
1652	4	2	1	170803	092752.60	108.53747948	34.22348331	42.55	-0.0110	-0.0050	-0.9720	1.72	NULL	NULL	0
1653	4	2	1	170803	092752.70	108.53748704	34.22348532	42.55	0.0370	-0.0470	-0.9710	1.72	NULL	NULL	0
1654	4	2	1	170803	092752.80	108.53749452	34.22348746	42.55	-0.0740	0.0000	-0.9980	2.42	NULL	NULL	0
1655	4	2	1	170803	092752.90	108.53750207	34.22348954	42.55	-0.0340	-0.0170	-0.9670	2.42	NULL	NULL	0
1656	4	2	1	170803	092753.00	108.53750979	34.22349103	42.55	0.0760	-0.0600	-1.0010	2.42	NULL	NULL	0
1657	4	2	1	170803	092753.10	108.53751734	34.22349307	42.55	-0.0290	-0.0210	-1.1000	3.15	NULL	NULL	0
1658	4	2	1	170803	092753.20	108.53752451	34.22349576	42.55	0.0120	0.0010	-1.0470	3.15	NULL	NULL	0
1659	4	2	1	170803	092753.30	108.53753207	34.22349794	42.55	0.0180	0.0310	-0.9400	3.15	NULL	NULL	0
1660	4	2	1	170803	092753.40	108.53754089	34.22349850	42.55	-0.0240	0.0140	-0.9750	3.96	NULL	NULL	0
1661	4	2	1	170803	092753.50	108.53754847	34.22350053	42.55	-0.0660	-0.0100	-1.0030	3.96	NULL	NULL	0
1662	4	2	1	170803	092753.60	108.53755568	34.22350324	42.55	-0.0470	-0.0380	-1.0350	3.96	NULL	NULL	0
1663	4	2	1	170803	092753.70	108.53756333	34.22350522	42.55	0.0090	-0.0170	-1.0050	21.12	NULL	NULL	0
1664	4	2	1	170803	092753.80	108.53757120	34.22350683	42.55	0.0200	-0.0190	-1.0220	21.12	NULL	NULL	0
1665	4	2	1	170803	092753.90	108.53757890	34.22350877	42.55	0.0370	0.0420	-0.9980	21.12	NULL	NULL	0
1666	4	2	1	170803	092754.00	108.53758537	34.22351426	44.40	-0.0900	0.0800	-0.9580	2.44	NULL	NULL	0
1667	4	2	1	170803	092754.10	108.53759297	34.22351634	42.55	0.0250	0.0200	-0.9830	2.44	NULL	NULL	0
1668	4	2	1	170803	092754.20	108.53760250	34.22351379	42.55	0.0140	-0.0160	-1.0870	2.44	NULL	NULL	0
1669	4	2	1	170803	092754.30	108.53761011	34.22351579	42.55	-0.0100	-0.0060	-0.9960	2.02	NULL	NULL	0
1670	4	2	1	170803	092754.40	108.53761682	34.22351893	42.55	0.0070	0.0360	-0.9660	2.02	NULL	NULL	0
1671	4	2	1	170803	092754.50	108.53762441	34.22352092	42.55	-0.0530	0.1060	-1.0360	2.02	NULL	NULL	0
1672	4	2	1	170803	092754.60	108.53763126	34.22352401	42.55	0.0080	0.0480	-0.9650	1.86	NULL	NULL	0
1673	4	2	1	170803	092754.70	108.53763882	34.22352611	42.55	-0.0080	0.0320	-0.9590	1.86	NULL	NULL	0
1674	4	2	1	170803	092754.80	108.53764633	34.22352815	42.55	0.0180	-0.0350	-0.8850	1.86	NULL	NULL	0
1675	4	2	1	170803	092754.90	108.53765391	34.22353011	42.55	0.0800	-0.0520	-0.9340	1.70	NULL	NULL	0
1676	4	2	1	170803	092755.00	108.53766150	34.22353202	42.55	-0.0450	-0.0470	-1.0280	1.70	NULL	NULL	0
1677	4	2	1	170803	092755.10	108.53766909	34.22353399	42.55	0.1380	0.0140	-0.9260	1.70	NULL	NULL	0
1678	4	2	1	170803	092755.20	108.53767669	34.22353593	42.55	0.0710	0.0050	-1.0600	1.70	NULL	NULL	0
1679	4	2	1	170803	092755.30	108.53768425	34.22353787	42.55	-0.0390	-0.0740	-0.9160	1.70	NULL	NULL	0
1680	4	2	1	170803	092755.40	108.53769173	34.22353991	42.55	-0.0590	-0.0160	-0.8630	1.70	NULL	NULL	0
1681	4	2	1	170803	092755.50	108.53769922	34.22354189	42.55	0.0680	-0.0530	-1.0010	102.64	NULL	NULL	0
1682	4	2	1	170803	092755.60	108.53770769	34.22354267	42.55	0.0070	-0.0330	-1.0600	102.64	NULL	NULL	0
1683	4	2	1	170803	092755.70	108.53771521	34.22354459	42.55	0.0680	-0.0200	-1.0280	102.64	NULL	NULL	0
1684	4	2	1	170803	092755.80	108.53772313	34.22354605	42.55	-0.0450	0.0450	-1.0780	102.64	NULL	NULL	0
1685	4	2	1	170803	092755.90	108.53773065	34.22354797	42.55	0.0570	0.0060	-0.9250	102.64	NULL	NULL	0
1686	4	2	1	170803	092756.00	108.53773831	34.22354977	42.55	-0.1220	0.0350	-1.0500	102.64	NULL	NULL	0
1687	4	2	1	170803	092756.10	108.53774581	34.22355170	42.55	0.0680	0.0120	-1.0060	102.64	NULL	NULL	0
1688	4	2	1	170803	092756.20	108.53775412	34.22355303	42.55	-0.0190	0.0240	-1.0200	4.97	NULL	NULL	0
1689	4	2	1	170803	092756.30	108.53776166	34.22355494	42.55	0.0330	-0.0260	-0.9930	4.97	NULL	NULL	0
1690	4	2	1	170803	092756.40	108.53776870	34.22355737	42.55	-0.0190	0.0100	-1.0220	4.97	NULL	NULL	0
1691	4	2	1	170803	092756.50	108.53777633	34.22355921	42.55	-0.0560	-0.0020	-0.9940	5.25	NULL	NULL	0
1692	4	2	1	170803	092756.60	108.53778449	34.22356070	42.55	-0.0520	0.0480	-0.9970	5.25	NULL	NULL	0
1693	4	2	1	170803	092756.70	108.53779202	34.22356269	42.55	0.0280	-0.0070	-0.9320	5.25	NULL	NULL	0
1694	4	2	1	170803	092756.80	108.53779957	34.22356464	42.55	0.0030	0.0020	-0.9400	22.10	NULL	NULL	0
1695	4	2	1	170803	092756.90	108.53780713	34.22356655	42.55	0.0380	-0.0630	-0.9990	22.10	NULL	NULL	0
1696	4	2	1	170803	092757.00	108.53781450	34.22356833	42.55	-0.0030	-0.0330	-1.0340	22.10	NULL	NULL	0
1697	4	2	1	170803	092757.10	108.53782212	34.22357023	42.55	0.0440	-0.0200	-0.9540	2.52	NULL	NULL	0
1698	4	2	1	170803	092757.20	108.53783044	34.22357014	42.55	0.0120	0.0090	-1.0290	2.52	NULL	NULL	0
1699	4	2	1	170803	092757.30	108.53783804	34.22357198	42.55	-0.0540	-0.0360	-1.0060	2.52	NULL	NULL	0
1700	4	2	1	170803	092757.40	108.53784513	34.22357423	42.55	-0.0430	-0.0660	-0.9600	2.52	NULL	NULL	0
1701	4	2	1	170803	092757.50	108.53785266	34.22357608	42.55	-0.0390	-0.0100	-1.0190	2.52	NULL	NULL	0
1702	4	2	1	170803	092757.60	108.53786085	34.22357723	42.55	-0.0490	0.0270	-1.0750	2.52	NULL	NULL	0
1703	4	2	1	170803	092757.70	108.53786841	34.22357913	42.55	-0.0060	-0.0430	-0.9840	2.03	NULL	NULL	0
1704	4	2	1	170803	092757.80	108.53787659	34.22358025	42.55	0.0140	-0.0990	-0.9440	2.03	NULL	NULL	0
1705	4	2	1	170803	092757.90	108.53788410	34.22358217	42.55	-0.0600	-0.0320	-0.9540	2.03	NULL	NULL	0
1706	4	2	1	170803	092758.00	108.53789222	34.22358347	42.55	0.0890	-0.0040	-0.9960	1.88	NULL	NULL	0
1707	4	2	1	170803	092758.10	108.53789971	34.22358538	42.55	-0.0710	-0.0410	-1.0400	1.88	NULL	NULL	0
1708	4	2	1	170803	092758.20	108.53790653	34.22359008	42.55	-0.0270	-0.0810	-1.0090	1.88	NULL	NULL	0
1709	4	2	1	170803	092758.30	108.53791401	34.22359204	42.55	0.0460	-0.0050	-0.9740	1.86	NULL	NULL	0
1710	4	2	1	170803	092758.40	108.53792178	34.22359337	42.55	0.0580	-0.0510	-1.0120	1.86	NULL	NULL	0
1711	4	2	1	170803	092758.50	108.53792934	34.22359520	42.55	0.0950	-0.1050	-0.9920	1.86	NULL	NULL	0
1712	4	2	1	170803	092758.60	108.53793653	34.22359696	42.55	0.0560	-0.0270	-0.9860	104.07	NULL	NULL	0
1713	4	2	1	170803	092758.70	108.53794412	34.22359883	42.55	-0.0100	-0.0590	-1.0240	104.07	NULL	NULL	0
1714	4	2	1	170803	092758.80	108.53795010	34.22360268	42.55	0.0460	-0.0590	-0.9760	104.07	NULL	NULL	0
1715	4	2	1	170803	092758.90	108.53795770	34.22360459	42.55	0.0240	-0.0170	-1.0090	1.91	NULL	NULL	0
1716	4	2	1	170803	092759.00	108.53796594	34.22360606	42.55	0.0720	-0.0370	-0.9440	1.91	NULL	NULL	0
1717	4	2	1	170803	092759.10	108.53797354	34.22360799	42.55	0.0780	0.0080	-1.0070	1.91	NULL	NULL	0
1718	4	2	1	170803	092759.20	108.53798085	34.22361025	42.55	0.0700	-0.0340	-1.0100	3.13	NULL	NULL	0
1719	4	2	1	170803	092759.30	108.53798852	34.22361227	42.55	0.0180	0.0110	-1.0190	3.13	NULL	NULL	0
1720	4	2	1	170803	092759.40	108.53799557	34.22361480	42.55	0.0450	0.0110	-0.9720	3.13	NULL	NULL	0
1721	4	2	1	170803	092759.50	108.53800319	34.22361684	42.55	0.0930	-0.0410	-0.9740	3.68	NULL	NULL	0
1722	4	2	1	170803	092759.60	108.53801114	34.22361856	42.55	0.0830	-0.0780	-1.0040	3.68	NULL	NULL	0
1723	4	2	1	170803	092759.70	108.53801884	34.22362052	42.55	-0.0000	-0.0300	-1.0700	3.68	NULL	NULL	0
1724	4	2	1	170803	092759.80	108.53802577	34.22362320	42.55	0.0720	-0.0140	-0.9410	3.68	NULL	NULL	0
1725	4	2	1	170803	092759.90	108.53803347	34.22362515	42.55	0.0400	-0.1100	-1.0200	4.00	NULL	NULL	0
1726	4	2	1	170803	092800.00	108.53804133	34.22362699	44.40	-0.0070	-0.0590	-0.9500	4.00	NULL	NULL	0
1727	4	2	1	170803	092800.10	108.53804897	34.22362901	42.55	0.0240	-0.0270	-0.9950	4.00	NULL	NULL	0
1728	4	2	1	170803	092800.20	108.53805551	34.22363199	42.55	0.0800	-0.0340	-1.0400	4.01	NULL	NULL	0
1729	4	2	1	170803	092800.30	108.53806316	34.22363406	42.55	0.0070	0.0360	-1.0770	4.01	NULL	NULL	0
1730	4	2	1	170803	092800.40	108.53807139	34.22363565	42.55	0.0200	-0.0430	-0.9550	4.01	NULL	NULL	0
1731	4	2	1	170803	092800.50	108.53807900	34.22363771	42.55	-0.0130	-0.0130	-0.9260	2.90	NULL	NULL	0
1732	4	2	1	170803	092800.60	108.53808656	34.22363981	42.55	0.0220	-0.1210	-0.9830	2.90	NULL	NULL	0
1733	4	2	1	170803	092800.70	108.53809411	34.22364186	42.55	0.0250	-0.0930	-1.0350	2.90	NULL	NULL	0
1734	4	2	1	170803	092800.80	108.53810143	34.22364424	42.55	0.0600	0.0280	-1.0250	2.90	NULL	NULL	0
1735	4	2	1	170803	092800.90	108.53810898	34.22364629	42.55	0.0720	-0.0770	-1.0340	2.90	NULL	NULL	0
1736	4	2	1	170803	092801.00	108.53811665	34.22364832	42.55	-0.0770	-0.0150	-0.9610	0.14	NULL	NULL	0
1737	4	2	1	170803	092801.10	108.53812413	34.22365034	42.55	0.0670	-0.0040	-0.9510	2.25	NULL	NULL	0
1738	4	2	1	170803	092801.20	108.53813170	34.22365239	42.55	0.0550	-0.0220	-0.9850	2.25	NULL	NULL	0
1739	4	2	1	170803	092801.30	108.53813916	34.22365444	42.55	0.0380	0.0330	-0.9860	2.25	NULL	NULL	0
1740	4	2	1	170803	092801.40	108.53814704	34.22365604	42.55	-0.0030	-0.0200	-1.0850	1.95	NULL	NULL	0
1741	4	2	1	170803	092801.50	108.53815452	34.22365805	42.55	0.0740	0.0390	-1.0190	1.95	NULL	NULL	0
1742	4	2	1	170803	092801.60	108.53816188	34.22366030	42.55	0.0030	0.0040	-1.0540	1.95	NULL	NULL	0
1743	4	2	1	170803	092801.70	108.53816934	34.22366235	42.55	0.0130	-0.0010	-0.9620	1.58	NULL	NULL	0
1744	4	2	1	170803	092801.80	108.53817707	34.22366407	42.55	-0.0740	-0.0050	-0.9480	1.58	NULL	NULL	0
1745	4	2	1	170803	092801.90	108.53818453	34.22366606	42.55	-0.0350	0.0100	-0.9550	1.58	NULL	NULL	0
1746	4	2	1	170803	092802.00	108.53819187	34.22366810	42.55	0.0490	0.0410	-1.0560	1.28	NULL	NULL	0
1747	4	2	1	170803	092802.10	108.53819937	34.22367003	42.55	0.0440	-0.0400	-1.0260	1.28	NULL	NULL	0
1748	4	2	1	170803	092802.20	108.53820697	34.22367189	42.55	0.1170	-0.0210	-1.0000	1.28	NULL	NULL	0
1749	4	2	1	170803	092802.30	108.53821449	34.22367384	42.55	0.0670	-0.0550	-0.9870	1.26	NULL	NULL	0
1750	4	2	1	170803	092802.40	108.53822134	34.22367677	42.55	-0.0300	0.0010	-1.0050	1.26	NULL	NULL	0
1751	4	2	1	170803	092802.50	108.53822884	34.22367883	42.55	-0.0480	-0.0140	-1.0070	1.26	NULL	NULL	0
1752	4	2	1	170803	092802.60	108.53823582	34.22368163	42.55	-0.0030	-0.0330	-0.9700	104.28	NULL	NULL	0
1753	4	2	1	170803	092802.70	108.53824330	34.22368366	42.55	-0.0510	-0.0020	-0.9670	104.28	NULL	NULL	0
1754	4	2	1	170803	092802.80	108.53825117	34.22368485	42.55	0.0280	-0.0570	-0.9800	104.28	NULL	NULL	0
1755	4	2	1	170803	092802.90	108.53825863	34.22368686	42.55	0.0890	-0.0530	-1.0110	2.55	NULL	NULL	0
1756	4	2	1	170803	092803.00	108.53826571	34.22368900	42.55	-0.1250	-0.0390	-1.0770	2.55	NULL	NULL	0
1757	4	2	1	170803	092803.10	108.53827322	34.22369102	42.55	0.0350	-0.1150	-1.0180	2.55	NULL	NULL	0
1758	4	2	1	170803	092803.20	108.53828063	34.22369313	42.55	0.0890	0.0330	-1.0380	2.55	NULL	NULL	0
1759	4	2	1	170803	092803.30	108.53828811	34.22369517	42.55	0.0690	0.0190	-1.0050	2.55	NULL	NULL	0
1760	4	2	1	170803	092803.40	108.53829648	34.22369638	42.55	0.0640	0.0190	-0.9180	2.55	NULL	NULL	0
1761	4	2	1	170803	092803.50	108.53830395	34.22369844	42.55	0.0160	-0.0940	-1.0280	21.12	NULL	NULL	0
1762	4	2	1	170803	092803.60	108.53831155	34.22370028	42.55	-0.0050	-0.0490	-0.9170	21.12	NULL	NULL	0
1763	4	2	1	170803	092803.70	108.53831897	34.22370232	42.55	0.0010	0.0230	-0.9650	21.12	NULL	NULL	0
1764	4	2	1	170803	092803.80	108.53832672	34.22370397	42.55	-0.0270	-0.0050	-1.0360	21.12	NULL	NULL	0
1765	4	2	1	170803	092803.90	108.53833414	34.22370603	42.55	0.0400	-0.0310	-1.0850	21.12	NULL	NULL	0
1766	4	2	1	170803	092804.00	108.53834154	34.22370813	42.55	0.0960	-0.0320	-1.0040	21.12	NULL	NULL	0
1767	4	2	1	170803	092804.10	108.53834902	34.22371018	42.55	0.0660	-0.0190	-1.0300	21.12	NULL	NULL	0
1768	4	2	1	170803	092804.20	108.53835653	34.22371228	42.55	0.0940	-0.0660	-0.9930	1.47	NULL	NULL	0
1769	4	2	1	170803	092804.30	108.53836402	34.22371434	42.55	0.1060	0.0050	-0.8900	1.47	NULL	NULL	0
1770	4	2	1	170803	092804.40	108.53837107	34.22371701	42.55	0.0630	-0.0580	-0.9400	1.47	NULL	NULL	0
1771	4	2	1	170803	092804.50	108.53837860	34.22371909	42.55	0.0360	0.0110	-1.0470	1.26	NULL	NULL	0
1772	4	2	1	170803	092804.60	108.53838636	34.22372085	42.55	0.0690	-0.0730	-1.0960	1.26	NULL	NULL	0
1773	4	2	1	170803	092804.70	108.53839394	34.22372293	42.55	0.0350	0.0470	-1.0100	1.26	NULL	NULL	0
1774	4	2	1	170803	092804.80	108.53840118	34.22372554	42.55	0.0430	-0.0290	-1.0090	1.12	NULL	NULL	0
1775	4	2	1	170803	092804.90	108.53840883	34.22372757	42.55	0.0590	-0.0390	-0.9180	1.12	NULL	NULL	0
1776	4	2	1	170803	092805.00	108.53841435	34.22373335	42.55	-0.0530	-0.0010	-0.9340	1.20	NULL	NULL	0
1777	4	2	1	170803	092805.10	108.53842196	34.22373544	42.55	0.0190	0.0530	-0.9450	1.20	NULL	NULL	0
1778	4	2	1	170803	092805.20	108.53842958	34.22373733	42.55	0.0420	0.0100	-1.0420	1.20	NULL	NULL	0
1779	4	2	1	170803	092805.30	108.53843721	34.22373937	42.55	-0.0110	-0.1150	-1.1050	1.20	NULL	NULL	0
1780	4	2	1	170803	092805.40	108.53844493	34.22374137	42.55	0.0490	0.0940	-1.0100	1.20	NULL	NULL	0
1781	4	2	1	170803	092805.50	108.53845257	34.22374345	42.55	0.0050	-0.0430	-1.1210	1.20	NULL	NULL	0
1782	4	2	1	170803	092805.60	108.53846032	34.22374544	44.40	-0.0450	-0.0430	-1.0280	1.20	NULL	NULL	0
1783	4	2	1	170803	092805.70	108.53846794	34.22374751	42.55	-0.0370	-0.0550	-0.9700	1.68	NULL	NULL	0
1784	4	2	1	170803	092805.80	108.53847568	34.22374951	42.55	-0.0260	-0.0570	-0.9970	1.68	NULL	NULL	0
1785	4	2	1	170803	092805.90	108.53848330	34.22375161	42.55	-0.0350	-0.0200	-0.9690	1.68	NULL	NULL	0
1786	4	2	1	170803	092806.00	108.53849076	34.22375431	42.55	-0.0590	-0.0440	-1.0710	2.15	NULL	NULL	0
1787	4	2	1	170803	092806.10	108.53849835	34.22375643	42.55	-0.0430	0.0130	-0.9660	2.15	NULL	NULL	0
1788	4	2	1	170803	092806.20	108.53850597	34.22375849	42.55	-0.0090	-0.0410	-1.0060	2.15	NULL	NULL	0
1789	4	2	1	170803	092806.30	108.53851355	34.22376058	42.55	0.0180	-0.0070	-0.9710	2.41	NULL	NULL	0
1790	4	2	1	170803	092806.40	108.53852128	34.22376228	42.55	-0.0350	-0.0360	-1.0060	2.41	NULL	NULL	0
1791	4	2	1	170803	092806.50	108.53852881	34.22376437	42.55	-0.0060	-0.0600	-1.0100	2.41	NULL	NULL	0
1792	4	2	1	170803	092806.60	108.53853631	34.22376659	42.55	-0.0690	0.0380	-0.9860	102.70	NULL	NULL	0
1793	4	2	1	170803	092806.70	108.53854384	34.22376869	42.55	0.0280	0.0050	-0.9770	102.70	NULL	NULL	0
1794	4	2	1	170803	092806.80	108.53855127	34.22377104	42.55	0.0340	-0.0790	-1.0540	102.70	NULL	NULL	0
1795	4	2	1	170803	092806.90	108.53855875	34.22377309	42.55	0.0140	0.0440	-1.0020	3.04	NULL	NULL	0
1796	4	2	1	170803	092807.00	108.53856632	34.22377496	42.55	-0.0960	0.0920	-1.0160	3.04	NULL	NULL	0
1797	4	2	1	170803	092807.10	108.53857382	34.22377699	42.55	0.0580	-0.0450	-0.9980	3.04	NULL	NULL	0
1798	4	2	1	170803	092807.20	108.53858136	34.22377899	42.55	-0.0180	-0.0080	-0.9810	3.04	NULL	NULL	0
1799	4	2	1	170803	092807.30	108.53858883	34.22378103	42.55	-0.0480	-0.0260	-0.9520	3.04	NULL	NULL	0
1800	4	2	1	170803	092807.40	108.53859629	34.22378302	42.55	-0.0110	0.0090	-0.9730	3.04	NULL	NULL	0
1801	4	2	1	170803	092807.50	108.53860373	34.22378505	42.55	-0.0220	-0.0060	-0.9870	104.12	NULL	NULL	0
1802	4	2	1	170803	092807.60	108.53861128	34.22378693	42.55	-0.0260	-0.0510	-0.9630	104.12	NULL	NULL	0
1803	4	2	1	170803	092807.70	108.53861866	34.22378896	42.55	-0.0060	0.0320	-0.9580	104.12	NULL	NULL	0
1804	4	2	1	170803	092807.80	108.53862618	34.22379074	42.55	-0.0130	0.0090	-1.0200	104.12	NULL	NULL	0
1805	4	2	1	170803	092807.90	108.53863358	34.22379272	42.55	-0.0160	-0.0530	-1.0330	1.52	NULL	NULL	0
1806	4	2	1	170803	092808.00	108.53864102	34.22379469	42.55	0.0570	-0.0580	-0.9620	1.52	NULL	NULL	0
1807	4	2	1	170803	092808.10	108.53864836	34.22379665	40.70	0.0340	-0.0460	-0.9540	1.52	NULL	NULL	0
1808	4	2	1	170803	092808.20	108.53865576	34.22379848	40.70	-0.0350	0.0250	-1.0280	1.52	NULL	NULL	0
1809	4	2	1	170803	092808.30	108.53866310	34.22380050	42.55	-0.0800	-0.0440	-1.0660	1.52	NULL	NULL	0
1810	4	2	1	170803	092808.40	108.53867046	34.22380241	40.70	-0.0550	-0.0540	-0.9930	1.52	NULL	NULL	0
1811	4	2	1	170803	092808.50	108.53867777	34.22380435	40.70	-0.0450	-0.0030	-0.9850	3.80	NULL	NULL	0
1812	4	2	1	170803	092808.60	108.53868510	34.22380627	40.70	-0.1410	0.0380	-0.9560	3.80	NULL	NULL	0
1813	4	2	1	170803	092808.70	108.53869236	34.22380825	40.70	-0.1200	0.0190	-1.0210	3.80	NULL	NULL	0
1814	4	2	1	170803	092808.80	108.53869961	34.22381027	40.70	-0.0990	0.0440	-0.9980	4.75	NULL	NULL	0
1815	4	2	1	170803	092808.90	108.53870683	34.22381229	40.70	-0.0480	-0.0360	-1.0130	4.75	NULL	NULL	0
1816	4	2	1	170803	092809.00	108.53871412	34.22381419	40.70	0.0120	-0.1360	-1.0150	21.24	NULL	NULL	0
1817	4	2	1	170803	092809.10	108.53872136	34.22381620	40.70	-0.0700	-0.0730	-1.0660	21.24	NULL	NULL	0
1818	4	2	1	170803	092809.20	108.53872858	34.22381835	40.70	-0.0480	-0.0060	-1.0000	21.24	NULL	NULL	0
1819	4	2	1	170803	092809.30	108.53873574	34.22382037	40.70	-0.0380	-0.0270	-0.9980	21.24	NULL	NULL	0
1820	4	2	1	170803	092809.40	108.53874291	34.22382243	40.70	0.0550	0.0150	-0.9290	21.24	NULL	NULL	0
1821	4	2	1	170803	092809.50	108.53875007	34.22382447	40.70	0.0130	-0.1100	-1.0380	21.24	NULL	NULL	0
1822	4	2	1	170803	092809.60	108.53875714	34.22382656	40.70	-0.0020	0.0350	-0.9870	21.24	NULL	NULL	0
1823	4	2	1	170803	092809.70	108.53876427	34.22382857	40.70	-0.0100	-0.0490	-1.0020	22.40	NULL	NULL	0
1824	4	2	1	170803	092809.80	108.53877157	34.22383005	40.70	-0.0210	-0.0480	-0.9440	22.40	NULL	NULL	0
1825	4	2	1	170803	092809.90	108.53877868	34.22383210	40.70	-0.0930	-0.0230	-0.9980	22.40	NULL	NULL	0
1826	4	2	1	170803	092810.00	108.53878625	34.22383371	40.70	0.1910	0.0070	-0.9690	1.66	NULL	NULL	0
1827	4	2	1	170803	092810.10	108.53879343	34.22383575	40.70	-0.0690	-0.0560	-1.0540	1.66	NULL	NULL	0
1828	4	2	1	170803	092810.20	108.53880018	34.22383810	40.70	0.0680	-0.0030	-0.9970	1.66	NULL	NULL	0
1829	4	2	1	170803	092810.30	108.53880737	34.22384022	40.70	0.0790	0.0340	-0.9970	1.70	NULL	NULL	0
1830	4	2	1	170803	092810.40	108.53881436	34.22384256	40.70	0.0830	-0.0530	-0.9810	1.70	NULL	NULL	0
1831	4	2	1	170803	092810.50	108.53882158	34.22384475	40.70	0.0720	-0.0330	-0.9690	1.70	NULL	NULL	0
1832	4	2	1	170803	092810.60	108.53882831	34.22384697	42.55	0.0610	-0.0870	-1.0080	104.14	NULL	NULL	0
1833	4	2	1	170803	092810.70	108.53883563	34.22384905	42.55	0.0170	0.1020	-1.0040	104.14	NULL	NULL	0
1834	4	2	1	170803	092810.80	108.53884313	34.22385106	42.55	-0.0040	-0.0490	-1.0170	104.14	NULL	NULL	0
1835	4	2	1	170803	092810.90	108.53885040	34.22385328	42.55	0.0520	-0.0140	-0.9730	1.62	NULL	NULL	0
1836	4	2	1	170803	092811.00	108.53885749	34.22385553	42.55	0.0550	-0.0380	-1.0080	1.62	NULL	NULL	0
1837	4	2	1	170803	092811.10	108.53886487	34.22385768	42.55	0.0090	0.0180	-1.0050	1.62	NULL	NULL	0
1838	4	2	1	170803	092811.20	108.53887208	34.22385991	42.55	-0.0160	-0.0740	-1.0340	1.62	NULL	NULL	0
1839	4	2	1	170803	092811.30	108.53887943	34.22386213	42.55	-0.0020	-0.0540	-0.9570	1.62	NULL	NULL	0
1840	4	2	1	170803	092811.40	108.53888669	34.22386453	42.55	0.0670	-0.0010	-0.9930	1.62	NULL	NULL	0
1841	4	2	1	170803	092811.50	108.53889408	34.22386675	42.55	0.0680	-0.0810	-1.0600	1.60	NULL	NULL	0
1842	4	2	1	170803	092811.60	108.53890185	34.22386861	42.55	0.0850	-0.0450	-1.0030	1.60	NULL	NULL	0
1843	4	2	1	170803	092811.70	108.53890925	34.22387084	42.55	0.0370	0.0370	-1.0280	1.60	NULL	NULL	0
1844	4	2	1	170803	092811.80	108.53891636	34.22387316	42.55	0.0340	0.0280	-0.9730	1.60	NULL	NULL	0
1845	4	2	1	170803	092811.90	108.53892384	34.22387539	42.55	0.0440	0.0220	-0.9820	1.60	NULL	NULL	0
1846	4	2	1	170803	092812.00	108.53893167	34.22387729	42.55	0.0570	-0.0360	-1.0590	1.60	NULL	NULL	0
1847	4	2	1	170803	092812.10	108.53893916	34.22387958	42.55	0.0690	0.0320	-1.0350	1.60	NULL	NULL	0
1848	4	2	1	170803	092812.20	108.53894678	34.22388181	42.55	0.0250	-0.0830	-1.0450	4.80	NULL	NULL	0
1849	4	2	1	170803	092812.30	108.53895429	34.22388410	42.55	0.0420	-0.0230	-0.9890	4.80	NULL	NULL	0
1850	4	2	1	170803	092812.40	108.53896183	34.22388636	42.55	0.0120	0.0230	-0.9460	4.80	NULL	NULL	0
1851	4	2	1	170803	092812.50	108.53896945	34.22388866	44.40	0.0080	-0.0530	-0.9900	5.20	NULL	NULL	0
1852	4	2	1	170803	092812.60	108.53897717	34.22389091	44.40	-0.0210	0.0300	-0.9510	5.20	NULL	NULL	0
1853	4	2	1	170803	092812.70	108.53898472	34.22389328	44.40	0.0730	-0.0410	-0.9670	5.20	NULL	NULL	0
1854	4	2	1	170803	092812.80	108.53899221	34.22389648	44.40	-0.0090	0.0360	-1.0320	5.46	NULL	NULL	0
1855	4	2	1	170803	092812.90	108.53899989	34.22389874	44.40	-0.0140	-0.0480	-1.0570	5.46	NULL	NULL	0
1856	4	2	1	170803	092813.00	108.53900759	34.22390094	44.40	0.0790	0.0020	-1.0380	5.83	NULL	NULL	0
1857	4	2	1	170803	092813.10	108.53901523	34.22390322	44.40	-0.0020	-0.0280	-1.0430	5.83	NULL	NULL	0
1858	4	2	1	170803	092813.20	108.53902294	34.22390552	44.40	0.0080	0.0440	-1.0870	5.83	NULL	NULL	0
1859	4	2	1	170803	092813.30	108.53903064	34.22390786	44.40	0.0540	-0.0170	-0.9830	5.83	NULL	NULL	0
1860	4	2	1	170803	092813.40	108.53903847	34.22391003	44.40	-0.0280	-0.0110	-0.9430	21.65	NULL	NULL	0
1861	4	2	1	170803	092813.50	108.53904616	34.22391234	44.40	-0.0570	0.0460	-0.8780	21.65	NULL	NULL	0
1862	4	2	1	170803	092813.60	108.53905495	34.22391340	44.40	-0.0170	0.0160	-1.0060	21.65	NULL	NULL	0
1863	4	2	1	170803	092813.70	108.53906263	34.22391573	44.40	-0.0160	0.0510	-1.0230	20.67	NULL	NULL	0
1864	4	2	1	170803	092813.80	108.53907035	34.22391791	44.40	-0.0520	-0.0770	-1.0130	20.67	NULL	NULL	0
1865	4	2	1	170803	092813.90	108.53907804	34.22392016	44.40	-0.0220	0.0090	-1.0540	20.67	NULL	NULL	0
1866	4	2	1	170803	092814.00	108.53908577	34.22392239	44.40	0.0930	0.0570	-0.9490	2.34	NULL	NULL	0
1867	4	2	1	170803	092814.10	108.53909346	34.22392470	44.40	0.0460	0.0460	-0.9150	2.34	NULL	NULL	0
1868	4	2	1	170803	092814.20	108.53910123	34.22392687	44.40	-0.0530	-0.0050	-0.9890	2.34	NULL	NULL	0
1869	4	2	1	170803	092814.30	108.53910889	34.22392912	44.40	-0.1080	0.0240	-0.9630	2.04	NULL	NULL	0
1870	4	2	1	170803	092814.40	108.53911661	34.22393124	44.40	-0.0840	0.0380	-1.0090	2.04	NULL	NULL	0
1871	4	2	1	170803	092814.50	108.53912422	34.22393354	44.40	0.0050	0.0210	-1.0160	2.04	NULL	NULL	0
1872	4	2	1	170803	092814.60	108.53913196	34.22393558	44.40	0.0080	-0.0880	-1.0080	1.76	NULL	NULL	0
1873	4	2	1	170803	092814.70	108.53913960	34.22393781	44.40	0.0580	0.0180	-0.9700	1.76	NULL	NULL	0
1874	4	2	1	170803	092814.80	108.53914722	34.22393999	44.40	0.0160	-0.0460	-1.0100	1.76	NULL	NULL	0
1875	4	2	1	170803	092814.90	108.53915483	34.22394225	44.40	-0.0450	0.0020	-0.9720	1.96	NULL	NULL	0
1876	4	2	1	170803	092815.00	108.53916242	34.22394438	42.55	0.0130	0.0390	-0.9240	1.96	NULL	NULL	0
1877	4	2	1	170803	092815.10	108.53916997	34.22394660	42.55	0.0060	0.0000	-1.0750	1.96	NULL	NULL	0
1878	4	2	1	170803	092815.20	108.53917895	34.22394597	42.55	0.0120	-0.0220	-1.0140	2.89	NULL	NULL	0
1879	4	2	1	170803	092815.30	108.53918651	34.22394808	42.55	-0.0630	-0.0580	-1.0810	2.89	NULL	NULL	0
1880	4	2	1	170803	092815.40	108.53919427	34.22394981	42.55	0.0230	-0.0100	-1.0420	2.89	NULL	NULL	0
1881	4	2	1	170803	092815.50	108.53920181	34.22395195	42.55	0.0330	-0.0140	-0.9540	3.41	NULL	NULL	0
1882	4	2	1	170803	092815.60	108.53920926	34.22395414	42.55	-0.0590	-0.0050	-0.8810	3.41	NULL	NULL	0
1883	4	2	1	170803	092815.70	108.53921670	34.22395630	42.55	-0.0010	-0.0320	-0.9910	3.41	NULL	NULL	0
1884	4	2	1	170803	092815.80	108.53922411	34.22395862	42.55	-0.0410	-0.0340	-1.0760	3.41	NULL	NULL	0
1885	4	2	1	170803	092815.90	108.53923160	34.22396080	42.55	-0.0980	-0.0900	-0.8300	3.52	NULL	NULL	0
1886	4	2	1	170803	092816.00	108.53923908	34.22396294	42.55	-0.0540	-0.0030	-0.9080	3.52	NULL	NULL	0
1887	4	2	1	170803	092816.10	108.53924643	34.22396510	42.55	-0.0020	0.0070	-0.9780	3.52	NULL	NULL	0
1888	4	2	1	170803	092816.20	108.53925291	34.22396908	42.55	0.1010	0.0270	-1.0850	3.36	NULL	NULL	0
1889	4	2	1	170803	092816.30	108.53926029	34.22397132	42.55	0.0660	-0.1010	-1.1110	3.36	NULL	NULL	0
1890	4	2	1	170803	092816.40	108.53926821	34.22397255	42.55	0.0270	-0.0460	-0.9560	3.36	NULL	NULL	0
1891	4	2	1	170803	092816.50	108.53927554	34.22397487	42.55	0.0230	-0.0250	-0.9500	2.50	NULL	NULL	0
1892	4	2	1	170803	092816.60	108.53928313	34.22397682	42.55	-0.0350	0.0090	-0.9480	2.50	NULL	NULL	0
1893	4	2	1	170803	092816.70	108.53929045	34.22397908	42.55	-0.0240	-0.0010	-0.9660	2.50	NULL	NULL	0
1894	4	2	1	170803	092816.80	108.53929823	34.22398061	42.55	0.0530	-0.1130	-1.0280	2.20	NULL	NULL	0
1895	4	2	1	170803	092816.90	108.53930553	34.22398286	42.55	0.0510	0.0360	-1.0940	2.20	NULL	NULL	0
1896	4	2	1	170803	092817.00	108.53931314	34.22398493	42.55	0.0310	-0.1050	-1.0400	1.78	NULL	NULL	0
1897	4	2	1	170803	092817.10	108.53932042	34.22398721	42.55	-0.1140	-0.0270	-0.9930	1.78	NULL	NULL	0
1898	4	2	1	170803	092817.20	108.53932771	34.22399026	42.55	-0.0560	-0.0230	-0.9720	1.78	NULL	NULL	0
1899	4	2	1	170803	092817.30	108.53933495	34.22399254	42.55	-0.0990	0.0230	-0.9980	1.78	NULL	NULL	0
1900	4	2	1	170803	092817.40	108.53934214	34.22399479	42.55	-0.0520	-0.0370	-1.0410	1.78	NULL	NULL	0
1901	4	2	1	170803	092817.50	108.53934943	34.22399699	42.55	-0.0680	-0.1050	-1.0740	1.78	NULL	NULL	0
1902	4	2	1	170803	092817.60	108.53935613	34.22400003	40.70	0.0140	-0.0070	-0.9620	1.78	NULL	NULL	0
1903	4	2	1	170803	092817.70	108.53936338	34.22400221	40.70	-0.0060	-0.0140	-0.9590	1.75	NULL	NULL	0
1904	4	2	1	170803	092817.80	108.53937024	34.22400505	40.70	0.0080	-0.0390	-0.9770	1.75	NULL	NULL	0
1905	4	2	1	170803	092817.90	108.53937747	34.22400726	40.70	0.0720	-0.0800	-1.0120	1.75	NULL	NULL	0
1906	4	2	1	170803	092818.00	108.53938517	34.22400769	40.70	-0.0990	-0.1060	-1.0360	1.66	NULL	NULL	0
1907	4	2	1	170803	092818.10	108.53939242	34.22400992	42.55	0.1400	-0.0450	-1.0340	1.66	NULL	NULL	0
1908	4	2	1	170803	092818.20	108.53939921	34.22401259	42.55	0.0400	-0.0620	-1.0220	1.66	NULL	NULL	0
1909	4	2	1	170803	092818.30	108.53940648	34.22401483	42.55	0.0250	-0.1030	-0.9620	1.71	NULL	NULL	0
1910	4	2	1	170803	092818.40	108.53941425	34.22401673	42.55	0.0010	0.0180	-1.0500	1.71	NULL	NULL	0
1911	4	2	1	170803	092818.50	108.53942153	34.22401899	42.55	0.0450	-0.0510	-0.9180	1.71	NULL	NULL	0
1912	4	2	1	170803	092818.60	108.53942893	34.22402118	42.55	0.0820	-0.0530	-0.9990	103.04	NULL	NULL	0
1913	4	2	1	170803	092818.70	108.53943628	34.22402343	42.55	0.1300	-0.0710	-0.9240	103.04	NULL	NULL	0
1914	4	2	1	170803	092818.80	108.53944240	34.22402716	42.55	0.0890	-0.0470	-0.9720	103.04	NULL	NULL	0
1915	4	2	1	170803	092818.90	108.53944984	34.22402949	42.55	0.0020	-0.0180	-1.0160	3.08	NULL	NULL	0
1916	4	2	1	170803	092819.00	108.53945699	34.22403173	42.55	0.0820	-0.0720	-0.9100	3.08	NULL	NULL	0
1917	4	2	1	170803	092819.10	108.53946441	34.22403406	42.55	0.0230	-0.0280	-0.9610	3.08	NULL	NULL	0
1918	4	2	1	170803	092819.20	108.53947275	34.22403557	42.55	0.0110	-0.0360	-0.9340	3.12	NULL	NULL	0
1919	4	2	1	170803	092819.30	108.53948019	34.22403793	42.55	-0.0690	-0.1220	-1.0210	3.12	NULL	NULL	0
1920	4	2	1	170803	092819.40	108.53948741	34.22404111	42.55	-0.0250	-0.0640	-0.9780	3.12	NULL	NULL	0
1921	4	2	1	170803	092819.50	108.53949479	34.22404344	42.55	-0.1070	-0.0330	-0.9820	2.72	NULL	NULL	0
1922	4	2	1	170803	092819.60	108.53950250	34.22404537	42.55	-0.0720	-0.0270	-1.0080	2.72	NULL	NULL	0
1923	4	2	1	170803	092819.70	108.53950988	34.22404774	42.55	-0.0390	0.0230	-1.0690	2.72	NULL	NULL	0
1924	4	2	1	170803	092819.80	108.53951721	34.22405003	42.55	-0.0200	-0.0820	-1.0130	2.72	NULL	NULL	0
1925	4	2	1	170803	092819.90	108.53952462	34.22405240	42.55	-0.0050	-0.0430	-1.0220	2.07	NULL	NULL	0
1926	4	2	1	170803	092820.00	108.53953159	34.22405568	42.55	-0.0570	0.0710	-0.9840	2.07	NULL	NULL	0
1927	4	2	1	170803	092820.10	108.53953897	34.22405798	42.55	-0.0070	0.0240	-0.9700	2.07	NULL	NULL	0
1928	4	2	1	170803	092820.20	108.53954645	34.22406052	42.55	0.0150	0.0740	-0.9510	2.07	NULL	NULL	0
1929	4	2	1	170803	092820.30	108.53955385	34.22406273	42.55	-0.1050	-0.0140	-1.0060	2.07	NULL	NULL	0
1930	4	2	1	170803	092820.40	108.53956044	34.22406556	42.55	0.0180	0.0060	-1.0110	2.07	NULL	NULL	0
1931	4	2	1	170803	092820.50	108.53956777	34.22406791	42.55	0.0370	0.0080	-1.0500	1.80	NULL	NULL	0
1932	4	2	1	170803	092820.60	108.53957511	34.22407023	42.55	0.0800	-0.0240	-1.0210	1.80	NULL	NULL	0
1933	4	2	1	170803	092820.70	108.53958251	34.22407238	42.55	0.0480	-0.1040	-1.0350	1.80	NULL	NULL	0
1934	4	2	1	170803	092820.80	108.53958983	34.22407435	42.55	0.0800	-0.0490	-0.9840	22.38	NULL	NULL	0
1935	4	2	1	170803	092820.90	108.53959718	34.22407658	42.55	0.0740	-0.0540	-0.9840	22.38	NULL	NULL	0
1936	4	2	1	170803	092821.00	108.53960448	34.22407910	42.55	0.0670	-0.0230	-0.9910	22.38	NULL	NULL	0
1937	4	2	1	170803	092821.10	108.53961180	34.22408136	42.55	0.0090	-0.0310	-1.0840	2.88	NULL	NULL	0
1938	4	2	1	170803	092821.20	108.53961921	34.22408311	42.55	-0.0060	0.0230	-1.0290	2.88	NULL	NULL	0
1939	4	2	1	170803	092821.30	108.53962657	34.22408548	42.55	-0.0120	0.0030	-1.0050	2.88	NULL	NULL	0
1940	4	2	1	170803	092821.40	108.53963394	34.22408765	42.55	-0.0130	-0.0120	-0.9700	3.99	NULL	NULL	0
1941	4	2	1	170803	092821.50	108.53964130	34.22408999	42.55	0.0460	-0.0290	-0.9620	3.99	NULL	NULL	0
1942	4	2	1	170803	092821.60	108.53964868	34.22409238	42.55	0.0580	-0.0160	-1.0020	3.99	NULL	NULL	0
1943	4	2	1	170803	092821.70	108.53965611	34.22409474	42.55	0.0160	-0.0600	-0.9670	4.77	NULL	NULL	0
1944	4	2	1	170803	092821.80	108.53966355	34.22409647	42.55	-0.0110	-0.0800	-0.9690	4.77	NULL	NULL	0
1945	4	2	1	170803	092821.90	108.53967092	34.22409882	42.55	0.0190	-0.0730	-0.9650	4.77	NULL	NULL	0
1946	4	2	1	170803	092822.00	108.53967834	34.22410118	42.55	0.0320	-0.0420	-1.0230	21.24	NULL	NULL	0
1947	4	2	1	170803	092822.10	108.53968576	34.22410357	42.55	0.0270	-0.0390	-1.0270	21.24	NULL	NULL	0
1948	4	2	1	170803	092822.20	108.53969319	34.22410593	42.55	0.0180	-0.0020	-0.9970	21.24	NULL	NULL	0
1949	4	2	1	170803	092822.30	108.53970056	34.22410835	42.55	0.0330	-0.1090	-1.0060	2.76	NULL	NULL	0
1950	4	2	1	170803	092822.40	108.53970793	34.22411106	42.55	-0.0210	-0.0260	-1.0370	2.76	NULL	NULL	0
1951	4	2	1	170803	092822.50	108.53971529	34.22411351	42.55	0.0580	-0.0520	-1.0040	2.76	NULL	NULL	0
1952	4	2	1	170803	092822.60	108.53972239	34.22411645	42.55	0.0610	-0.0180	-0.9860	103.04	NULL	NULL	0
1953	4	2	1	170803	092822.70	108.53972975	34.22411891	42.55	0.0250	-0.0630	-0.9770	103.04	NULL	NULL	0
1954	4	2	1	170803	092822.80	108.53973654	34.22412159	42.55	0.0080	-0.0640	-1.0620	103.04	NULL	NULL	0
1955	4	2	1	170803	092822.90	108.53974386	34.22412413	42.55	0.0790	-0.0310	-1.0020	2.05	NULL	NULL	0
1956	4	2	1	170803	092823.00	108.53975121	34.22412670	42.55	0.0740	-0.1220	-1.0190	2.05	NULL	NULL	0
1957	4	2	1	170803	092823.10	108.53975853	34.22412931	42.55	-0.0950	-0.1030	-0.9540	2.05	NULL	NULL	0
1958	4	2	1	170803	092823.20	108.53976586	34.22413170	42.55	-0.0160	-0.0040	-0.9700	2.05	NULL	NULL	0
1959	4	2	1	170803	092823.30	108.53977321	34.22413418	42.55	0.0090	-0.0070	-1.0120	2.05	NULL	NULL	0
1960	4	2	1	170803	092823.40	108.53978049	34.22413618	42.55	-0.0220	-0.0110	-1.0060	2.05	NULL	NULL	0
1961	4	2	1	170803	092823.50	108.53978775	34.22413872	42.55	0.0610	-0.1060	-0.9830	1.60	NULL	NULL	0
1962	4	2	1	170803	092823.60	108.53979499	34.22414128	42.55	0.0660	-0.0400	-1.0510	1.60	NULL	NULL	0
1963	4	2	1	170803	092823.70	108.53980226	34.22414372	42.55	0.0650	0.0200	-1.0410	1.60	NULL	NULL	0
1964	4	2	1	170803	092823.80	108.53980965	34.22414618	42.55	-0.0050	-0.0070	-1.0730	1.60	NULL	NULL	0
1965	4	2	1	170803	092823.90	108.53981694	34.22414863	42.55	-0.0440	0.0020	-0.9790	1.60	NULL	NULL	0
1966	4	2	1	170803	092824.00	108.53982446	34.22415075	42.55	-0.0800	0.0340	-1.0350	1.60	NULL	NULL	0
1967	4	2	1	170803	092824.10	108.53983172	34.22415317	42.55	-0.0420	-0.0610	-0.9640	1.60	NULL	NULL	0
1968	4	2	1	170803	092824.20	108.53983937	34.22415535	42.55	0.0040	0.0710	-1.0180	1.60	NULL	NULL	0
1969	4	2	1	170803	092824.30	108.53984663	34.22415771	42.55	0.0110	0.0250	-1.0660	1.60	NULL	NULL	0
1970	4	2	1	170803	092824.40	108.53985288	34.22416109	42.55	0.0030	0.0110	-1.0620	1.60	NULL	NULL	0
1971	4	2	1	170803	092824.50	108.53986016	34.22416344	42.55	0.0360	0.0010	-1.0570	2.62	NULL	NULL	0
1972	4	2	1	170803	092824.60	108.53986680	34.22416743	42.55	-0.0480	-0.0750	-0.9660	2.62	NULL	NULL	0
1973	4	2	1	170803	092824.70	108.53987408	34.22416982	42.55	0.0200	0.0640	-0.9300	2.62	NULL	NULL	0
1974	4	2	1	170803	092824.80	108.53988300	34.22417027	42.55	-0.0530	-0.0010	-1.0170	2.62	NULL	NULL	0
1975	4	2	1	170803	092824.90	108.53989026	34.22417259	42.55	-0.0870	-0.0770	-0.9890	2.62	NULL	NULL	0
1976	4	2	1	170803	092825.00	108.53989755	34.22417541	42.55	0.0120	-0.0230	-1.0250	450.79	NULL	NULL	0
1977	4	2	1	170803	092825.10	108.53990468	34.22417785	40.70	0.0260	-0.1170	-1.0530	3.77	NULL	NULL	0
1978	4	2	1	170803	092825.20	108.53991088	34.22418115	42.55	0.0940	-0.1330	-1.0360	3.77	NULL	NULL	0
1979	4	2	1	170803	092825.30	108.53991818	34.22418351	42.55	0.0130	-0.1040	-1.0970	3.77	NULL	NULL	0
1980	4	2	1	170803	092825.40	108.53992506	34.22418639	42.55	0.0370	0.0290	-0.9690	2.31	NULL	NULL	0
1981	4	2	1	170803	092825.50	108.53993227	34.22418886	42.55	-0.0360	-0.0380	-1.0010	2.31	NULL	NULL	0
1982	4	2	1	170803	092825.60	108.53993700	34.22419462	42.55	-0.0170	-0.0670	-0.9330	2.31	NULL	NULL	0