1475	1	1	1	170803	084151.70	108.53608747	34.22313734	35.15	0.0450	0.0040	-0.9900	2.06	NULL	39	0
1476	1	1	1	170803	084151.80	108.53609384	34.22313883	35.15	0.0190	0.0440	-1.0230	2.06	NULL	39	0
1477	1	1	1	170803	084151.90	108.53610025	34.22314034	35.15	0.0390	-0.0400	-1.0200	2.06	NULL	39	0
1478	1	1	1	170803	084152.00	108.53610678	34.22314193	35.15	-0.0060	-0.0160	-1.0170	2.06	NULL	39	0
1479	1	1	1	170803	084152.10	108.53611316	34.22314343	35.15	-0.0070	-0.0530	-0.9120	2.06	NULL	39	0
1480	1	1	1	170803	084152.20	108.53611964	34.22314495	35.15	0.0260	0.0260	-0.9450	2.05	NULL	39	0
1481	1	1	1	170803	084152.30	108.53612601	34.22314644	35.15	-0.0220	0.0070	-1.0750	2.05	NULL	39	0
1482	1	1	1	170803	084152.40	108.53613243	34.22314796	35.15	-0.0100	-0.0100	-0.9890	2.05	NULL	39	0
1483	1	1	1	170803	084152.50	108.53613881	34.22314948	35.15	-0.0120	0.0180	-0.9860	2.05	NULL	39	0
1484	1	1	1	170803	084152.60	108.53614524	34.22315105	35.15	-0.0560	0.0350	-0.9380	2.05	NULL	39	0
1485	1	1	1	170803	084152.70	108.53615159	34.22315259	35.15	-0.0030	-0.0220	-1.0320	2.05	NULL	39	0
1486	1	1	1	170803	084152.80	108.53615797	34.22315425	35.15	0.0530	0.0620	-0.8820	2.04	NULL	39	0
1487	1	1	1	170803	084152.90	108.53616433	34.22315579	35.15	-0.0320	-0.0230	-1.0670	2.04	NULL	39	0
1488	1	1	1	170803	084153.00	108.53617069	34.22315741	35.15	-0.0210	0.0050	-0.9790	2.04	NULL	39	0
1489	1	1	1	170803	084153.10	108.53617700	34.22315896	35.15	0.0090	-0.0020	-1.0270	2.05	NULL	39	0
1490	1	1	1	170803	084153.20	108.53618334	34.22316059	35.15	-0.0090	-0.0720	-1.0140	2.05	NULL	39	0
1491	1	1	1	170803	084153.30	108.53618965	34.22316215	35.15	0.0140	0.0170	-0.9870	2.05	NULL	39	0
1492	1	1	1	170803	084153.40	108.53619594	34.22316372	35.15	0.0380	-0.0420	-0.9870	2.04	NULL	39	0
1493	1	1	1	170803	084153.50	108.53620224	34.22316529	35.15	0.0030	-0.0240	-1.0660	2.04	NULL	39	0
1494	1	1	1	170803	084153.60	108.53620850	34.22316684	35.15	0.0080	-0.0320	-0.9610	2.04	NULL	39	0
1495	1	1	1	170803	084153.70	108.53621480	34.22316839	35.15	0.0120	0.0220	-0.9490	2.04	NULL	39	0
1496	1	1	1	170803	084153.80	108.53622109	34.22316999	35.15	0.0090	-0.0360	-1.0020	2.04	NULL	39	0
1497	1	1	1	170803	084153.90	108.53622739	34.22317157	35.15	0.0300	-0.0050	-1.0060	2.04	NULL	39	0
1498	1	1	1	170803	084154.00	108.53623382	34.22317307	35.15	0.0380	-0.0410	-0.9800	2.05	NULL	39	0
1499	1	1	1	170803	084154.10	108.53624011	34.22317461	35.15	-0.0370	0.0370	-1.0000	2.05	NULL	39	0
1500	1	1	1	170803	084154.20	108.53624654	34.22317610	35.15	-0.0600	-0.0350	-1.0060	2.05	NULL	39	0
1501	1	1	1	170803	084154.30	108.53625284	34.22317766	35.15	0.0160	0.0360	-0.9900	2.05	NULL	39	0
1502	1	1	1	170803	084154.40	108.53625922	34.22317917	35.15	0.0170	0.0290	-0.9410	2.05	NULL	39	0
1503	1	1	1	170803	084154.50	108.53626551	34.22318072	35.15	0.0200	0.0490	-1.0370	2.05	NULL	39	0
1504	1	1	1	170803	084154.60	108.53627177	34.22318233	35.15	0.0210	-0.0310	-1.0330	2.05	NULL	39	0
1505	1	1	1	170803	084154.70	108.53627804	34.22318389	35.15	-0.0580	0.0450	-1.0580	1.71	NULL	39	0
1506	1	1	1	170803	084154.80	108.53628434	34.22318543	35.15	-0.0130	-0.0500	-1.0110	1.71	NULL	39	0
1507	1	1	1	170803	084154.90	108.53629060	34.22318695	35.15	0.0340	0.0060	-1.0030	1.71	NULL	38	0
1508	1	1	1	170803	084155.00	108.53629681	34.22318852	35.15	-0.0390	-0.0540	-1.0240	1.36	NULL	39	0
1509	1	1	1	170803	084155.10	108.53630308	34.22319004	35.15	0.0200	0.0050	-1.0420	1.36	NULL	38	0
1510	1	1	1	170803	084155.20	108.53630930	34.22319156	35.15	0.0170	-0.0280	-0.9600	1.36	NULL	39	0
1511	1	1	1	170803	084155.30	108.53631554	34.22319311	35.15	-0.0250	0.0040	-0.9880	1.34	NULL	38	0
1512	1	1	1	170803	084155.40	108.53632174	34.22319472	35.15	-0.0400	-0.0230	-1.0730	1.34	NULL	38	0
1513	1	1	1	170803	084155.50	108.53632797	34.22319625	35.15	0.0200	0.0120	-0.9850	1.34	NULL	38	0
1514	1	1	1	170803	084155.60	108.53633415	34.22319785	35.15	0.0370	-0.0060	-1.0280	1.29	NULL	38	0
1515	1	1	1	170803	084155.70	108.53634035	34.22319938	35.15	-0.0400	0.0450	-0.9720	1.29	NULL	38	0
1516	1	1	1	170803	084155.80	108.53634654	34.22320093	35.15	0.0020	-0.0090	-0.9810	1.29	NULL	38	0
1517	1	1	1	170803	084155.90	108.53635272	34.22320248	35.15	0.0080	0.0450	-0.9670	1.27	NULL	38	0
1518	1	1	1	170803	084156.00	108.53635883	34.22320408	35.15	-0.0080	0.0270	-0.9890	1.27	NULL	38	0
1519	1	1	1	170803	084156.10	108.53636498	34.22320562	35.15	0.0140	-0.0420	-0.9300	1.27	NULL	38	0
1520	1	1	1	170803	084156.20	108.53637101	34.22320728	35.15	-0.0010	-0.0220	-1.1290	1.28	NULL	38	0
1521	1	1	1	170803	084156.30	108.53637719	34.22320880	35.15	-0.0050	-0.0290	-0.9590	1.28	NULL	38	0
1522	1	1	1	170803	084156.40	108.53638330	34.22321043	35.15	-0.0540	0.0080	-0.9380	1.28	NULL	38	0
1523	1	1	1	170803	084156.50	108.53638944	34.22321194	35.15	-0.0380	-0.0390	-0.9360	1.29	NULL	38	0
1524	1	1	1	170803	084156.60	108.53639555	34.22321347	35.15	-0.0330	-0.0100	-1.0510	1.29	NULL	38	0
1525	1	1	1	170803	084156.70	108.53640167	34.22321500	35.15	-0.0050	0.1140	-1.0650	1.29	NULL	37	0
1526	1	1	1	170803	084156.80	108.53640774	34.22321656	35.15	0.0090	0.0320	-1.0160	1.29	NULL	38	0
1527	1	1	1	170803	084156.90	108.53641387	34.22321807	35.15	-0.0000	0.0380	-1.0450	1.29	NULL	37	0
1528	1	1	1	170803	084157.00	108.53642001	34.22321961	35.15	-0.0390	0.0350	-0.9890	1.29	NULL	38	0
1529	1	1	1	170803	084157.10	108.53642613	34.22322113	35.15	0.0130	-0.0340	-0.9660	1.36	NULL	37	0
1530	1	1	1	170803	084157.20	108.53643220	34.22322269	35.15	0.0070	-0.0350	-0.9790	1.36	NULL	38	0
1531	1	1	1	170803	084157.30	108.53643830	34.22322420	33.30	0.0310	0.0620	-0.9490	1.36	NULL	37	0
1532	1	1	1	170803	084157.40	108.53644433	34.22322577	33.30	0.0350	-0.0900	-1.1020	1.62	NULL	38	0
1533	1	1	1	170803	084157.50	108.53645044	34.22322731	33.30	0.0560	0.0230	-1.1050	1.62	NULL	38	0
1534	1	1	1	170803	084157.60	108.53645650	34.22322891	35.15	-0.0500	0.0130	-0.9870	1.62	NULL	38	0
1535	1	1	1	170803	084157.70	108.53646261	34.22323047	35.15	0.0050	-0.1110	-1.0250	2.09	NULL	38	0
1536	1	1	1	170803	084157.80	108.53646872	34.22323210	35.15	0.0320	0.0290	-0.9910	2.09	NULL	38	0
1537	1	1	1	170803	084157.90	108.53647489	34.22323367	35.15	0.0640	-0.0890	-1.0210	2.09	NULL	38	0
1538	1	1	1	170803	084158.00	108.53648107	34.22323529	35.15	-0.0030	-0.0360	-1.0020	2.61	NULL	38	0
1539	1	1	1	170803	084158.10	108.53648723	34.22323690	35.15	0.0770	-0.0000	-0.9340	2.61	NULL	38	0
1540	1	1	1	170803	084158.20	108.53649343	34.22323848	35.15	0.0160	0.0300	-0.9770	2.61	NULL	39	0
1541	1	1	1	170803	084158.30	108.53649963	34.22324008	35.15	0.0220	-0.0330	-1.0260	2.84	NULL	38	0
1542	1	1	1	170803	084158.40	108.53650584	34.22324177	35.15	0.0160	0.0680	-1.0620	2.84	NULL	39	0
1543	1	1	1	170803	084158.50	108.53651210	34.22324341	35.15	-0.0210	-0.0250	-1.0100	2.84	NULL	39	0
1544	1	1	1	170803	084158.60	108.53651835	34.22324508	35.15	0.0180	-0.0880	-0.9320	2.84	NULL	39	0
1545	1	1	1	170803	084158.70	108.53652459	34.22324672	35.15	0.0380	-0.0510	-0.9400	2.91	NULL	39	0
1546	1	1	1	170803	084158.80	108.53653081	34.22324830	35.15	0.0610	-0.0710	-0.9340	2.91	NULL	39	0
1547	1	1	1	170803	084158.90	108.53653709	34.22324998	35.15	0.1100	-0.0170	-1.0420	2.91	NULL	39	0
1548	1	1	1	170803	084159.00	108.53654329	34.22325165	35.15	0.0830	0.0110	-1.0290	3.00	NULL	39	0
1549	1	1	1	170803	084159.10	108.53654960	34.22325330	35.15	0.0110	-0.0060	-1.0200	3.00	NULL	39	0
1550	1	1	1	170803	084159.20	108.53655572	34.22325503	35.15	0.0390	0.0570	-1.0530	3.00	NULL	39	0
1551	1	1	1	170803	084159.30	108.53656205	34.22325669	35.15	0.0100	-0.0960	-0.9370	2.83	NULL	39	0
1552	1	1	1	170803	084159.40	108.53656823	34.22325838	35.15	0.0040	0.0500	-0.9970	2.83	NULL	39	0
1553	1	1	1	170803	084159.50	108.53657454	34.22326003	35.15	0.0200	0.0730	-0.9910	2.83	NULL	39	0
1554	1	1	1	170803	084159.60	108.53658076	34.22326168	35.15	0.0350	-0.0200	-0.9960	2.32	NULL	39	0
1555	1	1	1	170803	084159.70	108.53658706	34.22326334	35.15	-0.0400	0.0280	-1.0210	2.32	NULL	39	0
1556	1	1	1	170803	084159.80	108.53659325	34.22326501	35.15	0.0150	-0.0120	-1.1010	2.32	NULL	39	0
1557	1	1	1	170803	084159.90	108.53659959	34.22326667	35.15	0.0450	0.0110	-0.9700	2.13	NULL	39	0
1558	1	1	1	170803	084200.00	108.53660588	34.22326835	35.15	0.0160	-0.0160	-0.9580	2.13	NULL	39	0
1559	1	1	1	170803	084200.10	108.53661222	34.22327000	35.15	-0.0140	0.0340	-0.8640	2.13	NULL	39	0
1560	1	1	1	170803	084200.20	108.53661854	34.22327167	35.15	0.0030	-0.0860	-0.9530	2.15	NULL	39	0
1561	1	1	1	170803	084200.30	108.53662485	34.22327332	35.15	-0.0220	0.0300	-0.9790	2.15	NULL	39	0
1562	1	1	1	170803	084200.40	108.53663117	34.22327497	35.15	0.0610	-0.0400	-1.0770	2.15	NULL	39	0
1563	1	1	1	170803	084200.50	108.53663751	34.22327664	35.15	-0.0110	0.0940	-1.0310	2.14	NULL	39	0
1564	1	1	1	170803	084200.60	108.53664384	34.22327829	35.15	-0.0170	0.0220	-0.9930	2.14	NULL	39	0
1565	1	1	1	170803	084200.70	108.53665018	34.22327994	35.15	0.0310	-0.0430	-0.9780	2.14	NULL	39	0
1566	1	1	1	170803	084200.80	108.53665657	34.22328156	35.15	0.0300	0.0090	-1.0260	2.12	NULL	39	0
1567	1	1	1	170803	084200.90	108.53666294	34.22328322	35.15	-0.0130	0.0310	-1.0040	2.12	NULL	40	0
1568	1	1	1	170803	084201.00	108.53666937	34.22328482	35.15	-0.0010	-0.0530	-1.0170	2.12	NULL	39	0
1569	1	1	1	170803	084201.10	108.53667572	34.22328647	35.15	-0.0480	0.0310	-0.9220	2.12	NULL	40	0
1570	1	1	1	170803	084201.20	108.53668213	34.22328806	35.15	0.0140	-0.0660	-1.0900	2.12	NULL	39	0
1571	1	1	1	170803	084201.30	108.53668850	34.22328971	35.15	0.0310	0.0230	-1.0310	2.12	NULL	40	0
1572	1	1	1	170803	084201.40	108.53669497	34.22329128	35.15	0.0130	-0.0230	-0.9830	2.15	NULL	39	0
1573	1	1	1	170803	084201.50	108.53670136	34.22329291	35.15	0.0360	0.0090	-0.9450	2.15	NULL	40	0
1574	1	1	1	170803	084201.60	108.53670786	34.22329446	35.15	0.0010	-0.0980	-0.9670	2.15	NULL	39	0
1575	1	1	1	170803	084201.70	108.53671426	34.22329608	35.15	-0.0050	-0.0360	-0.9410	2.16	NULL	39	0
1576	1	1	1	170803	084201.80	108.53672082	34.22329759	35.15	0.0370	-0.0330	-0.9330	2.16	NULL	40	0
1577	1	1	1	170803	084201.90	108.53672723	34.22329921	35.15	0.0020	-0.0300	-1.0240	2.16	NULL	40	0
1578	1	1	1	170803	084202.00	108.53673377	34.22330076	35.15	0.0930	0.0020	-0.9010	2.12	NULL	40	0
1579	1	1	1	170803	084202.10	108.53674017	34.22330238	35.15	0.0590	-0.1070	-1.1070	2.12	NULL	40	0
1580	1	1	1	170803	084202.20	108.53674669	34.22330386	35.15	0.0260	-0.0460	-1.0130	2.12	NULL	40	0
1581	1	1	1	170803	084202.30	108.53675310	34.22330548	35.15	-0.0130	-0.0490	-1.0210	2.11	NULL	39	0
1582	1	1	1	170803	084202.40	108.53675965	34.22330704	37.00	-0.0100	0.0690	-0.9530	2.11	NULL	40	0
1583	1	1	1	170803	084202.50	108.53676608	34.22330866	37.00	-0.0500	-0.0520	-1.0270	2.11	NULL	39	0
1584	1	1	1	170803	084202.60	108.53677241	34.22331034	37.00	0.0530	-0.0480	-1.0150	2.11	NULL	40	0
1585	1	1	1	170803	084202.70	108.53677883	34.22331198	37.00	0.0410	-0.0730	-1.0130	2.06	NULL	39	0
1586	1	1	1	170803	084202.80	108.53678519	34.22331368	37.00	0.0040	-0.0890	-0.9800	2.06	NULL	40	0
1587	1	1	1	170803	084202.90	108.53679162	34.22331530	37.00	0.0080	-0.0850	-0.9440	2.06	NULL	39	0
1588	1	1	1	170803	084203.00	108.53679813	34.22331677	37.00	-0.0690	0.0470	-1.0940	2.01	NULL	40	0
1589	1	1	1	170803	084203.10	108.53680455	34.22331839	37.00	0.0730	-0.0880	-0.9280	2.01	NULL	40	0
1590	1	1	1	170803	084203.20	108.53681105	34.22331995	37.00	0.0530	0.0320	-0.9710	2.01	NULL	40	0
1591	1	1	1	170803	084203.30	108.53681748	34.22332159	37.00	0.0160	-0.0540	-1.0190	2.14	NULL	40	0
1592	1	1	1	170803	084203.40	108.53682404	34.22332317	37.00	0.0140	-0.0180	-1.0630	2.14	NULL	40	0
1593	1	1	1	170803	084203.50	108.53683049	34.22332481	37.00	0.0010	0.0040	-1.0170	2.14	NULL	40	0
1594	1	1	1	170803	084203.60	108.53683703	34.22332638	37.00	-0.0070	-0.0130	-0.9680	2.20	NULL	40	0
1595	1	1	1	170803	084203.70	108.53684347	34.22332802	37.00	0.0180	-0.0510	-1.0140	2.20	NULL	40	0
1596	1	1	1	170803	084203.80	108.53684995	34.22332954	37.00	0.0540	-0.0060	-0.9470	2.20	NULL	40	0
1597	1	1	1	170803	084203.90	108.53685641	34.22333116	37.00	0.0290	-0.0410	-1.0040	2.23	NULL	40	0
1598	1	1	1	170803	084204.00	108.53686284	34.22333265	37.00	0.0380	0.0390	-0.9510	2.23	NULL	40	0
1599	1	1	1	170803	084204.10	108.53686927	34.22333430	37.00	-0.0040	0.0080	-0.9650	2.23	NULL	40	0
1600	1	1	1	170803	084204.20	108.53687575	34.22333600	37.00	0.0060	-0.0160	-0.9320	2.25	NULL	40	0
1601	1	1	1	170803	084204.30	108.53688218	34.22333763	37.00	0.0040	-0.0210	-0.9510	2.25	NULL	40	0
1602	1	1	1	170803	084204.40	108.53688862	34.22333932	37.00	0.0290	0.0380	-0.9400	2.25	NULL	40	0
1603	1	1	1	170803	084204.50	108.53689508	34.22334094	37.00	-0.0020	-0.0220	-1.0290	2.28	NULL	40	0
1604	1	1	1	170803	084204.60	108.53690149	34.22334250	37.00	0.0620	-0.0070	-0.9300	2.28	NULL	40	0
1605	1	1	1	170803	084204.70	108.53690795	34.22334414	37.00	-0.0150	-0.1210	-1.0520	2.28	NULL	40	0
1606	1	1	1	170803	084204.80	108.53691449	34.22334579	37.00	0.0350	-0.0210	-1.0340	2.29	NULL	40	0
1607	1	1	1	170803	084204.90	108.53692095	34.22334743	37.00	0.0180	-0.0230	-0.9150	2.29	NULL	40	0
1608	1	1	1	170803	084205.00	108.53692742	34.22334915	37.00	-0.0010	-0.0220	-1.0040	2.29	NULL	40	0
1609	1	1	1	170803	084205.10	108.53693387	34.22335077	37.00	-0.0030	-0.0420	-0.9670	2.31	NULL	40	0
1610	1	1	1	170803	084205.20	108.53694037	34.22335246	37.00	-0.0350	-0.0300	-1.0430	2.31	NULL	40	0
1611	1	1	1	170803	084205.30	108.53694680	34.22335411	37.00	0.0010	0.0010	-0.9570	2.31	NULL	40	0
1612	1	1	1	170803	084205.40	108.53695328	34.22335577	37.00	-0.0030	-0.0100	-1.0060	2.32	NULL	40	0
1613	1	1	1	170803	084205.50	108.53695974	34.22335743	37.00	-0.0120	-0.0620	-0.9980	2.32	NULL	40	0
1614	1	1	1	170803	084205.60	108.53696607	34.22335893	37.00	-0.0160	-0.0800	-1.0010	2.32	NULL	40	0
1615	1	1	1	170803	084205.70	108.53697244	34.22336058	37.00	-0.0060	0.0020	-0.9170	2.31	NULL	40	0
1616	1	1	1	170803	084205.80	108.53697869	34.22336218	35.15	0.0000	-0.0950	-1.0640	2.31	NULL	40	0
1617	1	1	1	170803	084205.90	108.53698517	34.22336382	37.00	0.0210	-0.0660	-1.3380	2.31	NULL	39	0
1618	1	1	1	170803	084206.00	108.53699160	34.22336537	37.00	-0.0050	0.0370	-0.9880	2.31	NULL	40	0
1619	1	1	1	170803	084206.10	108.53699803	34.22336706	37.00	-0.5330	-0.1750	-0.8710	2.31	NULL	40	0
1620	1	1	1	170803	084206.20	108.53700443	34.22336880	37.00	0.1110	0.0030	-0.9660	2.31	NULL	40	0
1621	1	1	1	170803	084206.30	108.53701095	34.22337042	37.00	-0.0400	-0.0110	-1.0160	2.30	NULL	40	0
1622	1	1	1	170803	084206.40	108.53701730	34.22337209	37.00	-0.0090	0.0720	-1.0520	2.30	NULL	40	0
1623	1	1	1	170803	084206.50	108.53702381	34.22337381	37.00	0.0760	0.0080	-1.1170	2.30	NULL	39	0
1624	1	1	1	170803	084206.60	108.53703036	34.22337561	37.00	0.0070	0.0070	-0.9810	2.30	NULL	40	0
1625	1	1	1	170803	084206.70	108.53703677	34.22337729	37.00	0.0160	-0.0230	-0.9820	2.34	NULL	40	0
1626	1	1	1	170803	084206.80	108.53704343	34.22337909	37.00	0.0250	-0.0520	-1.0250	2.34	NULL	40	0
1627	1	1	1	170803	084206.90	108.53704987	34.22338074	37.00	-0.0390	-0.0200	-0.9560	2.34	NULL	40	0
1628	1	1	1	170803	084207.00	108.53705641	34.22338246	37.00	0.0170	-0.0430	-0.9710	2.32	NULL	40	0
1629	1	1	1	170803	084207.10	108.53706286	34.22338414	37.00	-0.0170	-0.0210	-0.9920	2.32	NULL	40	0
1630	1	1	1	170803	084207.20	108.53706935	34.22338592	37.00	-0.0110	-0.0220	-1.0410	2.32	NULL	40	0
1631	1	1	1	170803	084207.30	108.53707576	34.22338756	37.00	-0.0010	-0.0760	-0.9330	2.33	NULL	40	0
1632	1	1	1	170803	084207.40	108.53708216	34.22338933	35.15	-0.0350	-0.0210	-1.0760	2.33	NULL	39	0
1633	1	1	1	170803	084207.50	108.53708855	34.22339101	35.15	0.0280	0.0250	-0.9890	2.33	NULL	40	0
1634	1	1	1	170803	084207.60	108.53709495	34.22339281	35.15	-0.0250	0.0560	-1.0850	2.36	NULL	39	0
1635	1	1	1	170803	084207.70	108.53710136	34.22339450	35.15	0.0680	-0.0200	-1.0530	2.36	NULL	40	0
1636	1	1	1	170803	084207.80	108.53710780	34.22339632	37.00	0.0010	0.0240	-0.9300	2.36	NULL	39	0
1637	1	1	1	170803	084207.90	108.53711420	34.22339798	37.00	-0.0320	-0.0030	-1.0640	2.38	NULL	40	0
1638	1	1	1	170803	084208.00	108.53712059	34.22339964	37.00	0.0580	0.0190	-1.0540	2.38	NULL	40	0
1639	1	1	1	170803	084208.10	108.53712698	34.22340133	37.00	-0.0330	-0.0500	-0.9950	2.38	NULL	40	0
1640	1	1	1	170803	084208.20	108.53713338	34.22340307	37.00	0.0230	0.0100	-1.0310	2.37	NULL	40	0
1641	1	1	1	170803	084208.30	108.53713978	34.22340474	37.00	-0.0790	0.0130	-1.0120	2.37	NULL	40	0
1642	1	1	1	170803	084208.40	108.53714615	34.22340653	37.00	-0.0530	-0.0130	-1.0650	2.37	NULL	39	0
1643	1	1	1	170803	084208.50	108.53715255	34.22340820	37.00	0.0110	-0.0210	-1.0150	2.38	NULL	40	0
1644	1	1	1	170803	084208.60	108.53715888	34.22340995	37.00	0.0110	-0.1010	-0.9170	2.38	NULL	40	0
1645	1	1	1	170803	084208.70	108.53716531	34.22341160	37.00	0.0210	0.0010	-0.9660	2.38	NULL	40	0
1646	1	1	1	170803	084208.80	108.53717173	34.22341323	37.00	0.0310	-0.0460	-0.9810	2.39	NULL	40	0
1647	1	1	1	170803	084208.90	108.53717811	34.22341489	35.15	-0.0170	-0.1200	-0.9150	2.39	NULL	40	0
1648	1	1	1	170803	084209.00	108.53718445	34.22341647	35.15	0.0360	-0.0490	-0.9080	2.39	NULL	40	0
1649	1	1	1	170803	084209.10	108.53719086	34.22341813	37.00	-0.0170	0.0130	-1.0540	2.39	NULL	40	0
1650	1	1	1	170803	084209.20	108.53719714	34.22341969	37.00	-0.0230	-0.0250	-1.0250	2.39	NULL	40	0
1651	1	1	1	170803	084209.30	108.53720354	34.22342137	37.00	-0.0130	0.0400	-0.9470	2.39	NULL	40	0
1652	1	1	1	170803	084209.40	108.53720987	34.22342296	35.15	-0.0080	-0.0480	-1.0560	2.40	NULL	40	0
1653	1	1	1	170803	084209.50	108.53721628	34.22342460	35.15	0.0250	-0.0610	-1.1040	2.40	NULL	39	0
1654	1	1	1	170803	084209.60	108.53722259	34.22342621	35.15	-0.0020	-0.0650	-1.0860	2.40	NULL	40	0
1655	1	1	1	170803	084209.70	108.53722903	34.22342787	37.00	0.0300	-0.0210	-1.0590	2.40	NULL	40	0
1656	1	1	1	170803	084209.80	108.53723540	34.22342945	37.00	-0.0070	-0.0190	-0.9870	2.40	NULL	40	0
1657	1	1	1	170803	084209.90	108.53724180	34.22343111	37.00	0.0130	-0.0630	-0.9270	2.40	NULL	39	0
1658	1	1	1	170803	084210.00	108.53724813	34.22343268	37.00	0.0100	0.0230	-0.9980	2.38	NULL	40	0
1659	1	1	1	170803	084210.10	108.53725453	34.22343434	37.00	0.0230	-0.0420	-0.9640	2.38	NULL	39	0
1660	1	1	1	170803	084210.20	108.53726093	34.22343598	35.15	0.0180	-0.1230	-0.9880	2.38	NULL	40	0
1661	1	1	1	170803	084210.30	108.53726735	34.22343766	37.00	0.0300	-0.0120	-0.9830	2.41	NULL	39	0
1662	1	1	1	170803	084210.40	108.53727375	34.22343931	37.00	0.0140	-0.0340	-0.9600	2.41	NULL	40	0
1663	1	1	1	170803	084210.50	108.53728016	34.22344098	37.00	-0.0610	-0.0710	-1.0600	2.41	NULL	39	0
1664	1	1	1	170803	084210.60	108.53728647	34.22344259	37.00	0.0350	0.0500	-1.0810	2.41	NULL	40	0
1665	1	1	1	170803	084210.70	108.53729289	34.22344428	37.00	0.0080	-0.0580	-1.0190	2.41	NULL	40	0
1666	1	1	1	170803	084210.80	108.53729926	34.22344581	37.00	-0.0320	0.0570	-0.8860	2.41	NULL	40	0
1667	1	1	1	170803	084210.90	108.53730565	34.22344748	37.00	0.0090	0.0780	-0.9820	2.41	NULL	40	0
1668	1	1	1	170803	084211.00	108.53731185	34.22344940	35.15	-0.0090	-0.0220	-1.0350	2.41	NULL	39	0
1669	1	1	1	170803	084211.10	108.53731826	34.22345107	37.00	0.0160	-0.0460	-1.0540	2.41	NULL	40	0
1670	1	1	1	170803	084211.20	108.53732451	34.22345294	35.15	-0.0230	0.0140	-0.9450	2.41	NULL	40	0
1671	1	1	1	170803	084211.30	108.53733093	34.22345461	37.00	-0.0030	-0.0830	-1.0230	2.43	NULL	40	0
1672	1	1	1	170803	084211.40	108.53733717	34.22345631	37.00	0.0050	0.0160	-0.9920	2.43	NULL	40	0
1673	1	1	1	170803	084211.50	108.53734357	34.22345800	37.00	-0.0020	0.0020	-0.9720	2.43	NULL	40	0
1674	1	1	1	170803	084211.60	108.53734985	34.22345975	37.00	-0.0230	0.0150	-1.0700	2.41	NULL	40	0
1675	1	1	1	170803	084211.70	108.53735628	34.22346142	37.00	-0.0120	-0.0400	-1.0160	2.41	NULL	40	0
1676	1	1	1	170803	084211.80	108.53736262	34.22346324	37.00	-0.0440	-0.0370	-0.9630	2.41	NULL	40	0
1677	1	1	1	170803	084211.90	108.53736904	34.22346493	37.00	-0.0180	-0.0040	-0.9900	2.41	NULL	40	0
1678	1	1	1	170803	084212.00	108.53737539	34.22346677	37.00	-0.0200	-0.0700	-0.9750	2.41	NULL	40	0
1679	1	1	1	170803	084212.10	108.53738179	34.22346846	37.00	-0.0110	-0.0090	-1.1190	2.41	NULL	40	0
1680	1	1	1	170803	084212.20	108.53738814	34.22347033	37.00	0.0640	-0.0140	-1.0400	2.43	NULL	40	0
1681	1	1	1	170803	084212.30	108.53739455	34.22347202	37.00	-0.0320	-0.0560	-1.0350	2.43	NULL	40	0
1682	1	1	1	170803	084212.40	108.53740092	34.22347388	37.00	-0.0200	-0.0320	-1.0670	2.43	NULL	40	0
1683	1	1	1	170803	084212.50	108.53740734	34.22347556	37.00	0.0180	0.0300	-1.0250	2.43	NULL	40	0
1684	1	1	1	170803	084212.60	108.53741390	34.22347720	37.00	0.0390	-0.0100	-0.9850	2.43	NULL	40	0
1685	1	1	1	170803	084212.70	108.53742032	34.22347891	37.00	0.0110	-0.0330	-0.9460	2.43	NULL	40	0
1686	1	1	1	170803	084212.80	108.53742685	34.22348056	37.00	-0.0150	0.0830	-1.0410	2.43	NULL	40	0
1687	1	1	1	170803	084212.90	108.53743328	34.22348224	37.00	0.0430	-0.0300	-0.9900	2.43	NULL	40	0
1688	1	1	1	170803	084213.00	108.53743960	34.22348404	37.00	-0.0070	-0.0070	-0.9680	2.43	NULL	40	0
1689	1	1	1	170803	084213.10	108.53744603	34.22348572	37.00	0.0720	0.0650	-0.9770	2.42	NULL	40	0
1690	1	1	1	170803	084213.20	108.53745248	34.22348741	37.00	-0.0190	0.0030	-1.0320	2.42	NULL	40	0
1691	1	1	1	170803	084213.30	108.53745889	34.22348909	37.00	0.0260	-0.0080	-0.9380	2.42	NULL	40	0
1692	1	1	1	170803	084213.40	108.53746541	34.22349063	37.00	-0.0050	-0.0090	-1.0050	2.42	NULL	40	0
1693	1	1	1	170803	084213.50	108.53747181	34.22349232	37.00	-0.0380	0.0790	-1.0480	2.42	NULL	40	0
1694	1	1	1	170803	084213.60	108.53747829	34.22349376	37.00	0.0680	-0.0520	-1.0410	2.42	NULL	40	0
1695	1	1	1	170803	084213.70	108.53748471	34.22349543	37.00	-0.0480	0.1120	-1.0110	2.44	NULL	40	0
1696	1	1	1	170803	084213.80	108.53749124	34.22349702	37.00	-0.0430	-0.0480	-0.9880	2.44	NULL	40	0
1697	1	1	1	170803	084213.90	108.53749768	34.22349870	37.00	0.1050	-0.0410	-0.9670	2.44	NULL	40	0
1698	1	1	1	170803	084214.00	108.53750401	34.22350051	37.00	-0.0240	-0.0220	-0.9510	2.38	NULL	40	0
1699	1	1	1	170803	084214.10	108.53751043	34.22350220	37.00	-0.0170	-0.0710	-0.9440	2.38	NULL	40	0
1700	1	1	1	170803	084214.20	108.53751678	34.22350398	37.00	0.0150	0.0260	-0.9620	2.38	NULL	40	0
1701	1	1	1	170803	084214.30	108.53752321	34.22350565	37.00	-0.0260	-0.0220	-1.0610	2.37	NULL	40	0
1702	1	1	1	170803	084214.40	108.53752958	34.22350743	37.00	0.0280	0.0210	-0.9640	2.37	NULL	40	0
1703	1	1	1	170803	084214.50	108.53753600	34.22350911	37.00	0.0190	-0.0240	-0.9690	2.37	NULL	40	0
1704	1	1	1	170803	084214.60	108.53754238	34.22351085	37.00	-0.0070	-0.0290	-0.9530	2.37	NULL	40	0
1705	1	1	1	170803	084214.70	108.53754879	34.22351251	37.00	0.0500	-0.0300	-1.0330	2.36	NULL	40	0
1706	1	1	1	170803	084214.80	108.53755517	34.22351422	37.00	-0.0370	-0.0790	-1.0030	2.36	NULL	40	0
1707	1	1	1	170803	084214.90	108.53756159	34.22351588	37.00	0.0050	0.0420	-0.9710	2.36	NULL	40	0
1708	1	1	1	170803	084215.00	108.53756800	34.22351758	37.00	-0.0120	-0.0100	-0.9650	2.36	NULL	40	0
1709	1	1	1	170803	084215.10	108.53757440	34.22351926	37.00	-0.0130	-0.0360	-1.0300	2.36	NULL	40	0
1710	1	1	1	170803	084215.20	108.53758079	34.22352099	37.00	0.0010	0.0260	-1.0210	2.36	NULL	39	0
1711	1	1	1	170803	084215.30	108.53758723	34.22352263	37.00	-0.0140	-0.0260	-1.0230	2.36	NULL	40	0
1712	1	1	1	170803	084215.40	108.53759366	34.22352429	37.00	-0.0030	-0.0440	-0.9540	2.36	NULL	40	0
1713	1	1	1	170803	084215.50	108.53760006	34.22352592	37.00	-0.0190	0.0070	-1.0160	2.36	NULL	40	0
1714	1	1	1	170803	084215.60	108.53760647	34.22352759	35.15	0.0140	-0.0370	-0.9930	2.36	NULL	40	0
1715	1	1	1	170803	084215.70	108.53761289	34.22352922	37.00	-0.0210	-0.0220	-1.0030	2.36	NULL	40	0
1716	1	1	1	170803	084215.80	108.53761938	34.22353074	35.15	-0.0320	0.0120	-0.9940	2.36	NULL	40	0
1717	1	1	1	170803	084215.90	108.53762581	34.22353238	35.15	-0.0560	-0.0170	-1.1090	2.36	NULL	40	0
1718	1	1	1	170803	084216.00	108.53763223	34.22353383	35.15	0.0010	-0.0220	-0.9770	2.36	NULL	40	0
1719	1	1	1	170803	084216.10	108.53763865	34.22353546	37.00	-0.0020	-0.0120	-1.0420	2.36	NULL	40	0
1720	1	1	1	170803	084216.20	108.53764519	34.22353697	37.00	0.0180	0.0550	-1.0440	2.35	NULL	40	0
1721	1	1	1	170803	084216.30	108.53765162	34.22353857	37.00	-0.0350	-0.0020	-0.9260	2.35	NULL	40	0
1722	1	1	1	170803	084216.40	108.53765817	34.22354007	35.15	0.0660	0.0590	-0.9960	2.35	NULL	40	0
1723	1	1	1	170803	084216.50	108.53766459	34.22354166	35.15	0.0010	-0.0690	-1.0640	2.35	NULL	40	0
1724	1	1	1	170803	084216.60	108.53767112	34.22354320	35.15	0.0550	-0.0700	-1.0620	2.35	NULL	40	0
1725	1	1	1	170803	084216.70	108.53767755	34.22354483	35.15	-0.0110	-0.0720	-0.9300	2.35	NULL	39	0
1726	1	1	1	170803	084216.80	108.53768408	34.22354640	37.00	-0.0240	-0.1050	-0.9720	2.34	NULL	40	0
1727	1	1	1	170803	084216.90	108.53769049	34.22354801	37.00	0.0020	-0.0640	-0.9540	2.34	NULL	39	0
1728	1	1	1	170803	084217.00	108.53769697	34.22354955	37.00	0.0210	-0.0700	-0.8770	2.34	NULL	40	0
1729	1	1	1	170803	084217.10	108.53770336	34.22355118	35.15	0.0110	-0.0410	-1.0370	2.36	NULL	39	0
1730	1	1	1	170803	084217.20	108.53770980	34.22355270	35.15	-0.0130	0.0120	-1.0270	2.36	NULL	40	0
1731	1	1	1	170803	084217.30	108.53771623	34.22355433	35.15	-0.0020	-0.0720	-0.9490	2.36	NULL	39	0
1732	1	1	1	170803	084217.40	108.53772269	34.22355586	35.15	0.0210	-0.0110	-0.8860	2.35	NULL	40	0
1733	1	1	1	170803	084217.50	108.53772908	34.22355749	35.15	-0.0070	-0.0420	-1.0450	2.35	NULL	39	0
1734	1	1	1	170803	084217.60	108.53773550	34.22355891	35.15	0.0040	0.0420	-1.0280	2.35	NULL	40	0
1735	1	1	1	170803	084217.70	108.53774191	34.22356054	35.15	0.0060	-0.0070	-1.0500	2.35	NULL	39	0
1736	1	1	1	170803	084217.80	108.53774828	34.22356214	35.15	0.0090	-0.0160	-0.9960	2.35	NULL	40	0
1737	1	1	1	170803	084217.90	108.53775470	34.22356379	35.15	-0.0210	0.0030	-1.0000	2.35	NULL	39	0
1738	1	1	1	170803	084218.00	108.53776107	34.22356533	35.15	0.0040	0.0160	-0.9500	2.35	NULL	39	0
1739	1	1	1	170803	084218.10	108.53776747	34.22356695	35.15	0.0210	-0.0260	-0.9770	2.35	NULL	39	0
1740	1	1	1	170803	084218.20	108.53777389	34.22356856	35.15	0.0150	0.0090	-1.0530	2.35	NULL	40	0
1741	1	1	1	170803	084218.30	108.53778029	34.22357021	35.15	-0.0190	-0.0360	-0.9960	2.34	NULL	39	0
1742	1	1	1	170803	084218.40	108.53778670	34.22357181	35.15	0.0170	0.0210	-0.9930	2.34	NULL	39	0
1743	1	1	1	170803	084218.50	108.53779310	34.22357345	35.15	0.0020	-0.0620	-1.0240	2.34	NULL	40	0
1744	1	1	1	170803	084218.60	108.53779949	34.22357505	35.15	0.0010	0.0140	-0.9840	2.34	NULL	39	0
1745	1	1	1	170803	084218.70	108.53780587	34.22357669	35.15	0.0240	-0.1100	-1.0180	2.37	NULL	39	0
1746	1	1	1	170803	084218.80	108.53781227	34.22357829	35.15	-0.0020	0.0200	-0.9900	2.37	NULL	39	0
1747	1	1	1	170803	084218.90	108.53781867	34.22357992	35.15	-0.0290	-0.0200	-1.0570	2.37	NULL	40	0
1748	1	1	1	170803	084219.00	108.53782508	34.22358152	35.15	0.0310	-0.0520	-0.9140	2.38	NULL	39	0
1749	1	1	1	170803	084219.10	108.53783146	34.22358316	35.15	0.0070	-0.0160	-1.0070	2.38	NULL	40	0
1750	1	1	1	170803	084219.20	108.53783786	34.22358475	35.15	0.0160	-0.0400	-0.9810	2.38	NULL	39	0
1751	1	1	1	170803	084219.30	108.53784425	34.22358638	35.15	-0.0050	-0.0680	-0.9780	2.37	NULL	40	0
1752	1	1	1	170803	084219.40	108.53785061	34.22358793	35.15	0.0420	-0.0560	-1.0150	2.37	NULL	39	0
1753	1	1	1	170803	084219.50	108.53785700	34.22358958	35.15	0.0100	-0.0150	-1.0420	2.37	NULL	40	0
1754	1	1	1	170803	084219.60	108.53786338	34.22359117	35.15	0.0420	-0.0780	-0.9820	2.37	NULL	39	0
1755	1	1	1	170803	084219.70	108.53786977	34.22359279	35.15	-0.0430	0.0390	-1.0460	2.37	NULL	40	0
1756	1	1	1	170803	084219.80	108.53787617	34.22359446	35.15	0.0240	0.0230	-0.9820	2.37	NULL	39	0
1757	1	1	1	170803	084219.90	108.53788254	34.22359609	35.15	0.0290	-0.0450	-0.9970	2.38	NULL	40	0
1758	1	1	1	170803	084220.00	108.53788892	34.22359769	35.15	0.0270	0.0460	-0.9580	2.38	NULL	40	0
1759	1	1	1	170803	084220.10	108.53789532	34.22359933	35.15	-0.0170	-0.0270	-1.0070	2.38	NULL	39	0
1760	1	1	1	170803	084220.20	108.53790172	34.22360092	35.15	0.0580	0.0490	-0.9720	2.37	NULL	39	0
1761	1	1	1	170803	084220.30	108.53790810	34.22360257	35.15	-0.0590	0.0680	-0.9520	2.37	NULL	39	0
1762	1	1	1	170803	084220.40	108.53791451	34.22360421	35.15	0.0200	-0.0050	-1.0280	2.37	NULL	39	0
1763	1	1	1	170803	084220.50	108.53792091	34.22360582	35.15	-0.0070	0.0810	-0.9260	2.37	NULL	39	0
1764	1	1	1	170803	084220.60	108.53792725	34.22360726	35.15	-0.0370	-0.0650	-0.9740	2.37	NULL	39	0
1765	1	1	1	170803	084220.70	108.53793363	34.22360888	35.15	0.0170	0.0560	-1.0400	2.37	NULL	39	0
1766	1	1	1	170803	084220.80	108.53794003	34.22361050	35.15	-0.0100	-0.0050	-1.0430	2.38	NULL	40	0
1767	1	1	1	170803	084220.90	108.53794641	34.22361211	35.15	-0.0280	-0.0270	-0.9190	2.38	NULL	39	0
1768	1	1	1	170803	084221.00	108.53795283	34.22361380	35.15	0.0150	-0.0110	-1.0450	2.38	NULL	40	0
1769	1	1	1	170803	084221.10	108.53795921	34.22361544	35.15	0.0210	0.0140	-0.9870	2.39	NULL	39	0
1770	1	1	1	170803	084221.20	108.53796560	34.22361713	35.15	-0.0260	0.0200	-1.0530	2.39	NULL	40	0
1771	1	1	1	170803	084221.30	108.53797196	34.22361877	35.15	0.0080	-0.0060	-0.9200	2.39	NULL	39	0
1772	1	1	1	170803	084221.40	108.53797834	34.22362045	35.15	-0.0100	-0.0220	-1.0110	2.38	NULL	40	0
1773	1	1	1	170803	084221.50	108.53798471	34.22362211	35.15	0.0240	-0.0740	-1.0310	2.38	NULL	39	0
1774	1	1	1	170803	084221.60	108.53799109	34.22362382	35.15	-0.0170	0.0020	-0.9490	2.38	NULL	40	0
1775	1	1	1	170803	084221.70	108.53799744	34.22362546	35.15	-0.0170	0.0290	-1.0100	2.39	NULL	39	0
1776	1	1	1	170803	084221.80	108.53800370	34.22362699	35.15	0.0580	0.0140	-1.0000	2.39	NULL	40	0
1777	1	1	1	170803	084221.90	108.53801008	34.22362865	35.15	-0.0560	-0.0760	-1.0730	2.39	NULL	39	0
1778	1	1	1	170803	084222.00	108.53801635	34.22363028	35.15	0.0690	-0.0080	-0.9670	2.39	NULL	39	0
1779	1	1	1	170803	084222.10	108.53802271	34.22363195	35.15	-0.0180	0.0070	-0.9430	2.39	NULL	39	0
1780	1	1	1	170803	084222.20	108.53802904	34.22363366	35.15	-0.0020	0.1120	-1.0110	2.39	NULL	39	0
1781	1	1	1	170803	084222.30	108.53803540	34.22363533	35.15	0.0250	-0.0440	-0.9300	2.41	NULL	39	0
1782	1	1	1	170803	084222.40	108.53804175	34.22363706	35.15	-0.0130	-0.0160	-0.9390	2.41	NULL	39	0
1783	1	1	1	170803	084222.50	108.53804808	34.22363874	35.15	0.0240	0.0310	-1.0080	2.41	NULL	39	0
1784	1	1	1	170803	084222.60	108.53805442	34.22364045	35.15	-0.0300	0.0360	-1.0790	2.41	NULL	39	0
1785	1	1	1	170803	084222.70	108.53806076	34.22364215	35.15	0.0120	-0.1000	-1.0240	2.41	NULL	39	0
1786	1	1	1	170803	084222.80	108.53806709	34.22364380	35.15	-0.0270	-0.0170	-1.0510	2.41	NULL	39	0
1787	1	1	1	170803	084222.90	108.53807344	34.22364549	35.15	0.0210	-0.0220	-0.9680	2.41	NULL	39	0
1788	1	1	1	170803	084223.00	108.53807985	34.22364725	35.15	0.0110	0.0150	-0.9660	2.40	NULL	39	0
1789	1	1	1	170803	084223.10	108.53808619	34.22364894	35.15	0.0060	-0.0060	-1.0300	2.40	NULL	39	0
1790	1	1	1	170803	084223.20	108.53809258	34.22365068	35.15	0.0410	-0.0350	-0.9840	2.40	NULL	39	0
1791	1	1	1	170803	084223.30	108.53809891	34.22365238	35.15	0.0140	-0.0750	-0.9590	2.41	NULL	39	0
1792	1	1	1	170803	084223.40	108.53810533	34.22365411	35.15	-0.0120	-0.0450	-1.0030	2.41	NULL	39	0
1793	1	1	1	170803	084223.50	108.53811168	34.22365579	35.15	0.0310	-0.0550	-0.9760	2.41	NULL	39	0
1794	1	1	1	170803	084223.60	108.53811808	34.22365751	35.15	0.0200	-0.0480	-1.0020	2.37	NULL	39	0
1795	1	1	1	170803	084223.70	108.53812440	34.22365919	35.15	0.0370	0.0180	-0.9640	2.37	NULL	39	0
1796	1	1	1	170803	084223.80	108.53813077	34.22366089	35.15	0.0390	0.0290	-1.0910	2.37	NULL	39	0
1797	1	1	1	170803	084223.90	108.53813709	34.22366259	35.15	-0.0090	-0.0020	-1.0260	2.35	NULL	40	0
1798	1	1	1	170803	084224.00	108.53814343	34.22366429	35.15	-0.0200	-0.0220	-1.0170	2.35	NULL	39	0
1799	1	1	1	170803	084224.10	108.53814977	34.22366596	35.15	0.1200	0.0290	-1.0320	2.35	NULL	39	0
1800	1	1	1	170803	084224.20	108.53815605	34.22366753	35.15	-0.0190	-0.0430	-1.0420	2.34	NULL	39	0
1801	1	1	1	170803	084224.30	108.53816238	34.22366921	35.15	-0.0010	-0.0240	-1.0160	2.34	NULL	39	0
1802	1	1	1	170803	084224.40	108.53816868	34.22367078	35.15	0.0250	0.0060	-0.9410	2.34	NULL	39	0
1803	1	1	1	170803	084224.50	108.53817504	34.22367244	35.15	-0.0190	0.0110	-1.0300	2.36	NULL	39	0
1804	1	1	1	170803	084224.60	108.53818141	34.22367416	35.15	0.0240	0.0040	-0.9750	2.36	NULL	39	0
1805	1	1	1	170803	084224.70	108.53818773	34.22367583	35.15	0.0540	0.0110	-1.0050	2.36	NULL	39	0
1806	1	1	1	170803	084224.80	108.53819403	34.22367757	35.15	0.0310	-0.0740	-1.0400	2.35	NULL	39	0
1807	1	1	1	170803	084224.90	108.53820036	34.22367922	35.15	-0.0240	-0.0250	-0.9860	2.35	NULL	39	0
1808	1	1	1	170803	084225.00	108.53820665	34.22368076	35.15	0.0160	0.0770	-1.0470	2.35	NULL	39	0
1809	1	1	1	170803	084225.10	108.53821297	34.22368241	35.15	-0.0120	-0.0030	-0.9660	2.33	NULL	39	0
1810	1	1	1	170803	084225.20	108.53821927	34.22368403	35.15	0.0030	0.0050	-0.9900	2.33	NULL	39	0
1811	1	1	1	170803	084225.30	108.53822559	34.22368570	35.15	0.0580	-0.0510	-0.9090	2.33	NULL	39	0
1812	1	1	1	170803	084225.40	108.53823193	34.22368744	35.15	-0.0560	-0.0330	-1.0390	2.31	NULL	39	0
1813	1	1	1	170803	084225.50	108.53823824	34.22368913	35.15	0.0470	-0.0280	-0.9920	2.31	NULL	39	0
1814	1	1	1	170803	084225.60	108.53824455	34.22369087	35.15	0.0000	-0.0040	-0.9690	2.31	NULL	39	0
1815	1	1	1	170803	084225.70	108.53825085	34.22369254	35.15	-0.0010	-0.0500	-1.0160	2.29	NULL	39	0
1816	1	1	1	170803	084225.80	108.53825716	34.22369423	35.15	-0.0210	-0.0290	-1.0400	2.29	NULL	39	0
1817	1	1	1	170803	084225.90	108.53826344	34.22369593	35.15	-0.0080	-0.0010	-1.0160	2.29	NULL	39	0
1818	1	1	1	170803	084226.00	108.53826963	34.22369764	35.15	-0.0130	-0.0340	-1.0060	2.30	NULL	39	0
1819	1	1	1	170803	084226.10	108.53827592	34.22369934	35.15	0.0110	-0.0680	-1.0160	2.30	NULL	39	0
1820	1	1	1	170803	084226.20	108.53828217	34.22370099	35.15	0.0590	-0.0150	-1.0060	2.30	NULL	39	0
1821	1	1	1	170803	084226.30	108.53828844	34.22370268	35.15	0.0400	0.0050	-1.0540	2.29	NULL	39	0
1822	1	1	1	170803	084226.40	108.53829475	34.22370444	35.15	0.0180	-0.0900	-1.0690	2.29	NULL	39	0
1823	1	1	1	170803	084226.50	108.53830104	34.22370615	35.15	0.0110	0.0240	-0.9470	2.29	NULL	39	0
1824	1	1	1	170803	084226.60	108.53830736	34.22370788	35.15	-0.0020	-0.0320	-1.0170	2.29	NULL	39	0
1825	1	1	1	170803	084226.70	108.53831363	34.22370957	35.15	0.0750	-0.0590	-0.9430	2.28	NULL	39	0
1826	1	1	1	170803	084226.80	108.53831995	34.22371127	35.15	0.0190	-0.0530	-1.0300	2.28	NULL	39	0
1827	1	1	1	170803	084226.90	108.53832623	34.22371294	35.15	-0.0360	-0.0410	-0.9420	2.28	NULL	39	0
1828	1	1	1	170803	084227.00	108.53833253	34.22371463	35.15	0.0510	-0.0170	-0.9900	2.29	NULL	39	0
1829	1	1	1	170803	084227.10	108.53833882	34.22371632	35.15	0.0010	0.0150	-0.9810	2.29	NULL	39	0
1830	1	1	1	170803	084227.20	108.53834513	34.22371803	35.15	0.0200	-0.0020	-0.9540	2.29	NULL	39	0
1831	1	1	1	170803	084227.30	108.53835143	34.22371972	35.15	0.0130	-0.0520	-1.0350	2.28	NULL	39	0
1832	1	1	1	170803	084227.40	108.53835776	34.22372144	35.15	0.0340	-0.0290	-1.0210	2.28	NULL	39	0
1833	1	1	1	170803	084227.50	108.53836404	34.22372312	35.15	-0.0330	-0.0150	-0.9240	2.28	NULL	39	0
1834	1	1	1	170803	084227.60	108.53837035	34.22372483	35.15	-0.0380	-0.0060	-1.0530	2.08	NULL	39	0
1835	1	1	1	170803	084227.70	108.53837663	34.22372652	35.15	0.0120	0.0250	-1.0540	2.08	NULL	39	0
1836	1	1	1	170803	084227.80	108.53838288	34.22372825	35.15	0.0230	-0.0060	-1.0420	2.08	NULL	39	0
1837	1	1	1	170803	084227.90	108.53838915	34.22372994	35.15	-0.0250	0.0300	-1.0090	1.93	NULL	39	0
1838	1	1	1	170803	084228.00	108.53839543	34.22373164	35.15	-0.0040	-0.0330	-0.9960	1.93	NULL	39	0
1839	1	1	1	170803	084228.10	108.53840172	34.22373333	35.15	0.0130	0.0130	-1.0100	1.93	NULL	39	0
1840	1	1	1	170803	084228.20	108.53840802	34.22373502	35.15	-0.0210	-0.0070	-0.9690	1.88	NULL	39	0
1841	1	1	1	170803	084228.30	108.53841432	34.22373671	35.15	0.0530	-0.0290	-0.9660	1.88	NULL	39	0
1842	1	1	1	170803	084228.40	108.53842061	34.22373840	35.15	-0.0600	0.0260	-0.9090	1.88	NULL	39	0
1843	1	1	1	170803	084228.50	108.53842689	34.22374008	35.15	-0.0010	-0.0390	-0.9430	1.83	NULL	39	0
1844	1	1	1	170803	084228.60	108.53843317	34.22374177	35.15	-0.0090	-0.0080	-0.9930	1.83	NULL	39	0
1845	1	1	1	170803	084228.70	108.53843945	34.22374345	35.15	0.0180	-0.0960	-1.0290	1.83	NULL	39	0
1846	1	1	1	170803	084228.80	108.53844573	34.22374513	35.15	0.0340	-0.0730	-1.0070	1.82	NULL	39	0
1847	1	1	1	170803	084228.90	108.53845199	34.22374681	35.15	0.0240	-0.0570	-1.0490	1.82	NULL	39	0
1848	1	1	1	170803	084229.00	108.53845829	34.22374848	35.15	-0.0530	-0.1140	-1.0930	1.82	NULL	39	0
1849	1	1	1	170803	084229.10	108.53846457	34.22375015	35.15	-0.0160	-0.0710	-0.9730	1.82	NULL	39	0
1850	1	1	1	170803	084229.20	108.53847088	34.22375182	35.15	-0.0350	0.0460	-0.9920	1.82	NULL	39	0
1851	1	1	1	170803	084229.30	108.53847713	34.22375352	35.15	0.0280	-0.1160	-1.0110	1.82	NULL	39	0
1852	1	1	1	170803	084229.40	108.53848341	34.22375521	35.15	-0.0120	-0.0220	-0.9970	1.82	NULL	39	0
1853	1	1	1	170803	084229.50	108.53848968	34.22375693	35.15	0.0400	-0.0120	-0.9690	1.82	NULL	39	0
1854	1	1	1	170803	084229.60	108.53849596	34.22375864	35.15	0.0110	-0.0640	-0.9520	1.82	NULL	39	0
1855	1	1	1	170803	084229.70	108.53850223	34.22376032	35.15	0.0010	-0.0140	-1.0490	1.80	NULL	39	0
1856	1	1	1	170803	084229.80	108.53850851	34.22376201	35.15	0.0800	0.0190	-0.9900	1.80	NULL	39	0
1857	1	1	1	170803	084229.90	108.53851476	34.22376372	35.15	-0.0330	-0.0940	-1.0050	1.80	NULL	39	0
1858	1	1	1	170803	084230.00	108.53852103	34.22376542	35.15	0.0030	0.0150	-1.0190	1.81	NULL	39	0
1859	1	1	1	170803	084230.10	108.53852728	34.22376713	35.15	-0.0050	-0.0500	-0.9590	1.81	NULL	39	0
1860	1	1	1	170803	084230.20	108.53853353	34.22376884	35.15	0.0450	-0.0300	-0.9400	1.81	NULL	39	0
1861	1	1	1	170803	084230.30	108.53853978	34.22377056	35.15	0.0380	0.0130	-1.0340	1.79	NULL	39	0
1862	1	1	1	170803	084230.40	108.53854602	34.22377227	35.15	-0.0200	-0.0170	-1.0000	1.79	NULL	39	0
1863	1	1	1	170803	084230.50	108.53855226	34.22377399	35.15	0.0110	-0.0580	-0.9970	1.79	NULL	39	0
1864	1	1	1	170803	084230.60	108.53855849	34.22377571	35.15	0.0170	-0.0270	-1.0350	1.79	NULL	39	0
1865	1	1	1	170803	084230.70	108.53856474	34.22377743	35.15	-0.0110	-0.0190	-1.0100	1.79	NULL	39	0
1866	1	1	1	170803	084230.80	108.53857097	34.22377915	35.15	0.0220	0.0130	-1.0200	1.79	NULL	39	0
1867	1	1	1	170803	084230.90	108.53857721	34.22378088	35.15	0.0040	0.0270	-1.0700	1.79	NULL	39	0
1868	1	1	1	170803	084231.00	108.53858345	34.22378261	35.15	-0.0040	0.0040	-0.9400	1.80	NULL	39	0
1869	1	1	1	170803	084231.10	108.53858969	34.22378436	35.15	-0.0280	0.0140	-0.9670	1.80	NULL	39	0
1870	1	1	1	170803	084231.20	108.53859591	34.22378610	35.15	0.0220	-0.0240	-0.9930	1.80	NULL	39	0
1871	1	1	1	170803	084231.30	108.53860215	34.22378785	35.15	0.0040	-0.0240	-1.0280	1.79	NULL	39	0
1872	1	1	1	170803	084231.40	108.53860831	34.22378965	35.15	-0.0130	-0.0230	-1.0890	1.79	NULL	39	0
1873	1	1	1	170803	084231.50	108.53861454	34.22379140	35.15	-0.0090	-0.0570	-0.9470	1.79	NULL	39	0
1874	1	1	1	170803	084231.60	108.53862078	34.22379329	35.15	0.0290	-0.0570	-1.0190	1.79	NULL	39	0
1875	1	1	1	170803	084231.70	108.53862701	34.22379504	35.15	-0.0320	-0.0530	-1.0390	1.79	NULL	39	0
1876	1	1	1	170803	084231.80	108.53863323	34.22379689	35.15	0.0190	0.0360	-0.9560	1.79	NULL	39	0
1877	1	1	1	170803	084231.90	108.53863946	34.22379866	35.15	0.0220	-0.0280	-0.9380	1.81	NULL	39	0
1878	1	1	1	170803	084232.00	108.53864568	34.22380049	35.15	0.0370	-0.0020	-1.0310	1.81	NULL	39	0
1879	1	1	1	170803	084232.10	108.53865188	34.22380224	35.15	0.0570	-0.0390	-1.0070	1.81	NULL	39	0
1880	1	1	1	170803	084232.20	108.53865808	34.22380406	35.15	0.0060	-0.0060	-1.0780	1.80	NULL	39	0
1881	1	1	1	170803	084232.30	108.53866429	34.22380584	35.15	0.0370	0.0380	-0.9730	1.80	NULL	39	0
1882	1	1	1	170803	084232.40	108.53867049	34.22380765	35.15	0.0240	-0.0810	-0.9970	1.80	NULL	39	0
1883	1	1	1	170803	084232.50	108.53867670	34.22380943	35.15	-0.0360	-0.0030	-1.0470	1.81	NULL	39	0
1884	1	1	1	170803	084232.60	108.53868290	34.22381123	35.15	0.0160	-0.0200	-1.0040	1.81	NULL	39	0
1885	1	1	1	170803	084232.70	108.53868909	34.22381302	35.15	-0.0310	-0.0470	-0.9650	1.81	NULL	39	0
1886	1	1	1	170803	084232.80	108.53869527	34.22381483	35.15	0.0510	0.0090	-0.9850	1.80	NULL	39	0
1887	1	1	1	170803	084232.90	108.53870146	34.22381662	35.15	0.0410	0.0040	-1.0140	1.80	NULL	39	0
1888	1	1	1	170803	084233.00	108.53870763	34.22381842	35.15	-0.0050	0.0020	-0.9560	1.80	NULL	39	0
1889	1	1	1	170803	084233.10	108.53871382	34.22382021	35.15	0.0670	0.0010	-1.0010	1.82	NULL	39	0
1890	1	1	1	170803	084233.20	108.53872001	34.22382201	35.15	-0.0090	-0.0630	-0.9720	1.82	NULL	39	0
1891	1	1	1	170803	084233.30	108.53872620	34.22382379	35.15	0.0060	0.0440	-0.9970	1.82	NULL	39	0
1892	1	1	1	170803	084233.40	108.53873238	34.22382558	35.15	-0.0050	-0.0290	-0.9920	1.82	NULL	39	0
1893	1	1	1	170803	084233.50	108.53873854	34.22382739	35.15	0.0040	-0.0420	-0.9700	1.82	NULL	39	0
1894	1	1	1	170803	084233.60	108.53874471	34.22382918	35.15	-0.0060	0.0500	-1.0490	1.82	NULL	39	0
1895	1	1	1	170803	084233.70	108.53875088	34.22383098	35.15	0.0230	0.0080	-0.9740	1.81	NULL	39	0
1896	1	1	1	170803	084233.80	108.53875704	34.22383278	35.15	-0.0300	-0.0070	-0.9610	1.81	NULL	39	0
1897	1	1	1	170803	084233.90	108.53876320	34.22383460	35.15	-0.0220	0.0030	-1.0100	1.81	NULL	39	0
1898	1	1	1	170803	084234.00	108.53876936	34.22383638	35.15	-0.0330	-0.0320	-1.0110	1.84	NULL	38	0
1899	1	1	1	170803	084234.10	108.53877553	34.22383821	35.15	0.0050	0.0190	-0.9830	1.84	NULL	39	0
1900	1	1	1	170803	084234.20	108.53878169	34.22383999	35.15	-0.0030	-0.0220	-0.9900	1.84	NULL	38	0
1901	1	1	1	170803	084234.30	108.53878784	34.22384179	35.15	0.0440	-0.0600	-1.0240	1.82	NULL	39	0
1902	1	1	1	170803	084234.40	108.53879399	34.22384358	35.15	-0.0200	0.0370	-1.0140	1.82	NULL	38	0
1903	1	1	1	170803	084234.50	108.53880015	34.22384538	35.15	-0.0020	-0.0300	-0.9250	1.82	NULL	39	0
1904	1	1	1	170803	084234.60	108.53880631	34.22384714	35.15	0.0020	-0.0230	-0.9690	1.82	NULL	38	0
1905	1	1	1	170803	084234.70	108.53881249	34.22384892	35.15	-0.0200	-0.0670	-1.0050	1.84	NULL	39	0
1906	1	1	1	170803	084234.80	108.53881866	34.22385067	35.15	0.0060	-0.0250	-0.9870	1.84	NULL	39	0
1907	1	1	1	170803	084234.90	108.53882485	34.22385245	35.15	-0.0360	0.0110	-1.0200	1.84	NULL	39	0
1908	1	1	1	170803	084235.00	108.53883103	34.22385421	35.15	0.0130	-0.0030	-0.9090	1.82	NULL	39	0
1909	1	1	1	170803	084235.10	108.53883721	34.22385598	35.15	0.0050	-0.0460	-0.9970	1.82	NULL	39	0
1910	1	1	1	170803	084235.20	108.53884339	34.22385774	35.15	-0.0150	0.0200	-0.9990	1.82	NULL	39	0
1911	1	1	1	170803	084235.30	108.53884958	34.22385951	35.15	0.0020	0.0410	-1.0160	1.83	NULL	39	0
1912	1	1	1	170803	084235.40	108.53885575	34.22386127	35.15	0.0100	-0.0300	-1.0000	1.83	NULL	39	0
1913	1	1	1	170803	084235.50	108.53886193	34.22386305	35.15	-0.0200	-0.0020	-1.0610	1.83	NULL	39	0
1914	1	1	1	170803	084235.60	108.53886810	34.22386481	35.15	-0.0230	0.0010	-0.9540	1.85	NULL	39	0
1915	1	1	1	170803	084235.70	108.53887428	34.22386658	35.15	0.0030	-0.0520	-1.0290	1.85	NULL	39	0
1916	1	1	1	170803	084235.80	108.53888046	34.22386835	35.15	0.0070	-0.0200	-1.0400	1.85	NULL	39	0
1917	1	1	1	170803	084235.90	108.53888664	34.22387014	35.15	-0.0160	-0.0430	-1.0080	1.87	NULL	39	0
1918	1	1	1	170803	084236.00	108.53889282	34.22387192	35.15	0.0290	-0.0580	-1.0040	1.87	NULL	39	0
1919	1	1	1	170803	084236.10	108.53889902	34.22387372	35.15	0.0050	0.0420	-0.9780	1.87	NULL	39	0
1920	1	1	1	170803	084236.20	108.53890521	34.22387552	35.15	-0.0010	-0.0270	-0.9420	2.04	NULL	39	0
1921	1	1	1	170803	084236.30	108.53891142	34.22387733	35.15	0.0210	0.0090	-1.0610	2.04	NULL	39	0
1922	1	1	1	170803	084236.40	108.53891766	34.22387909	35.15	-0.0030	0.0140	-1.0070	2.04	NULL	39	0
1923	1	1	1	170803	084236.50	108.53892385	34.22388090	35.15	0.0160	0.0440	-1.0240	2.22	NULL	39	0
1924	1	1	1	170803	084236.60	108.53893013	34.22388263	35.15	-0.0090	0.0240	-1.0150	2.22	NULL	39	0
1925	1	1	1	170803	084236.70	108.53893631	34.22388444	35.15	0.0160	-0.0480	-0.9390	2.22	NULL	39	0
1926	1	1	1	170803	084236.80	108.53894256	34.22388617	35.15	0.0190	-0.0330	-0.9970	2.28	NULL	39	0
1927	1	1	1	170803	084236.90	108.53894877	34.22388798	35.15	-0.0150	0.0030	-1.0340	2.28	NULL	39	0
1928	1	1	1	170803	084237.00	108.53895502	34.22388972	35.15	0.0250	-0.1000	-0.9120	2.28	NULL	39	0
1929	1	1	1	170803	084237.10	108.53896120	34.22389154	35.15	0.0320	-0.0320	-1.0230	2.31	NULL	39	0
1930	1	1	1	170803	084237.20	108.53896745	34.22389330	35.15	0.0140	-0.0500	-1.0480	2.31	NULL	39	0
1931	1	1	1	170803	084237.30	108.53897366	34.22389512	35.15	-0.0020	-0.0210	-0.9940	2.31	NULL	39	0
1932	1	1	1	170803	084237.40	108.53897990	34.22389690	35.15	-0.0060	-0.0160	-1.0010	2.34	NULL	39	0
1933	1	1	1	170803	084237.50	108.53898610	34.22389871	35.15	-0.0160	0.0480	-1.0070	2.34	NULL	39	0
1934	1	1	1	170803	084237.60	108.53899233	34.22390050	35.15	0.0080	-0.0520	-1.0350	2.34	NULL	39	0
1935	1	1	1	170803	084237.70	108.53899854	34.22390232	35.15	0.0540	0.0270	-0.9720	2.37	NULL	39	0
1936	1	1	1	170803	084237.80	108.53900477	34.22390411	35.15	0.0010	-0.0530	-0.9920	2.37	NULL	39	0
1937	1	1	1	170803	084237.90	108.53901095	34.22390593	35.15	0.0000	0.0330	-0.9490	2.37	NULL	39	0
1938	1	1	1	170803	084238.00	108.53901717	34.22390772	35.15	0.0200	0.0420	-1.0510	2.37	NULL	39	0
1939	1	1	1	170803	084238.10	108.53902338	34.22390955	35.15	0.0150	-0.0420	-1.0690	2.37	NULL	39	0
1940	1	1	1	170803	084238.20	108.53902961	34.22391136	35.15	0.0360	-0.0320	-1.1080	2.37	NULL	39	0
1941	1	1	1	170803	084238.30	108.53903581	34.22391319	35.15	-0.0410	0.0310	-0.9320	2.38	NULL	39	0
1942	1	1	1	170803	084238.40	108.53904205	34.22391500	35.15	-0.0170	-0.0440	-1.0350	2.38	NULL	39	0
1943	1	1	1	170803	084238.50	108.53904826	34.22391684	35.15	-0.0530	-0.0560	-0.9710	2.38	NULL	39	0
1944	1	1	1	170803	084238.60	108.53905447	34.22391865	35.15	0.0070	-0.0650	-1.0060	2.38	NULL	39	0
1945	1	1	1	170803	084238.70	108.53906068	34.22392048	35.15	-0.0000	-0.0820	-1.0630	2.39	NULL	39	0
1946	1	1	1	170803	084238.80	108.53906688	34.22392229	35.15	0.0070	0.0150	-1.0350	2.39	NULL	39	0
1947	1	1	1	170803	084238.90	108.53907305	34.22392414	35.15	-0.0280	-0.0150	-1.0280	2.39	NULL	39	0
1948	1	1	1	170803	084239.00	108.53907925	34.22392597	35.15	0.0010	-0.0210	-1.0680	2.36	NULL	39	0
1949	1	1	1	170803	084239.10	108.53908546	34.22392781	35.15	0.0360	0.0210	-1.0100	2.36	NULL	39	0
1950	1	1	1	170803	084239.20	108.53909166	34.22392965	35.15	0.0520	0.1160	-0.9110	2.36	NULL	39	0
1951	1	1	1	170803	084239.30	108.53909786	34.22393149	35.15	-0.0460	-0.0070	-1.0420	2.37	NULL	39	0
1952	1	1	1	170803	084239.40	108.53910407	34.22393331	35.15	0.0110	-0.0950	-0.9900	2.37	NULL	39	0
1953	1	1	1	170803	084239.50	108.53911027	34.22393515	35.15	-0.0190	0.0340	-1.0040	2.37	NULL	39	0
1954	1	1	1	170803	084239.60	108.53911647	34.22393697	35.15	-0.0330	0.0110	-0.9220	2.36	NULL	39	0
1955	1	1	1	170803	084239.70	108.53912265	34.22393882	35.15	0.0140	0.0070	-1.0030	2.36	NULL	39	0
1956	1	1	1	170803	084239.80	108.53912883	34.22394065	35.15	0.0090	-0.0680	-1.0160	2.36	NULL	39	0
1957	1	1	1	170803	084239.90	108.53913504	34.22394250	35.15	-0.0180	-0.0560	-1.0290	2.36	NULL	39	0
1958	1	1	1	170803	084240.00	108.53914124	34.22394434	35.15	0.0460	0.0060	-0.9520	2.36	NULL	39	0
1959	1	1	1	170803	084240.10	108.53914744	34.22394618	35.15	0.0010	-0.0430	-0.9600	2.36	NULL	39	0
1960	1	1	1	170803	084240.20	108.53915365	34.22394802	35.15	-0.0310	-0.0100	-1.0400	2.35	NULL	39	0
1961	1	1	1	170803	084240.30	108.53915984	34.22394988	35.15	-0.0190	-0.0230	-1.0400	2.35	NULL	39	0
1962	1	1	1	170803	084240.40	108.53916604	34.22395173	35.15	-0.0140	0.0660	-1.0040	2.35	NULL	39	0
1963	1	1	1	170803	084240.50	108.53917224	34.22395359	35.15	0.0130	-0.0530	-1.0080	2.32	NULL	39	0
1964	1	1	1	170803	084240.60	108.53917842	34.22395544	35.15	-0.0150	-0.0390	-1.0460	2.32	NULL	39	0
1965	1	1	1	170803	084240.70	108.53918463	34.22395728	35.15	0.0270	0.0280	-1.0110	2.32	NULL	39	0
1966	1	1	1	170803	084240.80	108.53919083	34.22395911	35.15	-0.0210	-0.0420	-0.9760	2.32	NULL	39	0
1967	1	1	1	170803	084240.90	108.53919702	34.22396095	35.15	0.0150	0.0040	-0.9910	2.32	NULL	39	0
1968	1	1	1	170803	084241.00	108.53920321	34.22396277	35.15	0.0210	-0.0170	-1.0860	2.32	NULL	39	0
1969	1	1	1	170803	084241.10	108.53920940	34.22396463	35.15	-0.0050	-0.0100	-1.0300	2.32	NULL	39	0
1970	1	1	1	170803	084241.20	108.53921557	34.22396647	35.15	0.0560	-0.0120	-1.0200	2.32	NULL	39	0
1971	1	1	1	170803	084241.30	108.53922176	34.22396834	35.15	0.0160	0.0300	-0.9600	2.32	NULL	39	0
1972	1	1	1	170803	084241.40	108.53922795	34.22397022	35.15	-0.0020	-0.0440	-1.0690	2.32	NULL	39	0
1973	1	1	1	170803	084241.50	108.53923414	34.22397208	35.15	-0.0190	-0.0630	-0.8600	2.32	NULL	39	0
1974	1	1	1	170803	084241.60	108.53924033	34.22397394	35.15	0.0080	-0.0040	-0.9780	2.32	NULL	39	0
1975	1	1	1	170803	084241.70	108.53924647	34.22397579	35.15	-0.0100	-0.0270	-0.9980	2.32	NULL	39	0
1976	1	1	1	170803	084241.80	108.53925261	34.22397763	35.15	0.0130	-0.0120	-1.0440	2.32	NULL	39	0
1977	1	1	1	170803	084241.90	108.53925879	34.22397949	35.15	0.0100	0.0170	-1.0850	2.32	NULL	39	0
1978	1	1	1	170803	084242.00	108.53926496	34.22398135	35.15	-0.0250	-0.0590	-0.9540	2.27	NULL	39	0
1979	1	1	1	170803	084242.10	108.53927112	34.22398321	35.15	-0.0030	-0.0320	-0.9470	2.27	NULL	39	0
1980	1	1	1	170803	084242.20	108.53927731	34.22398506	35.15	-0.0040	-0.0280	-0.9630	2.27	NULL	39	0
1981	1	1	1	170803	084242.30	108.53928348	34.22398691	35.15	-0.0300	-0.0950	-1.0640	2.26	NULL	39	0
1982	1	1	1	170803	084242.40	108.53928958	34.22398876	35.15	0.0450	-0.0350	-0.9780	2.26	NULL	39	0
1983	1	1	1	170803	084242.50	108.53929574	34.22399061	35.15	0.0010	-0.0610	-1.1030	2.26	NULL	39	0
1984	1	1	1	170803	084242.60	108.53930184	34.22399247	35.15	0.0230	0.0420	-0.9970	2.26	NULL	39	0
1985	1	1	1	170803	084242.70	108.53930799	34.22399433	35.15	-0.0190	-0.0760	-0.9820	2.26	NULL	39	0
1986	1	1	1	170803	084242.80	108.53931417	34.22399618	35.15	-0.0340	-0.0510	-0.9460	2.26	NULL	39	0
1987	1	1	1	170803	084242.90	108.53932032	34.22399805	35.15	0.0490	-0.0530	-0.9900	2.26	NULL	39	0
1988	1	1	1	170803	084243.00	108.53932649	34.22399991	35.15	0.0340	0.0190	-0.9540	2.24	NULL	39	0
1989	1	1	1	170803	084243.10	108.53933264	34.22400177	35.15	0.0090	-0.0890	-1.0290	2.24	NULL	39	0
1990	1	1	1	170803	084243.20	108.53933879	34.22400363	35.15	0.0540	-0.0130	-1.0270	2.24	NULL	39	0
1991	1	1	1	170803	084243.30	108.53934493	34.22400551	35.15	-0.0420	-0.0500	-0.9670	2.27	NULL	39	0
1992	1	1	1	170803	084243.40	108.53935106	34.22400736	35.15	0.0200	0.0080	-1.0370	2.27	NULL	39	0
1993	1	1	1	170803	084243.50	108.53935722	34.22400922	35.15	0.0340	-0.0030	-0.9910	2.27	NULL	39	0
1994	1	1	1	170803	084243.60	108.53936336	34.22401109	35.15	0.0120	-0.0130	-1.0860	2.24	NULL	39	0
1995	1	1	1	170803	084243.70	108.53936950	34.22401297	35.15	0.0240	-0.0210	-0.9760	2.24	NULL	39	0
1996	1	1	1	170803	084243.80	108.53937563	34.22401484	35.15	0.0010	-0.0280	-1.0180	2.24	NULL	39	0
1997	1	1	1	170803	084243.90	108.53938178	34.22401670	35.15	0.0110	-0.0320	-0.9980	2.24	NULL	38	0
1998	1	1	1	170803	084244.00	108.53938791	34.22401857	35.15	0.0330	-0.0220	-0.9810	2.24	NULL	39	0
1999	1	1	1	170803	084244.10	108.53939404	34.22402046	35.15	-0.0200	0.0320	-1.0160	2.24	NULL	38	0
2000	1	1	1	170803	084244.20	108.53940017	34.22402234	35.15	-0.0080	-0.0450	-1.0260	2.22	NULL	39	0
2001	1	1	1	170803	084244.30	108.53940631	34.22402420	35.15	0.0440	-0.0060	-0.9400	2.22	NULL	39	0
2002	1	1	1	170803	084244.40	108.53941244	34.22402607	35.15	-0.0240	0.0540	-1.0000	2.22	NULL	39	0
2003	1	1	1	170803	084244.50	108.53941856	34.22402795	35.15	0.0260	0.0390	-0.9910	2.25	NULL	38	0
2004	1	1	1	170803	084244.60	108.53942467	34.22402984	35.15	-0.0010	-0.0370	-0.9610	2.25	NULL	39	0
2005	1	1	1	170803	084244.70	108.53943079	34.22403174	35.15	0.0370	-0.0180	-1.0040	2.25	NULL	38	0
2006	1	1	1	170803	084244.80	108.53943688	34.22403363	35.15	-0.0480	-0.0820	-1.0490	2.23	NULL	39	0
2007	1	1	1	170803	084244.90	108.53944301	34.22403552	35.15	0.0230	-0.0480	-1.0430	2.23	NULL	38	0
2008	1	1	1	170803	084245.00	108.53944909	34.22403741	35.15	0.0110	-0.0630	-1.0370	2.23	NULL	39	0
2009	1	1	1	170803	084245.10	108.53945520	34.22403933	35.15	-0.0550	0.0060	-1.0510	2.23	NULL	38	0
2010	1	1	1	170803	084245.20	108.53946134	34.22404117	35.15	0.0560	-0.0300	-0.9120	2.23	NULL	39	0
2011	1	1	1	170803	084245.30	108.53946743	34.22404309	35.15	0.0370	-0.0490	-1.0690	2.23	NULL	38	0
2012	1	1	1	170803	084245.40	108.53947349	34.22404498	35.15	0.0110	0.0080	-0.9600	2.19	NULL	39	0
2013	1	1	1	170803	084245.50	108.53947961	34.22404689	35.15	0.0010	-0.0760	-1.0770	2.19	NULL	38	0
2014	1	1	1	170803	084245.60	108.53948567	34.22404877	35.15	-0.0020	-0.0120	-0.9610	2.19	NULL	39	0
2015	1	1	1	170803	084245.70	108.53949177	34.22405066	35.15	0.0040	0.0080	-1.0000	2.18	NULL	38	0
2016	1	1	1	170803	084245.80	108.53949783	34.22405255	35.15	-0.0010	-0.0210	-1.0770	2.18	NULL	39	0
2017	1	1	1	170803	084245.90	108.53950391	34.22405446	35.15	0.0430	-0.0820	-0.9730	2.18	NULL	38	0
2018	1	1	1	170803	084246.00	108.53950996	34.22405637	35.15	-0.0010	0.1150	-1.0720	2.17	NULL	38	0
2019	1	1	1	170803	084246.10	108.53951605	34.22405830	35.15	-0.0050	-0.0270	-0.9210	2.17	NULL	38	0
2020	1	1	1	170803	084246.20	108.53952210	34.22406024	35.15	0.0580	0.0740	-0.9420	2.17	NULL	39	0
2021	1	1	1	170803	084246.30	108.53952818	34.22406216	35.15	-0.0210	-0.0280	-1.0040	2.16	NULL	38	0
2022	1	1	1	170803	084246.40	108.53953428	34.22406407	35.15	0.0150	-0.0680	-1.0260	2.16	NULL	38	0
2023	1	1	1	170803	084246.50	108.53954037	34.22406598	35.15	-0.0020	0.0240	-0.9280	2.16	NULL	38	0
2024	1	1	1	170803	084246.60	108.53954644	34.22406790	35.15	-0.0120	0.0250	-1.0100	2.16	NULL	38	0
2025	1	1	1	170803	084246.70	108.53955251	34.22406983	35.15	0.0300	-0.0360	-0.9620	2.17	NULL	38	0
2026	1	1	1	170803	084246.80	108.53955856	34.22407176	35.15	0.0050	-0.0060	-1.0290	2.17	NULL	38	0
2027	1	1	1	170803	084246.90	108.53956463	34.22407369	35.15	-0.0040	-0.0540	-1.0460	2.17	NULL	38	0
2028	1	1	1	170803	084247.00	108.53957068	34.22407561	35.15	-0.0220	-0.0510	-1.0170	2.17	NULL	38	0
2029	1	1	1	170803	084247.10	108.53957674	34.22407756	35.15	0.0040	0.0040	-1.0490	2.17	NULL	38	0
2030	1	1	1	170803	084247.20	108.53958280	34.22407949	35.15	0.0180	-0.0160	-1.0760	2.17	NULL	38	0
2031	1	1	1	170803	084247.30	108.53958888	34.22408142	35.15	-0.0580	-0.1400	-1.0230	2.17	NULL	38	0
2032	1	1	1	170803	084247.40	108.53959485	34.22408341	35.15	0.0640	0.0880	-0.9830	2.17	NULL	38	0
2033	1	1	1	170803	084247.50	108.53960090	34.22408535	35.15	-0.0390	-0.0720	-1.0360	2.17	NULL	38	0
2034	1	1	1	170803	084247.60	108.53960687	34.22408733	35.15	-0.0360	-0.0530	-1.0230	2.16	NULL	38	0
2035	1	1	1	170803	084247.70	108.53961291	34.22408928	35.15	-0.0120	-0.0140	-1.0360	2.16	NULL	38	0
2036	1	1	1	170803	084247.80	108.53961888	34.22409127	35.15	-0.0610	-0.0900	-1.0590	2.16	NULL	38	0
2037	1	1	1	170803	084247.90	108.53962493	34.22409323	35.15	-0.0010	-0.0000	-1.0150	2.16	NULL	38	0
2038	1	1	1	170803	084248.00	108.53963085	34.22409528	35.15	-0.0140	-0.0110	-1.0200	2.16	NULL	38	0
2039	1	1	1	170803	084248.10	108.53963687	34.22409725	35.15	-0.0330	-0.0230	-0.9830	2.16	NULL	38	0
2040	1	1	1	170803	084248.20	108.53964277	34.22409933	35.15	0.0200	-0.0070	-1.0300	2.15	NULL	38	0
2041	1	1	1	170803	084248.30	108.53964879	34.22410130	35.15	-0.0220	-0.0150	-1.0430	2.15	NULL	38	0
2042	1	1	1	170803	084248.40	108.53965468	34.22410338	35.15	-0.0020	-0.0380	-1.0140	2.15	NULL	38	0
2043	1	1	1	170803	084248.50	108.53966070	34.22410535	35.15	-0.0330	-0.0010	-0.9650	2.17	NULL	38	0
2044	1	1	1	170803	084248.60	108.53966669	34.22410737	35.15	-0.0260	-0.0060	-0.9170	2.17	NULL	38	0
2045	1	1	1	170803	084248.70	108.53967270	34.22410934	35.15	0.0090	-0.0230	-1.0320	2.17	NULL	38	0
2046	1	1	1	170803	084248.80	108.53967869	34.22411134	35.15	0.0160	-0.0230	-0.9900	2.15	NULL	38	0
2047	1	1	1	170803	084248.90	108.53968470	34.22411331	35.15	0.0190	-0.0030	-1.1040	2.15	NULL	38	0
2048	1	1	1	170803	084249.00	108.53969065	34.22411536	35.15	-0.0140	-0.0620	-1.0230	2.15	NULL	38	0
2049	1	1	1	170803	084249.10	108.53969665	34.22411736	35.15	0.0350	-0.0240	-0.9800	2.17	NULL	38	0
2050	1	1	1	170803	084249.20	108.53970263	34.22411940	35.15	-0.0250	-0.0180	-1.0490	2.17	NULL	38	0
2051	1	1	1	170803	084249.30	108.53970862	34.22412138	35.15	0.0130	0.0220	-1.0560	2.17	NULL	38	0
2052	1	1	1	170803	084249.40	108.53971459	34.22412342	35.15	-0.0020	0.0140	-1.0680	2.16	NULL	38	0
2053	1	1	1	170803	084249.50	108.53972058	34.22412544	35.15	0.0420	-0.0210	-1.0190	2.16	NULL	38	0
2054	1	1	1	170803	084249.60	108.53972652	34.22412749	35.15	-0.0270	-0.0280	-0.9350	2.16	NULL	38	0
2055	1	1	1	170803	084249.70	108.53973247	34.22412948	35.15	-0.0000	-0.0150	-1.0090	2.17	NULL	38	0
2056	1	1	1	170803	084249.80	108.53973841	34.22413155	35.15	0.0390	-0.0280	-1.0440	2.17	NULL	38	0
2057	1	1	1	170803	084249.90	108.53974440	34.22413356	35.15	0.0200	-0.0590	-0.9940	2.17	NULL	38	0
2058	1	1	1	170803	084250.00	108.53975037	34.22413561	35.15	-0.0570	-0.0350	-0.9990	2.19	NULL	38	0
2059	1	1	1	170803	084250.10	108.53975632	34.22413762	35.15	0.0290	-0.0680	-0.9470	2.19	NULL	38	0
2060	1	1	1	170803	084250.20	108.53976231	34.22413967	35.15	0.0130	0.0120	-0.9350	2.19	NULL	38	0
2061	1	1	1	170803	084250.30	108.53976828	34.22414167	35.15	0.0090	-0.0870	-1.0230	2.17	NULL	38	0
2062	1	1	1	170803	084250.40	108.53977421	34.22414375	35.15	-0.0100	-0.0650	-1.0160	2.17	NULL	38	0
2063	1	1	1	170803	084250.50	108.53978015	34.22414575	35.15	0.0090	0.0200	-1.0390	2.17	NULL	38	0
2064	1	1	1	170803	084250.60	108.53978608	34.22414783	35.15	-0.0150	0.0130	-1.0520	2.17	NULL	38	0
2065	1	1	1	170803	084250.70	108.53979203	34.22414983	35.15	0.0180	-0.0730	-1.0300	2.18	NULL	38	0
2066	1	1	1	170803	084250.80	108.53979797	34.22415188	35.15	-0.0340	-0.0230	-1.0300	2.18	NULL	38	0
2067	1	1	1	170803	084250.90	108.53980390	34.22415390	35.15	-0.0170	-0.0640	-1.0200	2.18	NULL	38	0
2068	1	1	1	170803	084251.00	108.53980987	34.22415593	35.15	-0.0340	0.0680	-0.9910	2.18	NULL	38	0
2069	1	1	1	170803	084251.10	108.53981582	34.22415793	35.15	0.0010	0.0110	-1.0520	2.18	NULL	38	0
2070	1	1	1	170803	084251.20	108.53982177	34.22415995	35.15	0.0190	-0.0330	-0.9770	2.18	NULL	38	0
2071	1	1	1	170803	084251.30	108.53982774	34.22416193	35.15	-0.0100	0.0020	-1.0090	2.17	NULL	38	0
2072	1	1	1	170803	084251.40	108.53983370	34.22416392	35.15	0.0020	-0.0310	-1.0280	2.17	NULL	38	0
2073	1	1	1	170803	084251.50	108.53983962	34.22416591	35.15	-0.0260	-0.0430	-1.0630	2.17	NULL	38	0
2074	1	1	1	170803	084251.60	108.53984556	34.22416789	35.15	-0.0120	-0.0750	-1.0330	2.22	NULL	38	0
2075	1	1	1	170803	084251.70	108.53985151	34.22416985	35.15	-0.0140	-0.0710	-0.9980	2.22	NULL	38	0
2076	1	1	1	170803	084251.80	108.53985743	34.22417183	35.15	0.0310	-0.0010	-1.0360	2.22	NULL	38	0
2077	1	1	1	170803	084251.90	108.53986337	34.22417382	35.15	0.0020	-0.0300	-1.0820	2.22	NULL	38	0
2078	1	1	1	170803	084252.00	108.53986938	34.22417576	35.15	-0.0660	-0.0360	-0.9480	2.22	NULL	38	0
2079	1	1	1	170803	084252.10	108.53987530	34.22417777	35.15	0.0480	0.0020	-0.9550	2.22	NULL	38	0
2080	1	1	1	170803	084252.20	108.53988130	34.22417973	35.15	0.0010	-0.0140	-0.9390	2.23	NULL	38	0
2081	1	1	1	170803	084252.30	108.53988724	34.22418172	35.15	0.0130	0.0230	-1.0780	2.23	NULL	38	0
2082	1	1	1	170803	084252.40	108.53989315	34.22418372	35.15	0.0560	0.0110	-1.0180	2.23	NULL	38	0
2083	1	1	1	170803	084252.50	108.53989907	34.22418573	35.15	-0.0140	0.0090	-0.9450	2.25	NULL	38	0
2084	1	1	1	170803	084252.60	108.53990499	34.22418771	35.15	0.0180	-0.0750	-1.0360	2.25	NULL	38	0
2085	1	1	1	170803	084252.70	108.53991091	34.22418971	35.15	0.0360	-0.0740	-0.9420	2.25	NULL	38	0
2086	1	1	1	170803	084252.80	108.53991680	34.22419174	35.15	0.0200	-0.0010	-1.0000	2.24	NULL	38	0
2087	1	1	1	170803	084252.90	108.53992274	34.22419376	35.15	0.0190	-0.1080	-0.9650	2.24	NULL	38	0
2088	1	1	1	170803	084253.00	108.53992865	34.22419578	35.15	-0.0290	0.0330	-0.9950	2.24	NULL	38	0
2089	1	1	1	170803	084253.10	108.53993456	34.22419779	35.15	-0.0360	0.0270	-0.9680	2.24	NULL	38	0
2090	1	1	1	170803	084253.20	108.53994048	34.22419981	35.15	-0.0420	-0.0130	-1.0080	2.24	NULL	38	0
2091	1	1	1	170803	084253.30	108.53994639	34.22420182	35.15	0.0390	-0.0360	-0.9900	2.24	NULL	38	0
2092	1	1	1	170803	084253.40	108.53995239	34.22420376	35.15	-0.0160	0.0110	-0.9480	2.26	NULL	38	0
2093	1	1	1	170803	084253.50	108.53995830	34.22420576	35.15	0.0160	-0.0230	-0.9850	2.26	NULL	38	0
2094	1	1	1	170803	084253.60	108.53996424	34.22420772	35.15	0.0240	-0.0400	-1.0160	2.26	NULL	38	0
2095	1	1	1	170803	084253.70	108.53997015	34.22420974	35.15	0.0260	-0.0200	-1.0100	2.24	NULL	38	0
2096	1	1	1	170803	084253.80	108.53997606	34.22421173	35.15	-0.0160	-0.0060	-0.9510	2.24	NULL	38	0
2097	1	1	1	170803	084253.90	108.53998198	34.22421373	35.15	0.0170	-0.0120	-0.9810	2.24	NULL	38	0
2098	1	1	1	170803	084254.00	108.53998799	34.22421561	35.15	0.0450	0.0230	-1.0230	2.25	NULL	38	0