1545	4	2	1	170803	093508.80	108.53603879	34.22311715	38.85	0.0290	0.0250	-1.0460	1.49	NULL	NULL	0
1546	4	2	1	170803	093508.90	108.53604563	34.22311877	38.85	0.0030	0.0750	-1.0100	1.49	NULL	NULL	0
1547	4	2	1	170803	093509.00	108.53605243	34.22311991	38.85	-0.0070	-0.0610	-0.8930	21.97	NULL	NULL	0
1548	4	2	1	170803	093509.10	108.53605929	34.22312156	38.85	-0.0320	0.0390	-0.9420	21.97	NULL	NULL	0
1549	4	2	1	170803	093509.20	108.53606622	34.22312382	38.85	-0.0400	-0.0260	-1.0100	1.49	NULL	NULL	0
1550	4	2	1	170803	093509.30	108.53607299	34.22312567	38.85	0.0180	0.0140	-0.9500	1.49	NULL	NULL	0
1551	4	2	1	170803	093509.40	108.53607975	34.22312704	38.85	-0.0290	-0.0900	-1.0210	1.49	NULL	NULL	0
1552	4	2	1	170803	093509.50	108.53608656	34.22312888	38.85	0.0090	0.1100	-0.9490	1.49	NULL	NULL	0
1553	4	2	1	170803	093509.60	108.53609328	34.22313094	38.85	0.0280	-0.0110	-1.0240	1.49	NULL	NULL	0
1554	4	2	1	170803	093509.70	108.53610022	34.22313268	38.85	-0.1070	0.0750	-1.0620	1.49	NULL	NULL	0
1555	4	2	1	170803	093509.80	108.53610753	34.22313411	38.85	-0.1260	0.0190	-0.9610	1.49	NULL	NULL	0
1556	4	2	1	170803	093509.90	108.53611430	34.22313576	38.85	-0.1350	0.0560	-0.9380	1.43	NULL	NULL	0
1557	4	2	1	170803	093510.00	108.53612088	34.22313922	37.00	-0.1520	0.0540	-0.9450	1.43	NULL	NULL	0
1558	4	2	1	170803	093510.10	108.53612742	34.22314076	37.00	-0.0640	0.0440	-1.0460	1.43	NULL	NULL	0
1559	4	2	1	170803	093510.20	108.53613457	34.22314244	37.00	-0.1360	0.0220	-1.0290	1.25	NULL	NULL	0
1560	4	2	1	170803	093510.30	108.53614101	34.22314394	35.15	-0.1070	0.1320	-0.9260	1.25	NULL	NULL	0
1561	4	2	1	170803	093510.40	108.53614693	34.22314450	35.15	-0.1060	-0.0000	-0.9950	1.25	NULL	NULL	0
1562	4	2	1	170803	093510.50	108.53615322	34.22314585	35.15	-0.0320	0.0820	-0.9820	1.07	NULL	NULL	0
1563	4	2	1	170803	093510.60	108.53615941	34.22314763	35.15	0.0780	0.1060	-0.9980	1.07	NULL	NULL	0
1564	4	2	1	170803	093510.70	108.53616570	34.22314893	35.15	0.1030	0.0150	-1.0100	1.07	NULL	NULL	0
1565	4	2	1	170803	093510.80	108.53617196	34.22314972	35.15	0.1440	0.0610	-0.9950	1.07	NULL	NULL	0
1566	4	2	1	170803	093510.90	108.53617821	34.22315103	35.15	0.1100	-0.0630	-1.0420	1.07	NULL	NULL	0
1567	4	2	1	170803	093511.00	108.53618398	34.22315236	35.15	0.0390	0.0720	-0.9520	1.07	NULL	NULL	0
1568	4	2	1	170803	093511.10	108.53619022	34.22315357	35.15	-0.0500	0.0210	-0.9740	21.65	NULL	NULL	0
1569	4	2	1	170803	093511.20	108.53619652	34.22315488	35.15	-0.0710	-0.0050	-0.9810	21.65	NULL	NULL	0
1570	4	2	1	170803	093511.30	108.53620279	34.22315614	35.15	0.0030	-0.0300	-0.9930	21.65	NULL	NULL	0
1571	4	2	1	170803	093511.40	108.53620870	34.22315547	35.15	-0.0000	-0.0310	-0.9930	1.16	NULL	NULL	0
1572	4	2	1	170803	093511.50	108.53621488	34.22315669	35.15	-0.0030	-0.0540	-0.9960	1.16	NULL	NULL	0
1573	4	2	1	170803	093511.60	108.53622160	34.22315746	35.15	0.0560	-0.0670	-0.9520	1.16	NULL	NULL	0
1574	4	2	1	170803	093511.70	108.53622779	34.22315881	35.15	0.0250	-0.0960	-1.0270	21.70	NULL	NULL	0
1575	4	2	1	170803	093511.80	108.53623406	34.22316028	35.15	0.0870	-0.0710	-1.0010	21.70	NULL	NULL	0
1576	4	2	1	170803	093511.90	108.53624024	34.22316167	35.15	0.0380	-0.0340	-1.0070	21.70	NULL	NULL	0
1577	4	2	1	170803	093512.00	108.53624739	34.22316419	35.15	0.0100	0.0120	-1.0150	1.21	NULL	NULL	0
1578	4	2	1	170803	093512.10	108.53625364	34.22316571	35.15	-0.0030	-0.0860	-1.0850	1.21	NULL	NULL	0
1579	4	2	1	170803	093512.20	108.53625933	34.22316738	35.15	0.0840	-0.1000	-0.9750	1.21	NULL	NULL	0
1580	4	2	1	170803	093512.30	108.53626565	34.22316895	35.15	0.0620	-0.1010	-0.9560	21.68	NULL	NULL	0
1581	4	2	1	170803	093512.40	108.53627193	34.22317060	35.15	0.0320	-0.0260	-1.0350	21.68	NULL	NULL	0
1582	4	2	1	170803	093512.50	108.53627826	34.22317218	35.15	0.0680	-0.0370	-0.9880	21.68	NULL	NULL	0
1583	4	2	1	170803	093512.60	108.53628425	34.22317395	35.15	0.0610	-0.0410	-1.0190	21.68	NULL	NULL	0
1584	4	2	1	170803	093512.70	108.53629057	34.22317558	35.15	0.1030	-0.0990	-1.0240	21.68	NULL	NULL	0
1585	4	2	1	170803	093512.80	108.53629742	34.22317727	35.15	0.1010	-0.0440	-1.0250	21.68	NULL	NULL	0
1586	4	2	1	170803	093512.90	108.53630378	34.22317891	35.15	0.0530	0.0050	-0.9920	21.68	NULL	NULL	0
1587	4	2	1	170803	093513.00	108.53631036	34.22318074	35.15	0.0300	-0.0140	-1.0120	21.16	NULL	NULL	0
1588	4	2	1	170803	093513.10	108.53631679	34.22318242	37.00	-0.0100	-0.0220	-1.0190	21.16	NULL	NULL	0
1589	4	2	1	170803	093513.20	108.53632287	34.22318522	35.15	0.0770	-0.0460	-0.9250	21.16	NULL	NULL	0
1590	4	2	1	170803	093513.30	108.53632930	34.22318682	37.00	0.0170	0.0120	-1.0430	21.16	NULL	NULL	0
1591	4	2	1	170803	093513.40	108.53633558	34.22318861	37.00	-0.0110	0.0720	-1.0310	21.16	NULL	NULL	0
1592	4	2	1	170803	093513.50	108.53634207	34.22319033	37.00	0.0840	0.1030	-1.0200	21.16	NULL	NULL	0
1593	4	2	1	170803	093513.60	108.53634852	34.22319116	37.00	0.0880	0.0210	-0.9970	1.35	NULL	NULL	0
1594	4	2	1	170803	093513.70	108.53635508	34.22319286	37.00	0.0170	0.0120	-1.0150	1.35	NULL	NULL	0
1595	4	2	1	170803	093513.80	108.53636168	34.22319427	37.00	0.0880	0.0030	-0.9720	1.35	NULL	NULL	0
1596	4	2	1	170803	093513.90	108.53636832	34.22319598	37.00	0.0720	-0.0200	-1.1220	1.54	NULL	NULL	0
1597	4	2	1	170803	093514.00	108.53637498	34.22319776	37.00	0.0770	-0.0170	-1.0210	1.54	NULL	NULL	0
1598	4	2	1	170803	093514.10	108.53638173	34.22319947	38.85	0.0500	-0.0630	-0.9730	1.54	NULL	NULL	0
1599	4	2	1	170803	093514.20	108.53638832	34.22320164	37.00	-0.0410	0.0520	-0.9250	1.64	NULL	NULL	0
1600	4	2	1	170803	093514.30	108.53639499	34.22320334	37.00	0.0080	-0.0130	-1.0140	1.64	NULL	NULL	0
1601	4	2	1	170803	093514.40	108.53640124	34.22320431	37.00	-0.0490	-0.0390	-1.0710	1.64	NULL	NULL	0
1602	4	2	1	170803	093514.50	108.53640790	34.22320601	37.00	-0.0230	0.0020	-1.0560	1.80	NULL	NULL	0
1603	4	2	1	170803	093514.60	108.53641444	34.22320821	37.00	-0.0120	-0.0420	-1.0150	1.80	NULL	NULL	0
1604	4	2	1	170803	093514.70	108.53642117	34.22320994	38.85	0.0500	0.0060	-0.9610	1.80	NULL	NULL	0
1605	4	2	1	170803	093514.80	108.53642828	34.22321088	37.00	-0.0380	0.0230	-0.9840	1.91	NULL	NULL	0
1606	4	2	1	170803	093514.90	108.53643495	34.22321258	37.00	-0.0340	-0.0010	-0.9710	1.91	NULL	NULL	0
1607	4	2	1	170803	093515.00	108.53644180	34.22321411	37.00	0.0820	-0.0360	-0.9850	1.91	NULL	NULL	0
1608	4	2	1	170803	093515.10	108.53644850	34.22321577	37.00	0.0080	-0.0470	-1.0920	1.96	NULL	NULL	0
1609	4	2	1	170803	093515.20	108.53645463	34.22321774	37.00	-0.0290	-0.0680	-1.0680	1.96	NULL	NULL	0
1610	4	2	1	170803	093515.30	108.53646124	34.22321946	37.00	-0.0510	-0.0280	-0.9490	1.96	NULL	NULL	0
1611	4	2	1	170803	093515.40	108.53646810	34.22322092	37.00	-0.1240	0.0150	-0.9850	1.96	NULL	NULL	0
1612	4	2	1	170803	093515.50	108.53647470	34.22322255	37.00	-0.1160	-0.0590	-0.9440	1.96	NULL	NULL	0
1613	4	2	1	170803	093515.60	108.53648103	34.22322416	37.00	-0.1220	-0.0700	-1.0370	1.96	NULL	NULL	0
1614	4	2	1	170803	093515.70	108.53648764	34.22322581	37.00	-0.1020	0.0440	-0.9950	1.96	NULL	NULL	0
1615	4	2	1	170803	093515.80	108.53649435	34.22322741	37.00	-0.0340	0.0130	-0.9890	1.96	NULL	NULL	0
1616	4	2	1	170803	093515.90	108.53650085	34.22322913	37.00	0.1180	-0.0480	-0.8940	1.96	NULL	NULL	0
1617	4	2	1	170803	093516.00	108.53650728	34.22323162	37.00	-0.0460	0.0230	-0.9740	104.61	NULL	NULL	0
1618	4	2	1	170803	093516.10	108.53651378	34.22323331	37.00	0.0370	-0.0070	-1.0040	104.61	NULL	NULL	0
1619	4	2	1	170803	093516.20	108.53651993	34.22323493	37.00	0.0140	0.0360	-0.9890	104.61	NULL	NULL	0
1620	4	2	1	170803	093516.30	108.53652636	34.22323663	37.00	-0.0290	-0.0170	-1.0250	2.86	NULL	NULL	0
1621	4	2	1	170803	093516.40	108.53653286	34.22323822	37.00	-0.0350	-0.0230	-0.9970	2.86	NULL	NULL	0
1622	4	2	1	170803	093516.50	108.53653925	34.22323998	37.00	-0.0730	0.0450	-1.0450	2.86	NULL	NULL	0
1623	4	2	1	170803	093516.60	108.53654587	34.22324175	37.00	0.0080	0.0220	-0.9740	2.86	NULL	NULL	0
1624	4	2	1	170803	093516.70	108.53655223	34.22324347	35.15	-0.0550	-0.0260	-1.0390	2.86	NULL	NULL	0
1625	4	2	1	170803	093516.80	108.53655832	34.22324544	35.15	-0.0260	-0.0370	-0.9320	2.86	NULL	NULL	0
1626	4	2	1	170803	093516.90	108.53656467	34.22324717	35.15	-0.0180	0.0260	-0.9980	2.86	NULL	NULL	0
1627	4	2	1	170803	093517.00	108.53657112	34.22324864	35.15	0.0540	-0.0290	-1.0190	22.11	NULL	NULL	0
1628	4	2	1	170803	093517.10	108.53657744	34.22325041	35.15	-0.0610	-0.0700	-0.9900	22.11	NULL	NULL	0
1629	4	2	1	170803	093517.20	108.53658353	34.22325225	35.15	0.0020	-0.0080	-0.9930	22.11	NULL	NULL	0
1630	4	2	1	170803	093517.30	108.53658977	34.22325404	35.15	-0.0040	-0.0100	-1.0570	1.40	NULL	NULL	0
1631	4	2	1	170803	093517.40	108.53659613	34.22325592	35.15	-0.0280	-0.0100	-1.0170	1.40	NULL	NULL	0
1632	4	2	1	170803	093517.50	108.53660247	34.22325759	35.15	0.0010	0.0440	-0.9330	1.40	NULL	NULL	0
1633	4	2	1	170803	093517.60	108.53660871	34.22325942	35.15	0.0900	0.0160	-0.9400	1.40	NULL	NULL	0
1634	4	2	1	170803	093517.70	108.53661497	34.22326110	35.15	0.0130	-0.0760	-0.9720	1.40	NULL	NULL	0
1635	4	2	1	170803	093517.80	108.53662087	34.22326285	35.15	0.0010	0.0580	-0.9580	1.40	NULL	NULL	0
1636	4	2	1	170803	093517.90	108.53662711	34.22326457	35.15	-0.0270	0.0120	-1.1070	1.35	NULL	NULL	0
1637	4	2	1	170803	093518.00	108.53663352	34.22326584	35.15	0.0870	0.0050	-1.1090	1.35	NULL	NULL	0
1638	4	2	1	170803	093518.10	108.53663980	34.22326760	35.15	-0.0300	0.0050	-1.0520	1.35	NULL	NULL	0
1639	4	2	1	170803	093518.20	108.53664624	34.22326948	35.15	-0.0250	-0.0670	-1.0000	2.31	NULL	NULL	0
1640	4	2	1	170803	093518.30	108.53665267	34.22327115	37.00	0.1190	0.0400	-0.9770	2.31	NULL	NULL	0
1641	4	2	1	170803	093518.40	108.53665889	34.22327283	37.00	0.0700	0.0200	-0.9850	2.31	NULL	NULL	0
1642	4	2	1	170803	093518.50	108.53666530	34.22327453	37.00	0.0290	0.0020	-0.9930	3.24	NULL	NULL	0
1643	4	2	1	170803	093518.60	108.53667163	34.22327650	35.15	-0.0430	0.0320	-1.0570	3.24	NULL	NULL	0
1644	4	2	1	170803	093518.70	108.53667806	34.22327819	37.00	0.0150	0.0170	-1.0020	3.24	NULL	NULL	0
1645	4	2	1	170803	093518.80	108.53668457	34.22327983	37.00	0.0100	0.0100	-1.0190	3.55	NULL	NULL	0
1646	4	2	1	170803	093518.90	108.53669102	34.22328165	37.00	0.0030	0.0240	-0.9870	3.55	NULL	NULL	0
1647	4	2	1	170803	093519.00	108.53669787	34.22328513	37.00	-0.0130	0.1060	-0.9850	3.55	NULL	NULL	0
1648	4	2	1	170803	093519.10	108.53670441	34.22328683	37.00	-0.0260	0.0030	-1.0280	3.47	NULL	NULL	0
1649	4	2	1	170803	093519.20	108.53671106	34.22328842	37.00	0.0160	0.0010	-0.9080	3.47	NULL	NULL	0
1650	4	2	1	170803	093519.30	108.53671755	34.22329015	37.00	0.0760	-0.0240	-0.9380	3.47	NULL	NULL	0
1651	4	2	1	170803	093519.40	108.53672411	34.22329176	37.00	0.0220	-0.0080	-1.0880	22.75	NULL	NULL	0
1652	4	2	1	170803	093519.50	108.53673060	34.22329343	37.00	0.0770	0.0090	-1.0120	22.75	NULL	NULL	0
1653	4	2	1	170803	093519.60	108.53673690	34.22329548	37.00	0.0760	0.0070	-1.1110	22.75	NULL	NULL	0
1654	4	2	1	170803	093519.70	108.53674343	34.22329716	37.00	0.0180	-0.0330	-0.9620	1.66	NULL	NULL	0
1655	4	2	1	170803	093519.80	108.53674989	34.22329883	37.00	0.0580	0.0430	-1.0490	1.66	NULL	NULL	0
1656	4	2	1	170803	093519.90	108.53675636	34.22330065	37.00	0.0600	-0.0360	-0.9400	1.66	NULL	NULL	0
1657	4	2	1	170803	093520.00	108.53676349	34.22330201	37.00	-0.0940	0.0360	-1.0280	103.08	NULL	NULL	0
1658	4	2	1	170803	093520.10	108.53676998	34.22330373	37.00	0.2030	0.0010	-0.9540	103.08	NULL	NULL	0
1659	4	2	1	170803	093520.20	108.53677656	34.22330557	37.00	0.0390	0.0060	-0.9450	103.08	NULL	NULL	0
1660	4	2	1	170803	093520.30	108.53678310	34.22330724	37.00	-0.0330	-0.0160	-1.0040	2.58	NULL	NULL	0
1661	4	2	1	170803	093520.40	108.53678972	34.22330886	37.00	-0.1300	0.0250	-0.9700	2.58	NULL	NULL	0
1662	4	2	1	170803	093520.50	108.53679625	34.22331052	37.00	-0.0910	0.0150	-0.9770	2.58	NULL	NULL	0
1663	4	2	1	170803	093520.60	108.53680276	34.22331207	37.00	-0.0170	0.0520	-0.9000	3.53	NULL	NULL	0
1664	4	2	1	170803	093520.70	108.53680926	34.22331373	37.00	0.0100	0.0660	-1.0470	3.53	NULL	NULL	0
1665	4	2	1	170803	093520.80	108.53681571	34.22331512	37.00	0.0300	0.0530	-1.0680	3.53	NULL	NULL	0
1666	4	2	1	170803	093520.90	108.53682227	34.22331671	37.00	-0.0140	0.0200	-1.0460	3.53	NULL	NULL	0
1667	4	2	1	170803	093521.00	108.53682884	34.22331839	37.00	0.0850	0.1180	-1.0060	104.08	NULL	NULL	0
1668	4	2	1	170803	093521.10	108.53683543	34.22331983	37.00	-0.0970	-0.0470	-0.9220	104.08	NULL	NULL	0
1669	4	2	1	170803	093521.20	108.53684185	34.22332157	37.00	-0.1380	-0.0130	-0.9110	3.58	NULL	NULL	0
1670	4	2	1	170803	093521.30	108.53684829	34.22332314	37.00	-0.0880	0.0610	-0.9660	3.58	NULL	NULL	0
1671	4	2	1	170803	093521.40	108.53685488	34.22332467	37.00	0.0050	0.0870	-1.0400	3.58	NULL	NULL	0
1672	4	2	1	170803	093521.50	108.53686135	34.22332623	37.00	0.0380	-0.0110	-1.0560	3.58	NULL	NULL	0
1673	4	2	1	170803	093521.60	108.53686764	34.22332787	37.00	0.0580	0.0170	-1.0060	3.58	NULL	NULL	0
1674	4	2	1	170803	093521.70	108.53687411	34.22332944	37.00	-0.0750	-0.0550	-1.1060	3.58	NULL	NULL	0
1675	4	2	1	170803	093521.80	108.53688066	34.22333095	35.15	-0.1770	-0.0530	-1.0160	3.58	NULL	NULL	0
1676	4	2	1	170803	093521.90	108.53688707	34.22333250	35.15	-0.2110	-0.0110	-0.9570	1.48	NULL	NULL	0
1677	4	2	1	170803	093522.00	108.53689514	34.22333270	35.15	-0.0260	0.0170	-1.0420	1.48	NULL	NULL	0
1678	4	2	1	170803	093522.10	108.53690160	34.22333410	37.00	-0.0050	-0.1060	-1.0100	1.48	NULL	NULL	0
1679	4	2	1	170803	093522.20	108.53690883	34.22333507	35.15	0.0170	0.0440	-1.0650	1.30	NULL	NULL	0
1680	4	2	1	170803	093522.30	108.53691519	34.22333668	35.15	0.0650	-0.0370	-0.9730	1.30	NULL	NULL	0
1681	4	2	1	170803	093522.40	108.53692135	34.22333863	35.15	0.0060	-0.1050	-0.9800	1.30	NULL	NULL	0
1682	4	2	1	170803	093522.50	108.53692766	34.22334027	35.15	0.0140	-0.0710	-0.9600	1.19	NULL	NULL	0
1683	4	2	1	170803	093522.60	108.53693311	34.22334236	35.15	-0.0900	-0.0970	-0.9350	1.19	NULL	NULL	0
1684	4	2	1	170803	093522.70	108.53693946	34.22334395	35.15	-0.1140	-0.0270	-1.0750	1.19	NULL	NULL	0
1685	4	2	1	170803	093522.80	108.53694559	34.22334569	35.15	-0.0350	-0.0690	-0.9810	1.25	NULL	NULL	0
1686	4	2	1	170803	093522.90	108.53695188	34.22334737	35.15	-0.0200	-0.0200	-1.1600	1.25	NULL	NULL	0
1687	4	2	1	170803	093523.00	108.53695895	34.22334848	35.15	-0.0370	0.0140	-0.9510	1.25	NULL	NULL	0
1688	4	2	1	170803	093523.10	108.53696521	34.22335031	35.15	0.0440	-0.0100	-1.0100	1.16	NULL	NULL	0
1689	4	2	1	170803	093523.20	108.53697040	34.22335139	35.15	0.0630	-0.0240	-0.9500	1.16	NULL	NULL	0
1690	4	2	1	170803	093523.30	108.53697675	34.22335298	37.00	0.0950	0.0150	-1.0810	1.16	NULL	NULL	0
1691	4	2	1	170803	093523.40	108.53698275	34.22335462	37.00	-0.0060	-0.0090	-1.3310	1.16	NULL	NULL	0
1692	4	2	1	170803	093523.50	108.53698931	34.22335621	37.00	-0.0340	-0.0330	-1.0940	1.16	NULL	NULL	0
1693	4	2	1	170803	093523.60	108.53699799	34.22335649	35.15	-0.5830	0.0950	-1.5480	1.16	NULL	NULL	0
1694	4	2	1	170803	093523.70	108.53700432	34.22335835	35.15	-0.0620	0.0630	-0.9640	1.12	NULL	NULL	0
1695	4	2	1	170803	093523.80	108.53701033	34.22336114	37.00	-0.0120	-0.0550	-1.0930	1.12	NULL	NULL	0
1696	4	2	1	170803	093523.90	108.53701676	34.22336287	35.15	0.0410	-0.0370	-1.1270	1.12	NULL	NULL	0
1697	4	2	1	170803	093524.00	108.53702039	34.22336629	35.15	0.0400	-0.0550	-1.0120	103.08	NULL	NULL	0
1698	4	2	1	170803	093524.10	108.53702704	34.22336805	37.00	0.0160	-0.0130	-0.9800	103.08	NULL	NULL	0
1699	4	2	1	170803	093524.20	108.53703411	34.22336874	35.15	-0.0580	-0.0170	-0.9880	103.08	NULL	NULL	0
1700	4	2	1	170803	093524.30	108.53704061	34.22337061	37.00	0.0440	-0.0010	-0.9410	2.60	NULL	NULL	0
1701	4	2	1	170803	093524.40	108.53704896	34.22337440	37.00	0.1130	0.0280	-0.9490	2.60	NULL	NULL	0
1702	4	2	1	170803	093524.50	108.53705554	34.22337602	37.00	0.0350	0.0010	-1.0420	2.60	NULL	NULL	0
1703	4	2	1	170803	093524.60	108.53706194	34.22337891	37.00	0.0310	0.0170	-1.0300	3.06	NULL	NULL	0
1704	4	2	1	170803	093524.70	108.53706840	34.22338072	37.00	0.0790	0.0550	-1.0060	3.06	NULL	NULL	0
1705	4	2	1	170803	093524.80	108.53707520	34.22338116	37.00	-0.0120	-0.0170	-1.0070	3.06	NULL	NULL	0
1706	4	2	1	170803	093524.90	108.53708175	34.22338286	37.00	-0.0190	0.0070	-0.9850	3.06	NULL	NULL	0
1707	4	2	1	170803	093525.00	108.53708762	34.22338336	37.00	0.0790	-0.0130	-1.0660	21.17	NULL	NULL	0
1708	4	2	1	170803	093525.10	108.53709412	34.22338505	37.00	-0.0470	-0.0810	-1.0420	21.17	NULL	NULL	0
1709	4	2	1	170803	093525.20	108.53710045	34.22338650	37.00	-0.1210	0.0170	-0.9900	3.99	NULL	NULL	0
1710	4	2	1	170803	093525.30	108.53710695	34.22338823	37.00	-0.1220	0.0070	-0.9810	3.99	NULL	NULL	0
1711	4	2	1	170803	093525.40	108.53711286	34.22338907	37.00	-0.0560	-0.0500	-0.8950	3.99	NULL	NULL	0
1712	4	2	1	170803	093525.50	108.53711927	34.22339057	37.00	-0.0010	-0.0350	-0.9270	3.99	NULL	NULL	0
1713	4	2	1	170803	093525.60	108.53712550	34.22339338	37.00	0.0510	-0.0150	-1.0090	3.99	NULL	NULL	0
1714	4	2	1	170803	093525.70	108.53713199	34.22339504	37.00	0.0970	-0.0920	-1.0320	3.99	NULL	NULL	0
1715	4	2	1	170803	093525.80	108.53713802	34.22339773	37.00	0.0840	0.0400	-1.0310	3.99	NULL	NULL	0
1716	4	2	1	170803	093525.90	108.53714451	34.22339944	37.00	0.1340	-0.0350	-1.0200	3.98	NULL	NULL	0
1717	4	2	1	170803	093526.00	108.53715074	34.22340078	37.00	0.1330	-0.0330	-0.9270	3.98	NULL	NULL	0
1718	4	2	1	170803	093526.10	108.53715719	34.22340258	37.00	-0.0590	-0.0800	-0.9630	3.98	NULL	NULL	0
1719	4	2	1	170803	093526.20	108.53716318	34.22340440	37.00	-0.0540	-0.0400	-0.9670	2.91	NULL	NULL	0
1720	4	2	1	170803	093526.30	108.53716963	34.22340610	37.00	-0.0080	-0.0380	-0.9760	2.91	NULL	NULL	0
1721	4	2	1	170803	093526.40	108.53717584	34.22340794	37.00	0.0530	-0.0190	-1.0280	2.91	NULL	NULL	0
1722	4	2	1	170803	093526.50	108.53718229	34.22340971	37.00	0.0190	-0.0380	-0.9950	2.46	NULL	NULL	0
1723	4	2	1	170803	093526.60	108.53718809	34.22341253	37.00	-0.0190	-0.0250	-0.9550	2.46	NULL	NULL	0
1724	4	2	1	170803	093526.70	108.53719454	34.22341428	37.00	-0.0080	0.0130	-0.9500	2.46	NULL	NULL	0
1725	4	2	1	170803	093526.80	108.53720157	34.22341561	37.00	-0.0180	0.0010	-0.9500	1.80	NULL	NULL	0
1726	4	2	1	170803	093526.90	108.53720801	34.22341731	37.00	-0.0210	0.0440	-1.0310	1.80	NULL	NULL	0
1727	4	2	1	170803	093527.00	108.53721494	34.22341902	37.00	0.0310	0.0640	-1.0250	1.80	NULL	NULL	0
1728	4	2	1	170803	093527.10	108.53722135	34.22342080	37.00	0.0520	0.0710	-0.9740	1.33	NULL	NULL	0
1729	4	2	1	170803	093527.20	108.53722805	34.22342222	37.00	0.0180	0.0550	-1.0120	1.33	NULL	NULL	0
1730	4	2	1	170803	093527.30	108.53723448	34.22342398	37.00	0.0410	-0.0170	-0.9330	1.33	NULL	NULL	0
1731	4	2	1	170803	093527.40	108.53724209	34.22342310	37.00	-0.0140	0.0770	-0.9880	103.71	NULL	NULL	0
1732	4	2	1	170803	093527.50	108.53724855	34.22342476	37.00	-0.0590	0.0470	-0.9970	103.71	NULL	NULL	0
1733	4	2	1	170803	093527.60	108.53725438	34.22342728	37.00	-0.0230	-0.0330	-1.1110	103.71	NULL	NULL	0
1734	4	2	1	170803	093527.70	108.53726084	34.22342896	37.00	0.0120	-0.0240	-1.0230	1.30	NULL	NULL	0
1735	4	2	1	170803	093527.80	108.53726683	34.22343189	37.00	-0.0350	0.0070	-1.0340	1.30	NULL	NULL	0
1736	4	2	1	170803	093527.90	108.53727338	34.22343339	37.00	-0.0610	-0.0270	-0.9970	1.30	NULL	NULL	0
1737	4	2	1	170803	093528.00	108.53727916	34.22343541	37.00	0.0070	-0.0640	-1.0380	1.17	NULL	NULL	0
1738	4	2	1	170803	093528.10	108.53728564	34.22343697	37.00	0.0380	0.0430	-0.9570	1.17	NULL	NULL	0
1739	4	2	1	170803	093528.20	108.53729223	34.22343838	37.00	0.0320	-0.0480	-0.9650	1.17	NULL	NULL	0
1740	4	2	1	170803	093528.30	108.53729869	34.22343994	37.00	0.0900	0.0740	-0.9650	1.17	NULL	NULL	0
1741	4	2	1	170803	093528.40	108.53730502	34.22344177	37.00	0.1090	0.0210	-0.9730	1.17	NULL	NULL	0
1742	4	2	1	170803	093528.50	108.53731150	34.22344339	37.00	0.0730	-0.0370	-1.0260	1.17	NULL	NULL	0
1743	4	2	1	170803	093528.60	108.53731862	34.22344399	37.00	0.0630	-0.0130	-1.1120	1.17	NULL	NULL	0
1744	4	2	1	170803	093528.70	108.53732522	34.22344560	37.00	0.0620	-0.0850	-1.0760	1.17	NULL	NULL	0
1745	4	2	1	170803	093528.80	108.53733229	34.22344618	37.00	0.0340	-0.0660	-1.0020	1.17	NULL	NULL	0
1746	4	2	1	170803	093528.90	108.53733890	34.22344783	37.00	0.0540	0.0630	-0.9370	1.17	NULL	NULL	0
1747	4	2	1	170803	093529.00	108.53734546	34.22344947	37.00	0.0190	-0.0330	-0.9760	21.68	NULL	NULL	0
1748	4	2	1	170803	093529.10	108.53735210	34.22345112	37.00	0.0660	0.0160	-1.0120	21.68	NULL	NULL	0
1749	4	2	1	170803	093529.20	108.53735863	34.22345270	37.00	0.0270	-0.0160	-0.9800	21.79	NULL	NULL	0
1750	4	2	1	170803	093529.30	108.53736534	34.22345436	37.00	0.0240	-0.0340	-0.9790	21.79	NULL	NULL	0
1751	4	2	1	170803	093529.40	108.53737213	34.22345582	37.00	0.0170	-0.0570	-0.9480	21.79	NULL	NULL	0
1752	4	2	1	170803	093529.50	108.53737878	34.22345751	37.00	0.0960	0.0350	-1.0250	21.79	NULL	NULL	0
1753	4	2	1	170803	093529.60	108.53738419	34.22346156	37.00	0.0390	-0.0020	-1.0400	1.55	NULL	NULL	0
1754	4	2	1	170803	093529.70	108.53739084	34.22346318	37.00	0.0790	-0.0290	-1.0080	1.55	NULL	NULL	0
1755	4	2	1	170803	093529.80	108.53739849	34.22346290	37.00	0.0470	-0.0830	-0.9330	1.55	NULL	NULL	0
1756	4	2	1	170803	093529.90	108.53740514	34.22346453	37.00	-0.0130	-0.0380	-1.0230	2.59	NULL	NULL	0
1757	4	2	1	170803	093530.00	108.53741169	34.22346657	37.00	-0.0610	-0.0310	-1.0180	2.59	NULL	NULL	0
1758	4	2	1	170803	093530.10	108.53741831	34.22346812	37.00	0.0920	-0.0350	-0.9090	2.59	NULL	NULL	0
1759	4	2	1	170803	093530.20	108.53742480	34.22346965	37.00	-0.0060	0.0350	-1.0560	20.84	NULL	NULL	0
1760	4	2	1	170803	093530.30	108.53743136	34.22347125	37.00	-0.0380	-0.0060	-1.0080	20.84	NULL	NULL	0
1761	4	2	1	170803	093530.40	108.53743756	34.22347402	37.00	-0.1520	0.0610	-1.0810	20.84	NULL	NULL	0
1762	4	2	1	170803	093530.50	108.53744413	34.22347558	37.00	-0.1150	-0.0230	-0.9980	3.13	NULL	NULL	0
1763	4	2	1	170803	093530.60	108.53745031	34.22347696	37.00	-0.1600	0.0120	-1.0070	3.13	NULL	NULL	0
1764	4	2	1	170803	093530.70	108.53745677	34.22347868	37.00	-0.0380	0.0380	-0.9920	3.13	NULL	NULL	0
1765	4	2	1	170803	093530.80	108.53746341	34.22347985	35.15	-0.0120	-0.0070	-0.9820	3.09	NULL	NULL	0
1766	4	2	1	170803	093530.90	108.53746987	34.22348143	37.00	0.0340	-0.0630	-0.9740	3.09	NULL	NULL	0
1767	4	2	1	170803	093531.00	108.53747636	34.22348321	35.15	-0.0730	0.0100	-1.0260	3.09	NULL	NULL	0
1768	4	2	1	170803	093531.10	108.53748276	34.22348481	35.15	-0.0160	-0.0450	-1.0610	20.91	NULL	NULL	0
1769	4	2	1	170803	093531.20	108.53748793	34.22348800	35.15	-0.0460	-0.0780	-1.0520	20.91	NULL	NULL	0
1770	4	2	1	170803	093531.30	108.53749432	34.22348961	35.15	-0.0380	-0.0360	-0.9480	20.91	NULL	NULL	0
1771	4	2	1	170803	093531.40	108.53750107	34.22349078	35.15	-0.1410	-0.0600	-1.0320	102.49	NULL	NULL	0
1772	4	2	1	170803	093531.50	108.53750741	34.22349238	35.15	-0.0940	-0.0190	-0.9560	102.49	NULL	NULL	0
1773	4	2	1	170803	093531.60	108.53751434	34.22349297	35.15	-0.0440	0.0110	-1.0010	102.49	NULL	NULL	0
1774	4	2	1	170803	093531.70	108.53752076	34.22349457	35.15	0.0050	-0.0000	-1.0060	2.61	NULL	NULL	0
1775	4	2	1	170803	093531.80	108.53752728	34.22349563	35.15	0.0290	0.0260	-1.0290	2.61	NULL	NULL	0
1776	4	2	1	170803	093531.90	108.53753355	34.22349732	35.15	0.0490	-0.0080	-0.9560	2.61	NULL	NULL	0
1777	4	2	1	170803	093532.00	108.53754018	34.22349906	35.15	0.0170	-0.0930	-0.9350	3.09	NULL	NULL	0
1778	4	2	1	170803	093532.10	108.53754638	34.22350080	35.15	-0.0320	-0.1050	-0.9960	3.09	NULL	NULL	0
1779	4	2	1	170803	093532.20	108.53755250	34.22350241	35.15	-0.0500	-0.0020	-0.9910	3.09	NULL	NULL	0
1780	4	2	1	170803	093532.30	108.53755871	34.22350407	35.15	-0.0400	0.0040	-1.0030	2.89	NULL	NULL	0
1781	4	2	1	170803	093532.40	108.53756494	34.22350577	35.15	-0.0080	-0.0130	-1.0000	2.89	NULL	NULL	0
1782	4	2	1	170803	093532.50	108.53757113	34.22350747	35.15	0.0610	0.0050	-0.9970	2.89	NULL	NULL	0
1783	4	2	1	170803	093532.60	108.53757755	34.22350914	35.15	0.1250	-0.0050	-0.9060	1.89	NULL	NULL	0
1784	4	2	1	170803	093532.70	108.53758377	34.22351079	35.15	-0.0170	0.0730	-1.0450	1.89	NULL	NULL	0
1785	4	2	1	170803	093532.80	108.53758960	34.22351218	35.15	-0.0050	0.1320	-1.1060	1.89	NULL	NULL	0
1786	4	2	1	170803	093532.90	108.53759581	34.22351380	35.15	0.1100	-0.0190	-1.0030	1.89	NULL	NULL	0
1787	4	2	1	170803	093533.00	108.53760209	34.22351567	35.15	0.0830	-0.0230	-0.9160	21.17	NULL	NULL	0
1788	4	2	1	170803	093533.10	108.53760832	34.22351735	35.15	0.0770	0.0580	-0.9800	21.17	NULL	NULL	0
1789	4	2	1	170803	093533.20	108.53761458	34.22351925	35.15	0.0260	0.0110	-1.0010	21.17	NULL	NULL	0
1790	4	2	1	170803	093533.30	108.53762092	34.22352083	35.15	0.0590	-0.0120	-0.9910	21.97	NULL	NULL	0
1791	4	2	1	170803	093533.40	108.53762708	34.22352236	35.15	0.1390	0.0660	-1.0070	21.97	NULL	NULL	0
1792	4	2	1	170803	093533.50	108.53763343	34.22352402	35.15	0.1290	-0.0460	-1.0060	21.97	NULL	NULL	0
1793	4	2	1	170803	093533.60	108.53763987	34.22352570	35.15	0.0090	0.0470	-1.0670	1.34	NULL	NULL	0
1794	4	2	1	170803	093533.70	108.53764630	34.22352739	37.00	0.0300	-0.0330	-0.9320	1.34	NULL	NULL	0
1795	4	2	1	170803	093533.80	108.53765292	34.22352830	35.15	0.0440	0.0750	-0.9920	1.34	NULL	NULL	0
1796	4	2	1	170803	093533.90	108.53765936	34.22352993	37.00	0.0110	-0.0440	-1.0570	1.24	NULL	NULL	0
1797	4	2	1	170803	093534.00	108.53766563	34.22353235	37.00	0.1200	-0.0340	-1.0460	1.24	NULL	NULL	0
1798	4	2	1	170803	093534.10	108.53767214	34.22353400	37.00	-0.0680	0.0050	-1.0320	1.24	NULL	NULL	0
1799	4	2	1	170803	093534.20	108.53767880	34.22353653	37.00	0.0120	0.0220	-0.9830	1.32	NULL	NULL	0
1800	4	2	1	170803	093534.30	108.53768540	34.22353819	37.00	0.0380	-0.0160	-0.9050	1.32	NULL	NULL	0
1801	4	2	1	170803	093534.40	108.53769172	34.22354007	37.00	0.0180	-0.0280	-0.9560	1.32	NULL	NULL	0
1802	4	2	1	170803	093534.50	108.53769827	34.22354177	37.00	0.1220	-0.0020	-0.9890	2.63	NULL	NULL	0
1803	4	2	1	170803	093534.60	108.53770478	34.22354334	37.00	0.0580	-0.0160	-1.0380	2.63	NULL	NULL	0
1804	4	2	1	170803	093534.70	108.53771133	34.22354501	37.00	-0.0560	-0.0250	-1.0980	2.63	NULL	NULL	0
1805	4	2	1	170803	093534.80	108.53771789	34.22354671	37.00	0.0440	-0.0050	-0.9440	3.39	NULL	NULL	0
1806	4	2	1	170803	093534.90	108.53772446	34.22354837	37.00	0.0090	0.0280	-0.9320	3.39	NULL	NULL	0
1807	4	2	1	170803	093535.00	108.53773095	34.22355000	37.00	-0.0680	-0.0460	-0.9880	3.39	NULL	NULL	0
1808	4	2	1	170803	093535.10	108.53773745	34.22355167	37.00	0.0460	-0.0610	-1.0130	4.09	NULL	NULL	0
1809	4	2	1	170803	093535.20	108.53774425	34.22355309	37.00	0.1050	0.0180	-0.9920	4.09	NULL	NULL	0
1810	4	2	1	170803	093535.30	108.53775072	34.22355473	37.00	0.0090	-0.0270	-1.0500	4.09	NULL	NULL	0
1811	4	2	1	170803	093535.40	108.53775757	34.22355619	37.00	-0.0930	-0.0210	-0.9620	2.93	NULL	NULL	0
1812	4	2	1	170803	093535.50	108.53776403	34.22355783	37.00	-0.1070	-0.0080	-0.9960	2.93	NULL	NULL	0
1813	4	2	1	170803	093535.60	108.53777109	34.22355909	37.00	-0.0730	-0.0660	-0.9910	2.93	NULL	NULL	0
1814	4	2	1	170803	093535.70	108.53777754	34.22356071	37.00	0.0140	-0.0140	-1.0110	2.69	NULL	NULL	0
1815	4	2	1	170803	093535.80	108.53778390	34.22356236	35.15	-0.0100	-0.0520	-1.0450	2.69	NULL	NULL	0
1816	4	2	1	170803	093535.90	108.53779030	34.22356399	35.15	-0.0040	-0.0280	-1.0050	2.69	NULL	NULL	0
1817	4	2	1	170803	093536.00	108.53779736	34.22356522	35.15	-0.0500	-0.0350	-1.0510	103.25	NULL	NULL	0
1818	4	2	1	170803	093536.10	108.53780369	34.22356686	35.15	-0.0330	0.0520	-1.0340	103.25	NULL	NULL	0
1819	4	2	1	170803	093536.20	108.53781041	34.22356754	35.15	0.0200	-0.0000	-1.0040	103.25	NULL	NULL	0
1820	4	2	1	170803	093536.30	108.53781678	34.22356917	35.15	-0.0110	-0.0340	-0.9660	4.70	NULL	NULL	0
1821	4	2	1	170803	093536.40	108.53782263	34.22357091	35.15	-0.0820	0.0080	-1.0000	4.70	NULL	NULL	0
1822	4	2	1	170803	093536.50	108.53782900	34.22357253	35.15	-0.0230	-0.0560	-1.0190	4.70	NULL	NULL	0
1823	4	2	1	170803	093536.60	108.53783479	34.22357458	35.15	-0.0280	-0.0650	-1.0050	4.36	NULL	NULL	0
1824	4	2	1	170803	093536.70	108.53784111	34.22357627	35.15	0.0350	0.0090	-0.9710	4.36	NULL	NULL	0
1825	4	2	1	170803	093536.80	108.53784777	34.22357766	35.15	0.0400	-0.0150	-1.0050	4.36	NULL	NULL	0
1826	4	2	1	170803	093536.90	108.53785414	34.22357931	35.15	0.0280	-0.0190	-1.0350	4.36	NULL	NULL	0
1827	4	2	1	170803	093537.00	108.53786075	34.22358058	35.15	0.0240	-0.0520	-0.9970	1.99	NULL	NULL	0
1828	4	2	1	170803	093537.10	108.53786708	34.22358225	35.15	0.0010	-0.0590	-0.9810	1.99	NULL	NULL	0
1829	4	2	1	170803	093537.20	108.53787289	34.22358438	35.15	-0.0140	0.0830	-0.9850	1.99	NULL	NULL	0
1830	4	2	1	170803	093537.30	108.53787923	34.22358604	35.15	0.0370	-0.0660	-1.0000	1.64	NULL	NULL	0
1831	4	2	1	170803	093537.40	108.53788589	34.22358742	35.15	0.0920	0.0130	-1.0000	1.64	NULL	NULL	0
1832	4	2	1	170803	093537.50	108.53789217	34.22358910	35.15	0.1190	-0.0630	-0.9710	1.64	NULL	NULL	0
1833	4	2	1	170803	093537.60	108.53789948	34.22358985	35.15	0.1190	-0.0670	-1.0160	1.64	NULL	NULL	0
1834	4	2	1	170803	093537.70	108.53790582	34.22359148	35.15	0.1040	-0.0900	-0.9610	1.64	NULL	NULL	0
1835	4	2	1	170803	093537.80	108.53791311	34.22359267	35.15	0.1180	0.0220	-0.9660	1.64	NULL	NULL	0
1836	4	2	1	170803	093537.90	108.53791955	34.22359435	37.00	0.0730	-0.0500	-0.9620	1.34	NULL	NULL	0
1837	4	2	1	170803	093538.00	108.53792668	34.22359444	35.15	0.1190	0.0060	-1.0010	1.34	NULL	NULL	0
1838	4	2	1	170803	093538.10	108.53793314	34.22359620	37.00	0.0260	0.0300	-1.0290	1.34	NULL	NULL	0
1839	4	2	1	170803	093538.20	108.53793960	34.22359793	37.00	0.0110	-0.0150	-1.0190	1.22	NULL	NULL	0
1840	4	2	1	170803	093538.30	108.53794612	34.22359957	37.00	0.1150	0.0260	-0.9950	1.22	NULL	NULL	0
1841	4	2	1	170803	093538.40	108.53795224	34.22360198	37.00	0.1100	0.0000	-0.9810	1.22	NULL	NULL	0
1842	4	2	1	170803	093538.50	108.53795880	34.22360357	37.00	0.0500	0.0110	-0.9740	1.19	NULL	NULL	0
1843	4	2	1	170803	093538.60	108.53796282	34.22360733	37.00	-0.0150	0.0300	-0.9800	1.19	NULL	NULL	0
1844	4	2	1	170803	093538.70	108.53796939	34.22360892	37.00	-0.0390	-0.0240	-0.9910	1.19	NULL	NULL	0
1845	4	2	1	170803	093538.80	108.53797621	34.22361044	37.00	-0.0310	-0.0520	-1.0210	1.19	NULL	NULL	0
1846	4	2	1	170803	093538.90	108.53798283	34.22361206	37.00	0.0560	-0.0870	-1.0290	1.19	NULL	NULL	0
1847	4	2	1	170803	093539.00	108.53799034	34.22361296	37.00	0.0230	0.0220	-0.9620	1.19	NULL	NULL	0
1848	4	2	1	170803	093539.10	108.53799691	34.22361455	37.00	0.0020	-0.0990	-0.9970	1.13	NULL	NULL	0
1849	4	2	1	170803	093539.20	108.53800345	34.22361620	37.00	0.0270	-0.0030	-0.9730	1.13	NULL	NULL	0
1850	4	2	1	170803	093539.30	108.53800999	34.22361778	37.00	0.0290	-0.0170	-0.9900	1.13	NULL	NULL	0
1851	4	2	1	170803	093539.40	108.53801659	34.22361941	37.00	-0.0330	-0.0570	-1.0550	1.13	NULL	NULL	0
1852	4	2	1	170803	093539.50	108.53802314	34.22362102	37.00	-0.0300	-0.0190	-1.0020	1.13	NULL	NULL	0
1853	4	2	1	170803	093539.60	108.53802969	34.22362262	37.00	-0.0320	0.0490	-1.0040	1.13	NULL	NULL	0
1854	4	2	1	170803	093539.70	108.53803615	34.22362430	37.00	0.0550	-0.0020	-1.0220	1.17	NULL	NULL	0
1855	4	2	1	170803	093539.80	108.53804244	34.22362610	37.00	-0.0310	-0.0420	-0.9570	1.17	NULL	NULL	0
1856	4	2	1	170803	093539.90	108.53804891	34.22362765	37.00	0.0170	-0.0180	-0.9510	1.17	NULL	NULL	0
1857	4	2	1	170803	093540.00	108.53805503	34.22362968	37.00	-0.0240	-0.0490	-1.0630	103.09	NULL	NULL	0
1858	4	2	1	170803	093540.10	108.53806141	34.22363139	35.15	-0.0030	0.0120	-1.0720	103.09	NULL	NULL	0
1859	4	2	1	170803	093540.20	108.53806740	34.22363418	37.00	-0.0240	-0.0960	-1.0250	103.09	NULL	NULL	0
1860	4	2	1	170803	093540.30	108.53807377	34.22363595	37.00	-0.0170	-0.0810	-0.9130	2.48	NULL	NULL	0
1861	4	2	1	170803	093540.40	108.53808066	34.22363632	35.15	-0.0900	-0.0570	-0.9600	2.48	NULL	NULL	0
1862	4	2	1	170803	093540.50	108.53808702	34.22363803	35.15	-0.0610	-0.0110	-0.9150	2.48	NULL	NULL	0
1863	4	2	1	170803	093540.60	108.53809174	34.22364097	35.15	-0.0470	-0.0910	-1.0650	2.48	NULL	NULL	0
1864	4	2	1	170803	093540.70	108.53809807	34.22364270	35.15	-0.0050	-0.0350	-1.0940	2.48	NULL	NULL	0
1865	4	2	1	170803	093540.80	108.53810497	34.22364393	35.15	0.0000	-0.0190	-1.0210	2.48	NULL	NULL	0
1866	4	2	1	170803	093540.90	108.53811127	34.22364562	35.15	-0.0420	-0.0820	-0.9760	2.48	NULL	NULL	0
1867	4	2	1	170803	093541.00	108.53811835	34.22364689	35.15	-0.0750	-0.0790	-0.9390	21.17	NULL	NULL	0
1868	4	2	1	170803	093541.10	108.53812461	34.22364859	35.15	0.0080	-0.0600	-0.9460	21.17	NULL	NULL	0
1869	4	2	1	170803	093541.20	108.53813023	34.22365194	35.15	0.0230	0.0500	-0.9770	2.97	NULL	NULL	0
1870	4	2	1	170803	093541.30	108.53813647	34.22365359	35.15	0.0250	-0.0020	-1.0520	2.97	NULL	NULL	0
1871	4	2	1	170803	093541.40	108.53814226	34.22365565	35.15	0.0620	-0.0360	-1.0470	2.97	NULL	NULL	0
1872	4	2	1	170803	093541.50	108.53814846	34.22365737	35.15	0.0240	-0.0360	-1.0050	2.97	NULL	NULL	0
1873	4	2	1	170803	093541.60	108.53815459	34.22365942	35.15	-0.0460	-0.0610	-0.9870	2.97	NULL	NULL	0
1874	4	2	1	170803	093541.70	108.53816078	34.22366115	35.15	-0.0490	-0.0040	-0.9910	2.97	NULL	NULL	0
1875	4	2	1	170803	093541.80	108.53816725	34.22366278	35.15	-0.0760	-0.0170	-0.9830	2.97	NULL	NULL	0
1876	4	2	1	170803	093541.90	108.53817342	34.22366451	35.15	-0.0470	-0.0330	-0.9170	1.82	NULL	NULL	0
1877	4	2	1	170803	093542.00	108.53817913	34.22366612	35.15	0.0600	0.0000	-1.0570	1.82	NULL	NULL	0
1878	4	2	1	170803	093542.10	108.53818528	34.22366784	35.15	-0.0590	0.0270	-1.0310	1.82	NULL	NULL	0
1879	4	2	1	170803	093542.20	108.53819162	34.22366922	35.15	-0.0110	-0.0140	-1.0060	1.94	NULL	NULL	0
1880	4	2	1	170803	093542.30	108.53819780	34.22367095	35.15	0.1210	0.0090	-1.0230	1.94	NULL	NULL	0
1881	4	2	1	170803	093542.40	108.53820443	34.22367211	35.15	0.2070	-0.0080	-1.0030	1.94	NULL	NULL	0
1882	4	2	1	170803	093542.50	108.53821067	34.22367383	35.15	0.1710	0.0010	-0.9990	1.89	NULL	NULL	0
1883	4	2	1	170803	093542.60	108.53821687	34.22367543	35.15	0.0750	-0.0710	-1.0070	1.89	NULL	NULL	0
1884	4	2	1	170803	093542.70	108.53822309	34.22367713	35.15	-0.0490	0.0760	-1.0350	1.89	NULL	NULL	0
1885	4	2	1	170803	093542.80	108.53822917	34.22367907	35.15	-0.1020	0.0320	-1.0230	1.82	NULL	NULL	0
1886	4	2	1	170803	093542.90	108.53823547	34.22368079	35.15	-0.0530	0.0400	-1.0040	1.82	NULL	NULL	0
1887	4	2	1	170803	093543.00	108.53824151	34.22368243	35.15	-0.0300	-0.0150	-1.0320	1.82	NULL	NULL	0
1888	4	2	1	170803	093543.10	108.53824780	34.22368416	35.15	-0.0100	-0.0240	-1.0090	1.82	NULL	NULL	0
1889	4	2	1	170803	093543.20	108.53825386	34.22368594	35.15	0.0000	-0.0370	-0.9680	1.82	NULL	NULL	0
1890	4	2	1	170803	093543.30	108.53826017	34.22368762	35.15	0.0160	-0.1050	-1.0040	1.82	NULL	NULL	0
1891	4	2	1	170803	093543.40	108.53826638	34.22368920	35.15	-0.0180	-0.1070	-1.0150	22.31	NULL	NULL	0
1892	4	2	1	170803	093543.50	108.53827272	34.22369093	35.15	-0.0750	-0.0320	-1.0310	22.31	NULL	NULL	0
1893	4	2	1	170803	093543.60	108.53827907	34.22369255	35.15	0.0080	-0.0620	-0.9730	22.31	NULL	NULL	0
1894	4	2	1	170803	093543.70	108.53828538	34.22369430	35.15	0.0220	-0.0270	-0.9620	1.12	NULL	NULL	0
1895	4	2	1	170803	093543.80	108.53829182	34.22369594	35.15	0.0240	-0.0220	-1.0440	1.12	NULL	NULL	0
1896	4	2	1	170803	093543.90	108.53829813	34.22369765	35.15	0.0420	-0.0410	-0.9540	1.12	NULL	NULL	0
1897	4	2	1	170803	093544.00	108.53830448	34.22369935	35.15	-0.0150	-0.0750	-0.9650	1.31	NULL	NULL	0
1898	4	2	1	170803	093544.10	108.53831084	34.22370108	35.15	0.0640	0.0560	-0.9920	1.31	NULL	NULL	0
1899	4	2	1	170803	093544.20	108.53831697	34.22370292	35.15	0.0900	-0.0300	-1.0110	1.31	NULL	NULL	0
1900	4	2	1	170803	093544.30	108.53832332	34.22370464	35.15	0.0780	-0.0150	-0.9590	1.19	NULL	NULL	0
1901	4	2	1	170803	093544.40	108.53832991	34.22370624	35.15	-0.0530	-0.0210	-1.0690	1.19	NULL	NULL	0
1902	4	2	1	170803	093544.50	108.53833620	34.22370808	35.15	0.0180	-0.0630	-0.9770	1.19	NULL	NULL	0
1903	4	2	1	170803	093544.60	108.53834371	34.22370871	37.00	0.0640	0.0130	-0.9910	1.19	NULL	NULL	0
1904	4	2	1	170803	093544.70	108.53835006	34.22371053	37.00	0.0640	-0.0100	-0.9890	1.19	NULL	NULL	0
1905	4	2	1	170803	093544.80	108.53835630	34.22371243	35.15	0.0350	0.0240	-1.0370	1.19	NULL	NULL	0
1906	4	2	1	170803	093544.90	108.53836263	34.22371428	37.00	0.0010	-0.0800	-1.0060	1.19	NULL	NULL	0
1907	4	2	1	170803	093545.00	108.53836889	34.22371612	35.15	-0.0290	-0.1380	-1.1030	103.09	NULL	NULL	0
1908	4	2	1	170803	093545.10	108.53837525	34.22371800	37.00	0.0390	-0.0040	-1.0110	103.09	NULL	NULL	0
1909	4	2	1	170803	093545.20	108.53838169	34.22371973	35.15	0.0560	-0.0320	-1.0510	103.09	NULL	NULL	0
1910	4	2	1	170803	093545.30	108.53838808	34.22372157	37.00	0.0440	-0.0040	-0.9820	2.32	NULL	NULL	0
1911	4	2	1	170803	093545.40	108.53839429	34.22372351	37.00	0.0730	0.0270	-0.9990	2.32	NULL	NULL	0
1912	4	2	1	170803	093545.50	108.53840071	34.22372534	37.00	0.0700	0.0400	-1.0000	2.32	NULL	NULL	0
1913	4	2	1	170803	093545.60	108.53840657	34.22372819	37.00	0.0440	-0.0180	-1.0180	2.66	NULL	NULL	0
1914	4	2	1	170803	093545.70	108.53841298	34.22373003	37.00	-0.0190	-0.0770	-1.0150	2.66	NULL	NULL	0
1915	4	2	1	170803	093545.80	108.53841971	34.22373159	37.00	-0.0390	0.0030	-1.0050	2.66	NULL	NULL	0
1916	4	2	1	170803	093545.90	108.53842610	34.22373342	37.00	-0.0230	-0.0800	-1.0270	2.74	NULL	NULL	0
1917	4	2	1	170803	093546.00	108.53843210	34.22373578	37.00	0.0170	-0.0080	-1.0310	2.74	NULL	NULL	0
1918	4	2	1	170803	093546.10	108.53843851	34.22373757	37.00	-0.0510	-0.0890	-1.0820	2.74	NULL	NULL	0
1919	4	2	1	170803	093546.20	108.53844528	34.22373909	37.00	0.0920	-0.0230	-0.9920	2.81	NULL	NULL	0
1920	4	2	1	170803	093546.30	108.53845168	34.22374091	37.00	0.0890	-0.0000	-0.9590	2.81	NULL	NULL	0
1921	4	2	1	170803	093546.40	108.53845764	34.22374314	37.00	0.0730	-0.0140	-0.9660	2.81	NULL	NULL	0
1922	4	2	1	170803	093546.50	108.53846402	34.22374499	37.00	0.0080	-0.0320	-1.0160	2.74	NULL	NULL	0
1923	4	2	1	170803	093546.60	108.53847045	34.22374687	37.00	0.0790	-0.0090	-1.0010	2.74	NULL	NULL	0
1924	4	2	1	170803	093546.70	108.53847687	34.22374869	37.00	0.0730	-0.0060	-0.9770	2.74	NULL	NULL	0
1925	4	2	1	170803	093546.80	108.53848332	34.22375058	37.00	0.0350	-0.0340	-0.9920	22.75	NULL	NULL	0
1926	4	2	1	170803	093546.90	108.53848977	34.22375243	37.00	0.0590	-0.0280	-0.9590	22.75	NULL	NULL	0
1927	4	2	1	170803	093547.00	108.53849624	34.22375418	37.00	-0.0690	-0.0420	-0.9760	22.75	NULL	NULL	0
1928	4	2	1	170803	093547.10	108.53850267	34.22375601	37.00	0.0680	-0.1130	-0.9890	2.16	NULL	NULL	0
1929	4	2	1	170803	093547.20	108.53850908	34.22375790	37.00	0.0010	-0.0180	-0.9870	2.16	NULL	NULL	0
1930	4	2	1	170803	093547.30	108.53851554	34.22375966	37.00	-0.0310	-0.0160	-0.9890	2.16	NULL	NULL	0
1931	4	2	1	170803	093547.40	108.53852198	34.22376140	37.00	-0.1250	-0.0410	-1.0300	1.97	NULL	NULL	0
1932	4	2	1	170803	093547.50	108.53852836	34.22376318	37.00	-0.0930	0.0500	-0.9930	1.97	NULL	NULL	0
1933	4	2	1	170803	093547.60	108.53853479	34.22376482	37.00	-0.1010	0.0680	-0.9780	1.97	NULL	NULL	0
1934	4	2	1	170803	093547.70	108.53854117	34.22376656	35.15	-0.0530	0.0150	-0.9710	1.48	NULL	NULL	0
1935	4	2	1	170803	093547.80	108.53854751	34.22376833	35.15	0.0580	-0.0400	-0.9620	1.48	NULL	NULL	0
1936	4	2	1	170803	093547.90	108.53855385	34.22377006	35.15	0.0600	0.0530	-0.9530	1.48	NULL	NULL	0
1937	4	2	1	170803	093548.00	108.53856027	34.22377167	35.15	-0.0930	-0.0590	-1.0220	1.54	NULL	NULL	0
1938	4	2	1	170803	093548.10	108.53856657	34.22377339	35.15	0.0950	0.0160	-1.0350	1.54	NULL	NULL	0
1939	4	2	1	170803	093548.20	108.53857290	34.22377509	35.15	0.1010	0.0150	-1.0110	1.54	NULL	NULL	0
1940	4	2	1	170803	093548.30	108.53857923	34.22377682	35.15	0.0250	-0.0280	-0.9860	1.54	NULL	NULL	0
1941	4	2	1	170803	093548.40	108.53858552	34.22377872	35.15	0.0170	-0.0420	-0.9600	1.54	NULL	NULL	0
1942	4	2	1	170803	093548.50	108.53859174	34.22378046	35.15	0.0040	-0.0300	-0.9940	1.54	NULL	NULL	0
1943	4	2	1	170803	093548.60	108.53859799	34.22378217	35.15	-0.0020	-0.0500	-1.0220	1.54	NULL	NULL	0
1944	4	2	1	170803	093548.70	108.53860423	34.22378394	35.15	0.0010	-0.0620	-1.0190	1.54	NULL	NULL	0
1945	4	2	1	170803	093548.80	108.53861046	34.22378567	35.15	0.0050	-0.0170	-1.0080	1.54	NULL	NULL	0
1946	4	2	1	170803	093548.90	108.53861666	34.22378743	35.15	0.0020	-0.0500	-0.9900	1.54	NULL	NULL	0
1947	4	2	1	170803	093549.00	108.53862292	34.22378920	35.15	0.0930	-0.0220	-1.0150	21.17	NULL	NULL	0
1948	4	2	1	170803	093549.10	108.53862914	34.22379094	35.15	-0.0470	0.0600	-1.0270	21.17	NULL	NULL	0
1949	4	2	1	170803	093549.20	108.53863540	34.22379272	35.15	0.0220	-0.0500	-0.9700	1.54	NULL	NULL	0
1950	4	2	1	170803	093549.30	108.53864165	34.22379449	35.15	0.0950	0.0230	-0.9800	1.54	NULL	NULL	0
1951	4	2	1	170803	093549.40	108.53864789	34.22379630	35.15	0.1370	-0.0450	-0.9780	1.54	NULL	NULL	0
1952	4	2	1	170803	093549.50	108.53865414	34.22379810	35.15	0.1090	-0.0660	-1.0080	1.54	NULL	NULL	0
1953	4	2	1	170803	093549.60	108.53866041	34.22379990	35.15	0.1010	-0.0190	-0.9790	1.42	NULL	NULL	0
1954	4	2	1	170803	093549.70	108.53866670	34.22380171	35.15	-0.0220	-0.0570	-1.0130	1.42	NULL	NULL	0
1955	4	2	1	170803	093549.80	108.53867299	34.22380357	35.15	0.0080	-0.0880	-1.0220	1.42	NULL	NULL	0
1956	4	2	1	170803	093549.90	108.53867929	34.22380539	35.15	0.0310	-0.0160	-0.9480	1.36	NULL	NULL	0
1957	4	2	1	170803	093550.00	108.53868562	34.22380721	35.15	-0.0090	0.0620	-0.9930	1.36	NULL	NULL	0
1958	4	2	1	170803	093550.10	108.53869194	34.22380901	35.15	0.0340	0.0590	-1.0240	1.36	NULL	NULL	0
1959	4	2	1	170803	093550.20	108.53869828	34.22381084	37.00	0.0560	-0.0180	-1.0390	1.30	NULL	NULL	0
1960	4	2	1	170803	093550.30	108.53870463	34.22381268	37.00	0.0250	-0.0040	-1.0360	1.30	NULL	NULL	0
1961	4	2	1	170803	093550.40	108.53871101	34.22381448	37.00	-0.0150	-0.0270	-1.0700	1.30	NULL	NULL	0
1962	4	2	1	170803	093550.50	108.53871739	34.22381634	37.00	0.0020	-0.0110	-0.9770	1.30	NULL	NULL	0
1963	4	2	1	170803	093550.60	108.53872382	34.22381815	37.00	-0.0060	0.0240	-0.9670	1.30	NULL	NULL	0
1964	4	2	1	170803	093550.70	108.53873023	34.22381996	37.00	0.0070	-0.0170	-0.9400	1.30	NULL	NULL	0
1965	4	2	1	170803	093550.80	108.53873660	34.22382179	37.00	0.1010	-0.0340	-0.9780	2.19	NULL	NULL	0
1966	4	2	1	170803	093550.90	108.53874303	34.22382364	37.00	0.0630	0.0780	-1.0340	2.19	NULL	NULL	0
1967	4	2	1	170803	093551.00	108.53874947	34.22382543	37.00	0.0260	-0.0300	-0.9590	2.19	NULL	NULL	0
1968	4	2	1	170803	093551.10	108.53875592	34.22382731	37.00	0.0980	-0.0180	-1.0330	2.85	NULL	NULL	0
1969	4	2	1	170803	093551.20	108.53876238	34.22382914	37.00	0.0620	-0.0400	-1.0820	2.85	NULL	NULL	0
1970	4	2	1	170803	093551.30	108.53876886	34.22383099	37.00	0.0590	0.0750	-0.9880	2.85	NULL	NULL	0
1971	4	2	1	170803	093551.40	108.53877533	34.22383285	37.00	-0.0200	-0.0270	-0.9900	3.73	NULL	NULL	0
1972	4	2	1	170803	093551.50	108.53878180	34.22383470	37.00	0.0700	0.0230	-1.0080	3.73	NULL	NULL	0
1973	4	2	1	170803	093551.60	108.53878852	34.22383641	37.00	0.1080	-0.0380	-0.9950	3.73	NULL	NULL	0
1974	4	2	1	170803	093551.70	108.53879504	34.22383829	37.00	0.0630	0.0220	-1.0460	4.03	NULL	NULL	0
1975	4	2	1	170803	093551.80	108.53880216	34.22383980	37.00	0.0780	-0.0220	-0.9600	4.03	NULL	NULL	0
1976	4	2	1	170803	093551.90	108.53880870	34.22384164	37.00	0.0950	-0.0510	-0.9860	4.03	NULL	NULL	0
1977	4	2	1	170803	093552.00	108.53881528	34.22384354	37.00	-0.0180	0.0490	-0.9180	1.81	NULL	NULL	0
1978	4	2	1	170803	093552.10	108.53882186	34.22384540	37.00	0.0660	-0.0280	-1.0210	1.81	NULL	NULL	0
1979	4	2	1	170803	093552.20	108.53882821	34.22384724	37.00	0.0570	0.0590	-0.9740	1.81	NULL	NULL	0
1980	4	2	1	170803	093552.30	108.53883481	34.22384910	37.00	0.0230	0.0110	-0.9910	1.56	NULL	NULL	0
1981	4	2	1	170803	093552.40	108.53884140	34.22385099	37.00	0.0070	0.0060	-1.0060	1.56	NULL	NULL	0
1982	4	2	1	170803	093552.50	108.53884798	34.22385286	37.00	0.0590	-0.0180	-1.0250	1.56	NULL	NULL	0
1983	4	2	1	170803	093552.60	108.53885460	34.22385466	37.00	-0.0210	0.0310	-1.0650	1.56	NULL	NULL	0
1984	4	2	1	170803	093552.70	108.53886119	34.22385648	37.00	0.0620	0.0270	-1.0260	1.56	NULL	NULL	0
1985	4	2	1	170803	093552.80	108.53886750	34.22385846	37.00	0.0100	0.0480	-1.0250	1.56	NULL	NULL	0
1986	4	2	1	170803	093552.90	108.53887412	34.22386027	37.00	-0.0140	0.0120	-1.0050	1.56	NULL	NULL	0
1987	4	2	1	170803	093553.00	108.53888026	34.22386253	37.00	-0.0900	-0.0910	-1.0110	1.17	NULL	NULL	0
1988	4	2	1	170803	093553.10	108.53888681	34.22386431	37.00	0.1130	0.0300	-1.0200	1.17	NULL	NULL	0
1989	4	2	1	170803	093553.20	108.53889387	34.22386559	37.00	0.0280	0.0310	-0.9840	1.17	NULL	NULL	0
1990	4	2	1	170803	093553.30	108.53890042	34.22386738	37.00	0.0680	-0.0010	-1.0010	1.13	NULL	NULL	0
1991	4	2	1	170803	093553.40	108.53890697	34.22386912	37.00	0.0370	0.0030	-0.9890	1.13	NULL	NULL	0
1992	4	2	1	170803	093553.50	108.53891352	34.22387080	37.00	-0.0400	-0.0500	-0.9880	1.13	NULL	NULL	0
1993	4	2	1	170803	093553.60	108.53891781	34.22387492	37.00	-0.0250	0.0520	-0.9430	1.24	NULL	NULL	0
1994	4	2	1	170803	093553.70	108.53892427	34.22387669	37.00	-0.0260	0.0050	-0.9800	1.24	NULL	NULL	0
1995	4	2	1	170803	093553.80	108.53893077	34.22387832	37.00	-0.0070	-0.0110	-1.0220	1.24	NULL	NULL	0
1996	4	2	1	170803	093553.90	108.53893717	34.22388012	37.00	0.0070	0.0140	-1.0060	1.17	NULL	NULL	0
1997	4	2	1	170803	093554.00	108.53894370	34.22388175	37.00	-0.0080	-0.0730	-0.9870	1.17	NULL	NULL	0
1998	4	2	1	170803	093554.10	108.53895007	34.22388354	37.00	-0.0510	-0.0480	-0.9790	1.17	NULL	NULL	0
1999	4	2	1	170803	093554.20	108.53895646	34.22388523	35.15	-0.0630	-0.0160	-1.0110	1.11	NULL	NULL	0
2000	4	2	1	170803	093554.30	108.53896278	34.22388698	35.15	-0.1180	-0.0270	-1.0140	1.11	NULL	NULL	0
2001	4	2	1	170803	093554.40	108.53897104	34.22388670	35.15	-0.0680	-0.0510	-1.0090	1.11	NULL	NULL	0
2002	4	2	1	170803	093554.50	108.53897734	34.22388842	35.15	-0.0430	-0.0480	-1.0020	1.05	NULL	NULL	0
2003	4	2	1	170803	093554.60	108.53898362	34.22389018	35.15	-0.0400	-0.0850	-1.0200	1.05	NULL	NULL	0
2004	4	2	1	170803	093554.70	108.53898985	34.22389193	35.15	0.0520	-0.0590	-1.0210	1.05	NULL	NULL	0
2005	4	2	1	170803	093554.80	108.53899434	34.22389553	35.15	0.0210	-0.0220	-0.9990	1.05	NULL	NULL	0
2006	4	2	1	170803	093554.90	108.53900058	34.22389729	35.15	-0.0360	0.0280	-1.0390	1.05	NULL	NULL	0
2007	4	2	1	170803	093555.00	108.53900686	34.22389896	35.15	0.0760	-0.0360	-0.9970	1.05	NULL	NULL	0
2008	4	2	1	170803	093555.10	108.53901305	34.22390070	35.15	-0.0110	-0.0330	-0.9910	1.10	NULL	NULL	0
2009	4	2	1	170803	093555.20	108.53901928	34.22390241	35.15	-0.0480	-0.0170	-1.0290	1.10	NULL	NULL	0
2010	4	2	1	170803	093555.30	108.53902550	34.22390416	35.15	0.0110	-0.0420	-0.9980	1.10	NULL	NULL	0
2011	4	2	1	170803	093555.40	108.53903170	34.22390591	35.15	0.0450	0.0020	-0.9610	104.81	NULL	NULL	0
2012	4	2	1	170803	093555.50	108.53903790	34.22390766	35.15	-0.0350	-0.0320	-0.9650	104.81	NULL	NULL	0
2013	4	2	1	170803	093555.60	108.53904597	34.22390745	35.15	-0.0190	-0.0700	-0.9510	104.81	NULL	NULL	0
2014	4	2	1	170803	093555.70	108.53905210	34.22390924	35.15	-0.0450	-0.0600	-0.9490	2.96	NULL	NULL	0
2015	4	2	1	170803	093555.80	108.53905832	34.22391097	35.15	-0.0010	0.0200	-1.0470	2.96	NULL	NULL	0
2016	4	2	1	170803	093555.90	108.53906448	34.22391282	35.15	-0.0650	-0.0030	-1.0810	2.96	NULL	NULL	0
2017	4	2	1	170803	093556.00	108.53907070	34.22391451	35.15	0.0510	-0.0150	-1.0050	3.09	NULL	NULL	0
2018	4	2	1	170803	093556.10	108.53907684	34.22391636	35.15	-0.0650	0.0590	-0.9840	3.09	NULL	NULL	0
2019	4	2	1	170803	093556.20	108.53908311	34.22391807	35.15	-0.0070	-0.1210	-0.9670	3.09	NULL	NULL	0
2020	4	2	1	170803	093556.30	108.53908933	34.22391982	35.15	0.0640	0.0470	-0.9590	3.63	NULL	NULL	0
2021	4	2	1	170803	093556.40	108.53909555	34.22392162	35.15	0.0580	0.0390	-0.9600	3.63	NULL	NULL	0
2022	4	2	1	170803	093556.50	108.53910178	34.22392336	35.15	0.0430	-0.0230	-1.0180	3.63	NULL	NULL	0
2023	4	2	1	170803	093556.60	108.53910804	34.22392516	35.15	0.0360	-0.0350	-1.0000	85.59	NULL	NULL	0
2024	4	2	1	170803	093556.70	108.53911431	34.22392688	35.15	0.0280	-0.0780	-0.9690	85.59	NULL	NULL	0
2025	4	2	1	170803	093556.80	108.53912056	34.22392869	35.15	0.0070	0.0050	-1.0010	85.59	NULL	NULL	0
2026	4	2	1	170803	093556.90	108.53912682	34.22393051	35.15	-0.0670	0.0620	-1.0860	85.59	NULL	NULL	0
2027	4	2	1	170803	093557.00	108.53913321	34.22393219	35.15	-0.0280	0.0010	-0.9370	2.34	NULL	NULL	0
2028	4	2	1	170803	093557.10	108.53913950	34.22393405	35.15	0.1580	0.0040	-0.9200	2.34	NULL	NULL	0
2029	4	2	1	170803	093557.20	108.53914582	34.22393585	35.15	0.0430	0.0400	-0.9620	1.66	NULL	NULL	0
2030	4	2	1	170803	093557.30	108.53915219	34.22393763	37.00	0.0090	0.0960	-1.0280	1.66	NULL	NULL	0
2031	4	2	1	170803	093557.40	108.53915847	34.22393948	35.15	0.0170	-0.0640	-1.0060	1.66	NULL	NULL	0
2032	4	2	1	170803	093557.50	108.53916479	34.22394136	37.00	0.0410	-0.0550	-0.9610	1.66	NULL	NULL	0
2033	4	2	1	170803	093557.60	108.53917135	34.22394266	35.15	0.0450	0.0120	-0.9800	1.66	NULL	NULL	0
2034	4	2	1	170803	093557.70	108.53917767	34.22394451	35.15	0.0340	-0.0360	-1.0020	1.66	NULL	NULL	0
2035	4	2	1	170803	093557.80	108.53918386	34.22394662	35.15	-0.0050	-0.0270	-1.0370	1.66	NULL	NULL	0
2036	4	2	1	170803	093557.90	108.53919020	34.22394841	35.15	-0.0140	0.0050	-0.9850	1.39	NULL	NULL	0
2037	4	2	1	170803	093558.00	108.53919675	34.22394957	35.15	0.0090	-0.0010	-1.0480	1.39	NULL	NULL	0
2038	4	2	1	170803	093558.10	108.53920305	34.22395142	35.15	-0.0570	0.0540	-0.9980	1.39	NULL	NULL	0
2039	4	2	1	170803	093558.20	108.53920936	34.22395317	35.15	-0.0420	0.0670	-0.9510	1.29	NULL	NULL	0
2040	4	2	1	170803	093558.30	108.53921564	34.22395500	35.15	0.0490	-0.0670	-0.9750	1.29	NULL	NULL	0
2041	4	2	1	170803	093558.40	108.53922197	34.22395677	35.15	0.0640	-0.0510	-1.0350	1.29	NULL	NULL	0
2042	4	2	1	170803	093558.50	108.53922828	34.22395866	35.15	0.1530	-0.0190	-0.9310	1.24	NULL	NULL	0
2043	4	2	1	170803	093558.60	108.53923453	34.22396065	35.15	0.0920	0.0070	-0.9340	1.24	NULL	NULL	0
2044	4	2	1	170803	093558.70	108.53924078	34.22396252	35.15	0.0310	-0.0670	-0.9980	1.24	NULL	NULL	0
2045	4	2	1	170803	093558.80	108.53924685	34.22396465	35.15	0.0050	-0.0630	-0.9820	1.23	NULL	NULL	0
2046	4	2	1	170803	093558.90	108.53925309	34.22396658	35.15	0.0630	-0.0370	-1.0830	1.23	NULL	NULL	0
2047	4	2	1	170803	093559.00	108.53925938	34.22396852	35.15	0.0280	-0.0410	-1.0940	1.23	NULL	NULL	0
2048	4	2	1	170803	093559.10	108.53926568	34.22397046	37.00	0.0160	-0.0290	-0.9730	1.46	NULL	NULL	0
2049	4	2	1	170803	093559.20	108.53927197	34.22397241	37.00	-0.0030	-0.0260	-0.9380	1.46	NULL	NULL	0
2050	4	2	1	170803	093559.30	108.53927827	34.22397430	35.15	0.0370	0.0160	-0.8840	1.46	NULL	NULL	0
2051	4	2	1	170803	093559.40	108.53928448	34.22397627	35.15	0.0940	-0.0680	-0.9490	1.55	NULL	NULL	0
2052	4	2	1	170803	093559.50	108.53929069	34.22397826	35.15	0.0380	-0.0210	-0.9860	1.55	NULL	NULL	0
2053	4	2	1	170803	093559.60	108.53929713	34.22397974	35.15	-0.0330	0.0040	-1.0530	1.55	NULL	NULL	0
2054	4	2	1	170803	093559.70	108.53930342	34.22398166	35.15	-0.0230	-0.0200	-1.0360	1.61	NULL	NULL	0
2055	4	2	1	170803	093559.80	108.53930981	34.22398347	37.00	0.0390	-0.0400	-0.9900	1.61	NULL	NULL	0
2056	4	2	1	170803	093559.90	108.53931608	34.22398551	37.00	0.0220	0.0320	-0.9720	1.61	NULL	NULL	0
2057	4	2	1	170803	093600.00	108.53932247	34.22398732	37.00	0.0640	-0.0380	-0.9820	1.65	NULL	NULL	0
2058	4	2	1	170803	093600.10	108.53932879	34.22398925	37.00	0.0230	-0.1120	-1.0040	1.65	NULL	NULL	0
2059	4	2	1	170803	093600.20	108.53933512	34.22399136	37.00	0.0040	-0.0170	-1.0160	1.65	NULL	NULL	0
2060	4	2	1	170803	093600.30	108.53934142	34.22399337	37.00	0.0260	-0.0360	-0.9900	2.97	NULL	NULL	0
2061	4	2	1	170803	093600.40	108.53934781	34.22399518	37.00	0.0330	-0.0540	-1.0120	2.97	NULL	NULL	0
2062	4	2	1	170803	093600.50	108.53935413	34.22399718	37.00	-0.0040	-0.0740	-1.0690	2.97	NULL	NULL	0
2063	4	2	1	170803	093600.60	108.53936049	34.22399908	37.00	0.0680	-0.0750	-0.9970	3.78	NULL	NULL	0
2064	4	2	1	170803	093600.70	108.53936683	34.22400108	37.00	0.0310	-0.0460	-1.0070	3.78	NULL	NULL	0
2065	4	2	1	170803	093600.80	108.53937311	34.22400314	37.00	0.0240	-0.0820	-0.9830	3.78	NULL	NULL	0
2066	4	2	1	170803	093600.90	108.53937946	34.22400517	37.00	-0.0150	0.0040	-1.0140	3.78	NULL	NULL	0
2067	4	2	1	170803	093601.00	108.53938587	34.22400699	37.00	0.0200	-0.0880	-1.0530	4.37	NULL	NULL	0
2068	4	2	1	170803	093601.10	108.53939226	34.22400898	37.00	-0.0410	-0.0470	-1.0400	4.37	NULL	NULL	0
2069	4	2	1	170803	093601.20	108.53939862	34.22401097	37.00	-0.0870	-0.0360	-1.0240	2.85	NULL	NULL	0
2070	4	2	1	170803	093601.30	108.53940502	34.22401299	37.00	-0.0290	0.0410	-0.9140	2.85	NULL	NULL	0
2071	4	2	1	170803	093601.40	108.53941139	34.22401497	37.00	-0.0490	-0.0780	-0.9840	2.85	NULL	NULL	0
2072	4	2	1	170803	093601.50	108.53941778	34.22401700	37.00	0.0060	-0.1170	-0.9760	2.85	NULL	NULL	0
2073	4	2	1	170803	093601.60	108.53942415	34.22401900	37.00	0.0310	-0.0480	-0.9900	2.85	NULL	NULL	0
2074	4	2	1	170803	093601.70	108.53943056	34.22402099	37.00	0.0380	-0.0870	-1.0150	2.85	NULL	NULL	0
2075	4	2	1	170803	093601.80	108.53943698	34.22402302	37.00	0.0850	-0.0020	-1.0110	2.85	NULL	NULL	0
2076	4	2	1	170803	093601.90	108.53944338	34.22402502	37.00	-0.0170	0.0120	-1.0710	1.65	NULL	NULL	0
2077	4	2	1	170803	093602.00	108.53944856	34.22402646	37.00	0.0490	-0.0150	-0.9870	1.65	NULL	NULL	0
2078	4	2	1	170803	093602.10	108.53945497	34.22402850	37.00	-0.0420	-0.0430	-1.0590	1.65	NULL	NULL	0
2079	4	2	1	170803	093602.20	108.53946137	34.22403058	37.00	-0.0710	-0.0060	-1.0070	1.38	NULL	NULL	0
2080	4	2	1	170803	093602.30	108.53946781	34.22403265	37.00	0.0280	-0.0080	-0.9630	1.38	NULL	NULL	0
2081	4	2	1	170803	093602.40	108.53947464	34.22403447	37.00	0.0480	-0.0350	-1.0510	1.38	NULL	NULL	0
2082	4	2	1	170803	093602.50	108.53948106	34.22403656	37.00	0.0370	-0.0490	-1.0060	1.31	NULL	NULL	0
2083	4	2	1	170803	093602.60	108.53948758	34.22403890	37.00	0.0020	-0.0460	-1.0160	1.31	NULL	NULL	0
2084	4	2	1	170803	093602.70	108.53949406	34.22404095	37.00	-0.0890	-0.0140	-0.9910	1.31	NULL	NULL	0
2085	4	2	1	170803	093602.80	108.53950061	34.22404368	37.00	-0.0950	-0.1100	-1.0020	1.24	NULL	NULL	0
2086	4	2	1	170803	093602.90	108.53950709	34.22404576	37.00	0.0050	-0.1230	-1.0100	1.24	NULL	NULL	0
2087	4	2	1	170803	093603.00	108.53951417	34.22404780	37.00	-0.1400	0.0120	-1.0870	1.24	NULL	NULL	0
2088	4	2	1	170803	093603.10	108.53952069	34.22404995	37.00	0.0760	0.0530	-0.9740	1.17	NULL	NULL	0
2089	4	2	1	170803	093603.20	108.53952743	34.22405177	37.00	0.1210	0.0170	-0.9490	1.17	NULL	NULL	0
2090	4	2	1	170803	093603.30	108.53953396	34.22405386	37.00	0.0570	-0.0690	-0.9500	1.17	NULL	NULL	0
2091	4	2	1	170803	093603.40	108.53953987	34.22405656	37.00	0.0380	-0.0610	-0.9650	1.01	NULL	NULL	0
2092	4	2	1	170803	093603.50	108.53954637	34.22405862	37.00	0.0700	0.0400	-1.0400	1.01	NULL	NULL	0
2093	4	2	1	170803	093603.60	108.53955289	34.22406067	37.00	0.0020	-0.0750	-1.0290	1.01	NULL	NULL	0
2094	4	2	1	170803	093603.70	108.53955931	34.22406272	37.00	-0.0820	-0.0860	-1.0590	1.04	NULL	NULL	0
2095	4	2	1	170803	093603.80	108.53956569	34.22406475	37.00	-0.1110	0.0240	-1.0010	1.04	NULL	NULL	0
2096	4	2	1	170803	093603.90	108.53957201	34.22406684	37.00	-0.1260	-0.0570	-1.0300	1.04	NULL	NULL	0
2097	4	2	1	170803	093604.00	108.53957837	34.22406877	37.00	-0.1170	-0.0370	-1.0140	21.58	NULL	NULL	0
2098	4	2	1	170803	093604.10	108.53958467	34.22407082	37.00	0.0170	-0.0390	-1.0210	21.58	NULL	NULL	0
2099	4	2	1	170803	093604.20	108.53959082	34.22407301	35.15	-0.0250	-0.0910	-1.0320	21.58	NULL	NULL	0
2100	4	2	1	170803	093604.30	108.53959698	34.22407506	35.15	-0.0820	0.0100	-1.0040	1.09	NULL	NULL	0
2101	4	2	1	170803	093604.40	108.53960341	34.22407652	35.15	-0.1160	-0.0200	-0.9680	1.09	NULL	NULL	0
2102	4	2	1	170803	093604.50	108.53960948	34.22407854	35.15	-0.0670	-0.0560	-1.0040	1.09	NULL	NULL	0
2103	4	2	1	170803	093604.60	108.53961560	34.22408059	35.15	-0.1170	0.0310	-1.0010	21.17	NULL	NULL	0
2104	4	2	1	170803	093604.70	108.53962167	34.22408263	35.15	-0.0270	-0.0420	-1.0800	21.17	NULL	NULL	0
2105	4	2	1	170803	093604.80	108.53962754	34.22408524	35.15	-0.0140	-0.0280	-1.0020	21.17	NULL	NULL	0
2106	4	2	1	170803	093604.90	108.53963357	34.22408729	35.15	-0.0230	0.0240	-0.9330	21.17	NULL	NULL	0
2107	4	2	1	170803	093605.00	108.53963956	34.22408938	35.15	0.0120	0.0060	-0.9740	2.45	NULL	NULL	0
2108	4	2	1	170803	093605.10	108.53964558	34.22409141	35.15	-0.0740	0.0240	-1.0450	2.45	NULL	NULL	0
2109	4	2	1	170803	093605.20	108.53965161	34.22409346	35.15	-0.0620	0.0570	-1.0200	2.77	NULL	NULL	0
2110	4	2	1	170803	093605.30	108.53965764	34.22409543	35.15	-0.0040	0.0270	-1.0270	2.77	NULL	NULL	0
2111	4	2	1	170803	093605.40	108.53966365	34.22409743	35.15	-0.0020	-0.0010	-0.9660	2.77	NULL	NULL	0
2112	4	2	1	170803	093605.50	108.53966962	34.22409940	35.15	-0.0390	0.0190	-0.9830	2.77	NULL	NULL	0
2113	4	2	1	170803	093605.60	108.53967558	34.22410134	35.15	-0.0360	-0.0140	-0.9760	2.87	NULL	NULL	0
2114	4	2	1	170803	093605.70	108.53968155	34.22410330	35.15	0.0000	0.0490	-1.0260	2.87	NULL	NULL	0
2115	4	2	1	170803	093605.80	108.53968758	34.22410524	35.15	0.0020	0.0090	-1.0720	2.87	NULL	NULL	0
2116	4	2	1	170803	093605.90	108.53969356	34.22410724	35.15	0.1190	-0.0110	-0.9810	2.44	NULL	NULL	0
2117	4	2	1	170803	093606.00	108.53969967	34.22410899	35.15	0.1030	0.0240	-0.9940	2.44	NULL	NULL	0
2118	4	2	1	170803	093606.10	108.53970571	34.22411095	35.15	0.0100	0.0160	-1.0270	2.44	NULL	NULL	0
2119	4	2	1	170803	093606.20	108.53971159	34.22411278	35.15	-0.0100	0.0020	-1.0380	1.67	NULL	NULL	0
2120	4	2	1	170803	093606.30	108.53971765	34.22411476	35.15	0.0250	0.0200	-0.9820	1.67	NULL	NULL	0
2121	4	2	1	170803	093606.40	108.53972367	34.22411675	35.15	0.0160	0.0340	-1.0040	1.67	NULL	NULL	0
2122	4	2	1	170803	093606.50	108.53972983	34.22411871	35.15	0.1110	-0.0530	-1.0070	1.50	NULL	NULL	0
2123	4	2	1	170803	093606.60	108.53973586	34.22412074	35.15	0.0940	-0.0400	-1.0180	1.50	NULL	NULL	0
2124	4	2	1	170803	093606.70	108.53974210	34.22412277	35.15	0.0290	-0.0940	-1.1410	1.50	NULL	NULL	0
2125	4	2	1	170803	093606.80	108.53974789	34.22412539	37.00	0.0090	-0.0140	-1.0120	1.78	NULL	NULL	0
2126	4	2	1	170803	093606.90	108.53975423	34.22412739	37.00	0.0630	-0.0040	-0.9930	1.78	NULL	NULL	0
2127	4	2	1	170803	093607.00	108.53975964	34.22413095	37.00	0.0250	-0.0190	-1.0230	1.78	NULL	NULL	0
2128	4	2	1	170803	093607.10	108.53976606	34.22413288	37.00	0.0600	-0.0450	-1.0020	2.12	NULL	NULL	0
2129	4	2	1	170803	093607.20	108.53977251	34.22413480	37.00	0.1040	0.0050	-1.0220	2.12	NULL	NULL	0
2130	4	2	1	170803	093607.30	108.53977897	34.22413674	37.00	0.0250	-0.0440	-1.0450	2.12	NULL	NULL	0
2131	4	2	1	170803	093607.40	108.53978529	34.22413897	37.00	0.0010	-0.0510	-1.0510	2.19	NULL	NULL	0
2132	4	2	1	170803	093607.50	108.53979171	34.22414100	37.00	-0.0060	0.0150	-0.9970	2.19	NULL	NULL	0
2133	4	2	1	170803	093607.60	108.53979861	34.22414251	37.00	0.0350	-0.0950	-0.9590	2.19	NULL	NULL	0
2134	4	2	1	170803	093607.70	108.53980504	34.22414458	37.00	0.0450	-0.0410	-0.9800	2.14	NULL	NULL	0
2135	4	2	1	170803	093607.80	108.53981128	34.22414676	37.00	-0.0250	-0.0850	-1.0640	2.14	NULL	NULL	0
2136	4	2	1	170803	093607.90	108.53981771	34.22414881	37.00	0.0170	0.0070	-0.9260	2.14	NULL	NULL	0
2137	4	2	1	170803	093608.00	108.53982455	34.22415023	37.00	0.0070	0.0130	-0.9930	2.13	NULL	NULL	0
2138	4	2	1	170803	093608.10	108.53983095	34.22415231	37.00	-0.0610	-0.0680	-0.9670	2.13	NULL	NULL	0
2139	4	2	1	170803	093608.20	108.53983726	34.22415476	37.00	-0.0340	0.0360	-1.0230	2.13	NULL	NULL	0
2140	4	2	1	170803	093608.30	108.53984367	34.22415680	37.00	-0.0060	0.0730	-0.9780	1.97	NULL	NULL	0
2141	4	2	1	170803	093608.40	108.53985018	34.22415873	37.00	0.0090	-0.0850	-1.0270	1.97	NULL	NULL	0
2142	4	2	1	170803	093608.50	108.53985655	34.22416074	37.00	-0.0030	-0.0670	-0.9910	1.97	NULL	NULL	0
2143	4	2	1	170803	093608.60	108.53986318	34.22416261	37.00	0.0810	0.0370	-0.9880	1.76	NULL	NULL	0
2144	4	2	1	170803	093608.70	108.53986957	34.22416460	37.00	-0.0320	0.0300	-0.9750	1.76	NULL	NULL	0
2145	4	2	1	170803	093608.80	108.53987580	34.22416667	37.00	-0.0370	-0.0970	-0.9720	1.76	NULL	NULL	0
2146	4	2	1	170803	093608.90	108.53988208	34.22416868	37.00	-0.0840	0.0060	-1.0340	1.76	NULL	NULL	0
2147	4	2	1	170803	093609.00	108.53988895	34.22416966	37.00	-0.0110	-0.0420	-0.9920	1.81	NULL	NULL	0
2148	4	2	1	170803	093609.10	108.53989520	34.22417166	35.15	-0.0410	-0.0380	-1.0300	1.81	NULL	NULL	0
2149	4	2	1	170803	093609.20	108.53990127	34.22417381	37.00	-0.0190	-0.0540	-1.0280	1.82	NULL	NULL	0
2150	4	2	1	170803	093609.30	108.53990747	34.22417581	35.15	0.0440	-0.1000	-1.0150	1.82	NULL	NULL	0
2151	4	2	1	170803	093609.40	108.53991311	34.22417896	35.15	0.0060	-0.0410	-1.0120	1.82	NULL	NULL	0
2152	4	2	1	170803	093609.50	108.53991926	34.22418100	35.15	0.0750	-0.0420	-1.0080	1.82	NULL	NULL	0
2153	4	2	1	170803	093609.60	108.53992591	34.22418257	35.15	-0.0060	0.0410	-0.9690	1.82	NULL	NULL	0
2154	4	2	1	170803	093609.70	108.53993207	34.22418456	35.15	-0.0650	-0.0820	-1.0220	1.82	NULL	NULL	0
2155	4	2	1	170803	093609.80	108.53993839	34.22418651	35.15	-0.0550	-0.0240	-0.9600	1.82	NULL	NULL	0
2156	4	2	1	170803	093609.90	108.53994453	34.22418850	35.15	-0.0070	-0.0190	-0.9670	1.30	NULL	NULL	0
2157	4	2	1	170803	093610.00	108.53995054	34.22419060	35.15	-0.0550	-0.0630	-0.9670	1.30	NULL	NULL	0