582	4	2	1	170803	092605.60	108.53990058	34.22530316	42.55	0.0700	-0.0200	-0.9790	2.91	NULL	NULL	0
583	4	2	1	170803	092605.70	108.53989337	34.22530042	42.55	0.0660	-0.0550	-1.0400	5.27	NULL	NULL	0
584	4	2	1	170803	092605.80	108.53988612	34.22529763	42.55	-0.0100	-0.0030	-1.0580	5.27	NULL	NULL	0
585	4	2	1	170803	092605.90	108.53987891	34.22529474	42.55	0.0610	0.0000	-1.0050	5.27	NULL	NULL	0
586	4	2	1	170803	092606.00	108.53987157	34.22529196	44.40	0.1090	-0.0580	-0.9590	7.75	NULL	NULL	0
587	4	2	1	170803	092606.10	108.53986425	34.22528913	44.40	0.0750	-0.0530	-0.9630	7.75	NULL	NULL	0
588	4	2	1	170803	092606.20	108.53985689	34.22528633	44.40	0.0500	0.0260	-1.0430	7.75	NULL	NULL	0
589	4	2	1	170803	092606.30	108.53984953	34.22528348	44.40	0.1030	-0.0020	-0.9320	8.30	NULL	NULL	0
590	4	2	1	170803	092606.40	108.53984215	34.22528069	44.40	0.0940	-0.0180	-1.0740	8.30	NULL	NULL	0
591	4	2	1	170803	092606.50	108.53983471	34.22527789	44.40	0.0470	-0.0250	-0.9490	8.30	NULL	NULL	0
592	4	2	1	170803	092606.60	108.53982726	34.22527507	44.40	0.0760	0.0510	-0.9070	21.11	NULL	NULL	0
593	4	2	1	170803	092606.70	108.53981985	34.22527229	44.40	-0.0340	-0.0130	-1.0110	21.11	NULL	NULL	0
594	4	2	1	170803	092606.80	108.53981245	34.22526949	44.40	0.0720	-0.0720	-0.9990	21.11	NULL	NULL	0
595	4	2	1	170803	092606.90	108.53980499	34.22526663	44.40	-0.0510	-0.1200	-1.0130	6.34	NULL	NULL	0
596	4	2	1	170803	092607.00	108.53979755	34.22526381	44.40	-0.0320	-0.0280	-0.9890	6.34	NULL	NULL	0
597	4	2	1	170803	092607.10	108.53979021	34.22526099	44.40	0.0270	-0.0380	-0.9660	6.34	NULL	NULL	0
598	4	2	1	170803	092607.20	108.53978282	34.22525812	44.40	-0.0150	-0.0200	-1.0770	5.63	NULL	NULL	0
599	4	2	1	170803	092607.30	108.53977546	34.22525527	44.40	-0.0440	-0.1240	-1.0420	5.63	NULL	NULL	0
600	4	2	1	170803	092607.40	108.53976810	34.22525242	44.40	0.0250	-0.0030	-0.9830	5.63	NULL	NULL	0
601	4	2	1	170803	092607.50	108.53976075	34.22524957	44.40	-0.0780	-0.0600	-1.0310	102.67	NULL	NULL	0
602	4	2	1	170803	092607.60	108.53975343	34.22524665	44.40	-0.1490	-0.0390	-1.0220	102.67	NULL	NULL	0
603	4	2	1	170803	092607.70	108.53974614	34.22524376	44.40	-0.0310	-0.0780	-0.9880	102.67	NULL	NULL	0
604	4	2	1	170803	092607.80	108.53973882	34.22524129	44.40	-0.0760	-0.0880	-0.9710	102.67	NULL	NULL	0
605	4	2	1	170803	092607.90	108.53973159	34.22523837	42.55	-0.0070	0.0550	-0.9720	22.99	NULL	NULL	0
606	4	2	1	170803	092608.00	108.53972431	34.22523559	44.40	0.0130	-0.0640	-0.9550	22.99	NULL	NULL	0
607	4	2	1	170803	092608.10	108.53971705	34.22523274	42.55	0.0270	0.0290	-0.9190	22.99	NULL	NULL	0
608	4	2	1	170803	092608.20	108.53970990	34.22523149	42.55	-0.0110	-0.0380	-0.9820	3.68	NULL	NULL	0
609	4	2	1	170803	092608.30	108.53970266	34.22522869	42.55	0.0250	0.0370	-1.0160	3.68	NULL	NULL	0
610	4	2	1	170803	092608.40	108.53969543	34.22522571	42.55	-0.0190	-0.0030	-1.0120	3.68	NULL	NULL	0
611	4	2	1	170803	092608.50	108.53968820	34.22522298	42.55	-0.0970	-0.0470	-1.0820	2.70	NULL	NULL	0
612	4	2	1	170803	092608.60	108.53968089	34.22521864	42.55	-0.0640	0.0000	-1.0680	2.70	NULL	NULL	0
613	4	2	1	170803	092608.70	108.53967369	34.22521594	42.55	-0.0200	-0.0390	-1.0200	2.70	NULL	NULL	0
614	4	2	1	170803	092608.80	108.53966653	34.22521335	42.55	-0.0830	-0.0070	-1.0010	2.60	NULL	NULL	0
615	4	2	1	170803	092608.90	108.53965934	34.22521070	42.55	0.0440	-0.1360	-0.9850	2.60	NULL	NULL	0
616	4	2	1	170803	092609.00	108.53965221	34.22520804	42.55	-0.0610	0.0860	-0.9860	2.60	NULL	NULL	0
617	4	2	1	170803	092609.10	108.53964509	34.22520540	42.55	0.0900	-0.0080	-0.9260	2.39	NULL	NULL	0
618	4	2	1	170803	092609.20	108.53963801	34.22520354	42.55	-0.0140	-0.0100	-1.0490	2.39	NULL	NULL	0
619	4	2	1	170803	092609.30	108.53963090	34.22520091	42.55	0.0050	0.0140	-1.0580	2.39	NULL	NULL	0
620	4	2	1	170803	092609.40	108.53962384	34.22519940	42.55	0.0170	-0.0230	-1.0470	1.98	NULL	NULL	0
621	4	2	1	170803	092609.50	108.53961671	34.22519681	42.55	-0.0040	-0.0490	-0.9620	1.98	NULL	NULL	0
622	4	2	1	170803	092609.60	108.53960962	34.22519426	42.55	-0.0630	0.0090	-0.9320	1.98	NULL	NULL	0
623	4	2	1	170803	092609.70	108.53960254	34.22519173	40.70	-0.0360	-0.0160	-0.9290	2.58	NULL	NULL	0
624	4	2	1	170803	092609.80	108.53959550	34.22518928	40.70	0.0120	-0.0620	-1.0040	2.58	NULL	NULL	0
625	4	2	1	170803	092609.90	108.53958843	34.22518670	42.55	-0.0170	-0.0570	-1.0440	2.58	NULL	NULL	0
626	4	2	1	170803	092610.00	108.53958086	34.22518280	40.70	-0.0410	-0.0790	-0.9600	2.56	NULL	NULL	0
627	4	2	1	170803	092610.10	108.53957384	34.22518021	40.70	0.0390	-0.0070	-0.9530	2.56	NULL	NULL	0
628	4	2	1	170803	092610.20	108.53956669	34.22517726	42.55	-0.0320	-0.0650	-0.9160	2.56	NULL	NULL	0
629	4	2	1	170803	092610.30	108.53955967	34.22517472	40.70	-0.0560	0.0000	-0.9860	2.44	NULL	NULL	0
630	4	2	1	170803	092610.40	108.53955349	34.22517347	40.70	-0.0470	0.0250	-1.0590	2.44	NULL	NULL	0
631	4	2	1	170803	092610.50	108.53954650	34.22517097	40.70	0.0370	-0.1510	-0.9430	2.44	NULL	NULL	0
632	4	2	1	170803	092610.60	108.53953964	34.22516787	40.70	-0.0140	-0.0310	-1.0210	2.71	NULL	NULL	0
633	4	2	1	170803	092610.70	108.53953257	34.22516536	40.70	-0.0800	-0.0650	-1.0510	2.71	NULL	NULL	0
634	4	2	1	170803	092610.80	108.53952536	34.22516199	42.55	-0.1220	-0.0460	-1.0540	2.71	NULL	NULL	0
635	4	2	1	170803	092610.90	108.53951830	34.22515945	40.70	-0.0420	-0.0390	-0.9800	0.00	NULL	NULL	0
636	4	2	1	170803	092611.00	108.53951117	34.22515786	40.70	-0.0250	-0.0650	-0.9540	0.00	NULL	NULL	0
637	4	2	1	170803	092611.10	108.53950399	34.22515533	42.55	0.0410	-0.0070	-1.0210	0.00	NULL	NULL	0
638	4	2	1	170803	092611.20	108.53949650	34.22515299	42.55	0.0590	0.0100	-1.0710	0.00	NULL	NULL	0
639	4	2	1	170803	092611.30	108.53948930	34.22515041	42.55	0.0730	-0.0470	-1.0050	0.00	NULL	NULL	0
640	4	2	1	170803	092611.40	108.53948163	34.22514774	42.55	0.0670	-0.0140	-0.9590	0.00	NULL	NULL	0
641	4	2	1	170803	092611.50	108.53947439	34.22514522	42.55	0.0360	-0.0490	-0.9710	81.92	NULL	NULL	0
642	4	2	1	170803	092611.60	108.53946845	34.22514360	42.55	0.0360	-0.0620	-0.9590	81.92	NULL	NULL	0
643	4	2	1	170803	092611.70	108.53946112	34.22514118	42.55	0.0270	0.0310	-0.9980	81.92	NULL	NULL	0
644	4	2	1	170803	092611.80	108.53945274	34.22513893	42.55	-0.0250	-0.1060	-0.9480	81.92	NULL	NULL	0
645	4	2	1	170803	092611.90	108.53944545	34.22513652	42.55	-0.0050	-0.0380	-0.9760	2.36	NULL	NULL	0
646	4	2	1	170803	092612.00	108.53943833	34.22513396	42.55	0.0030	-0.0140	-0.9530	2.36	NULL	NULL	0
647	4	2	1	170803	092612.10	108.53943106	34.22513148	42.55	0.0950	-0.0300	-1.0110	2.36	NULL	NULL	0
648	4	2	1	170803	092612.20	108.53942237	34.22512694	42.55	-0.0020	-0.0350	-1.0780	3.32	NULL	NULL	0
649	4	2	1	170803	092612.30	108.53941507	34.22512456	42.55	0.0060	-0.0830	-0.9560	3.32	NULL	NULL	0
650	4	2	1	170803	092612.40	108.53940899	34.22512153	42.55	0.0080	-0.0410	-0.9810	3.32	NULL	NULL	0
651	4	2	1	170803	092612.50	108.53940155	34.22511916	42.55	-0.0750	-0.0100	-1.0120	6.05	NULL	NULL	0
652	4	2	1	170803	092612.60	108.53939500	34.22511859	42.55	0.0520	-0.0510	-1.0390	6.05	NULL	NULL	0
653	4	2	1	170803	092612.70	108.53938770	34.22511619	42.55	0.0350	-0.0650	-0.9840	6.05	NULL	NULL	0
654	4	2	1	170803	092612.80	108.53938072	34.22511552	42.55	0.0420	-0.0170	-0.9810	6.05	NULL	NULL	0
655	4	2	1	170803	092612.90	108.53937345	34.22511311	42.55	0.0010	-0.0740	-1.0220	6.05	NULL	NULL	0
656	4	2	1	170803	092613.00	108.53936636	34.22511133	42.55	0.0970	-0.0230	-0.9930	8.82	NULL	NULL	0
657	4	2	1	170803	092613.10	108.53935899	34.22510897	42.55	-0.0130	-0.0440	-1.0220	8.82	NULL	NULL	0
658	4	2	1	170803	092613.20	108.53935100	34.22510500	42.55	0.0010	0.0630	-1.0100	8.82	NULL	NULL	0
659	4	2	1	170803	092613.30	108.53934364	34.22510263	42.55	0.0420	-0.0130	-0.9710	8.82	NULL	NULL	0
660	4	2	1	170803	092613.40	108.53933592	34.22509974	42.55	0.0280	0.0450	-1.0140	5.53	NULL	NULL	0
661	4	2	1	170803	092613.50	108.53932850	34.22509741	42.55	0.0490	-0.0550	-0.9780	5.53	NULL	NULL	0
662	4	2	1	170803	092613.60	108.53932096	34.22509503	42.55	0.0840	-0.0230	-0.9750	5.53	NULL	NULL	0
663	4	2	1	170803	092613.70	108.53931348	34.22509268	42.55	0.0320	-0.0050	-0.9810	3.99	NULL	NULL	0
664	4	2	1	170803	092613.80	108.53930633	34.22509102	42.55	0.1180	-0.0230	-1.0050	3.99	NULL	NULL	0
665	4	2	1	170803	092613.90	108.53929881	34.22508866	42.55	0.0360	-0.0780	-1.0260	3.99	NULL	NULL	0
666	4	2	1	170803	092614.00	108.53929114	34.22508568	44.40	0.0370	0.0440	-1.0290	3.03	NULL	NULL	0
667	4	2	1	170803	092614.10	108.53928351	34.22508344	44.40	-0.0110	-0.0710	-0.9500	3.03	NULL	NULL	0
668	4	2	1	170803	092614.20	108.53927598	34.22508152	44.40	0.0440	0.0420	-0.9910	3.03	NULL	NULL	0
669	4	2	1	170803	092614.30	108.53926833	34.22507927	44.40	-0.0230	-0.0510	-0.9800	2.68	NULL	NULL	0
670	4	2	1	170803	092614.40	108.53926034	34.22507617	44.40	0.0990	0.0130	-0.9750	2.68	NULL	NULL	0
671	4	2	1	170803	092614.50	108.53925269	34.22507393	44.40	0.0270	-0.0170	-1.0240	2.68	NULL	NULL	0
672	4	2	1	170803	092614.60	108.53924499	34.22507158	44.40	-0.0260	0.0170	-1.0490	2.55	NULL	NULL	0
673	4	2	1	170803	092614.70	108.53923728	34.22506933	44.40	0.0200	-0.0810	-0.9830	2.55	NULL	NULL	0
674	4	2	1	170803	092614.80	108.53922967	34.22506756	44.40	0.0130	-0.1820	-0.9900	2.55	NULL	NULL	0
675	4	2	1	170803	092614.90	108.53922202	34.22506533	44.40	-0.0200	-0.0990	-0.9380	2.44	NULL	NULL	0
676	4	2	1	170803	092615.00	108.53921435	34.22506293	44.40	-0.0130	-0.0570	-1.0130	2.44	NULL	NULL	0
677	4	2	1	170803	092615.10	108.53920671	34.22506070	44.40	0.0380	-0.0990	-0.9650	2.44	NULL	NULL	0
678	4	2	1	170803	092615.20	108.53919904	34.22505805	44.40	-0.0510	-0.0450	-0.9610	0.00	NULL	NULL	0
679	4	2	1	170803	092615.30	108.53919143	34.22505582	44.40	0.0150	-0.0720	-0.8990	0.00	NULL	NULL	0
680	4	2	1	170803	092615.40	108.53918384	34.22505365	44.40	0.0290	-0.0240	-1.0220	0.00	NULL	NULL	0
681	4	2	1	170803	092615.50	108.53917623	34.22505141	44.40	0.0360	-0.0960	-1.0000	2.53	NULL	NULL	0
682	4	2	1	170803	092615.60	108.53916869	34.22504970	42.55	-0.0950	-0.0650	-1.0730	2.53	NULL	NULL	0
683	4	2	1	170803	092615.70	108.53916118	34.22504742	42.55	-0.1030	-0.0430	-0.9900	2.53	NULL	NULL	0
684	4	2	1	170803	092615.80	108.53915367	34.22504495	42.55	-0.2150	-0.0340	-1.0610	2.53	NULL	NULL	0
685	4	2	1	170803	092615.90	108.53914617	34.22504267	42.55	-0.1580	-0.0620	-0.9530	3.70	NULL	NULL	0
686	4	2	1	170803	092616.00	108.53913865	34.22504021	42.55	-0.0520	-0.0150	-1.0270	3.70	NULL	NULL	0
687	4	2	1	170803	092616.10	108.53913125	34.22503797	42.55	-0.0120	0.0220	-0.9900	3.70	NULL	NULL	0
688	4	2	1	170803	092616.20	108.53912380	34.22503600	42.55	0.0380	-0.0120	-1.0270	3.70	NULL	NULL	0
689	4	2	1	170803	092616.30	108.53911636	34.22503379	42.55	0.0010	0.0410	-1.0090	3.70	NULL	NULL	0
690	4	2	1	170803	092616.40	108.53910888	34.22503143	42.55	-0.0650	-0.0170	-0.9820	3.70	NULL	NULL	0
691	4	2	1	170803	092616.50	108.53910144	34.22502931	42.55	-0.0810	0.0430	-0.9460	7.24	NULL	NULL	0
692	4	2	1	170803	092616.60	108.53909404	34.22502717	42.55	-0.0210	-0.0120	-0.9530	7.24	NULL	NULL	0
693	4	2	1	170803	092616.70	108.53908664	34.22502504	42.55	0.0190	-0.0360	-0.9940	7.24	NULL	NULL	0
694	4	2	1	170803	092616.80	108.53907923	34.22502282	42.55	-0.0020	-0.0380	-1.0200	6.46	NULL	NULL	0
695	4	2	1	170803	092616.90	108.53907186	34.22502072	42.55	-0.0190	-0.0540	-1.0370	6.46	NULL	NULL	0
696	4	2	1	170803	092617.00	108.53906447	34.22501871	42.55	0.0070	-0.0050	-1.0440	4.21	NULL	NULL	0
697	4	2	1	170803	092617.10	108.53905706	34.22501662	42.55	-0.0450	0.0200	-1.0580	4.21	NULL	NULL	0
698	4	2	1	170803	092617.20	108.53904959	34.22501449	42.55	0.0200	-0.0690	-0.9840	4.21	NULL	NULL	0
699	4	2	1	170803	092617.30	108.53904218	34.22501240	42.55	0.0540	-0.0230	-1.0120	4.21	NULL	NULL	0
700	4	2	1	170803	092617.40	108.53903474	34.22501058	42.55	0.0800	-0.0340	-0.9080	4.21	NULL	NULL	0
701	4	2	1	170803	092617.50	108.53902730	34.22500850	42.55	0.0330	-0.0630	-0.9840	4.21	NULL	NULL	0
702	4	2	1	170803	092617.60	108.53901982	34.22500610	42.55	0.0240	-0.0340	-1.0000	4.21	NULL	NULL	0
703	4	2	1	170803	092617.70	108.53901238	34.22500404	42.55	0.0230	-0.0120	-1.0220	2.78	NULL	NULL	0
704	4	2	1	170803	092617.80	108.53900494	34.22500232	42.55	0.0630	-0.0650	-1.0390	2.78	NULL	NULL	0
705	4	2	1	170803	092617.90	108.53899747	34.22500026	42.55	0.0670	-0.0370	-0.9540	2.78	NULL	NULL	0
706	4	2	1	170803	092618.00	108.53898999	34.22499812	42.55	-0.0320	-0.1070	-1.0090	2.66	NULL	NULL	0
707	4	2	1	170803	092618.10	108.53898253	34.22499605	42.55	0.0860	-0.0470	-0.9250	2.66	NULL	NULL	0
708	4	2	1	170803	092618.20	108.53897501	34.22499369	42.55	0.0040	-0.0610	-0.9970	2.66	NULL	NULL	0
709	4	2	1	170803	092618.30	108.53896753	34.22499160	42.55	0.0150	-0.0360	-0.9910	2.34	NULL	NULL	0
710	4	2	1	170803	092618.40	108.53896004	34.22498938	42.55	-0.0070	-0.0940	-1.0030	2.34	NULL	NULL	0
711	4	2	1	170803	092618.50	108.53895256	34.22498728	42.55	-0.0050	-0.0440	-0.9280	2.34	NULL	NULL	0
712	4	2	1	170803	092618.60	108.53894509	34.22498517	42.55	-0.0490	-0.0220	-0.9760	3.35	NULL	NULL	0
713	4	2	1	170803	092618.70	108.53893761	34.22498306	42.55	-0.0480	-0.0300	-1.1010	3.35	NULL	NULL	0
714	4	2	1	170803	092618.80	108.53893012	34.22498096	42.55	-0.0450	-0.0450	-1.0820	3.35	NULL	NULL	0
715	4	2	1	170803	092618.90	108.53892258	34.22497883	42.55	0.0020	0.0320	-0.9780	6.09	NULL	NULL	0
716	4	2	1	170803	092619.00	108.53891503	34.22497673	42.55	0.0550	-0.0080	-0.9590	6.09	NULL	NULL	0
717	4	2	1	170803	092619.10	108.53890745	34.22497463	42.55	0.0580	-0.0020	-1.0140	6.09	NULL	NULL	0
718	4	2	1	170803	092619.20	108.53889984	34.22497256	42.55	0.1310	-0.0860	-0.9910	8.27	NULL	NULL	0
719	4	2	1	170803	092619.30	108.53889217	34.22497042	44.40	0.1310	-0.0650	-0.9460	8.27	NULL	NULL	0
720	4	2	1	170803	092619.40	108.53888451	34.22496832	44.40	0.0630	-0.0850	-0.9800	8.27	NULL	NULL	0
721	4	2	1	170803	092619.50	108.53887679	34.22496621	44.40	0.0930	-0.0650	-0.9410	21.11	NULL	NULL	0
722	4	2	1	170803	092619.60	108.53886908	34.22496410	44.40	0.0360	-0.0360	-1.0450	21.11	NULL	NULL	0
723	4	2	1	170803	092619.70	108.53886131	34.22496194	44.40	0.0720	-0.0130	-0.9610	21.11	NULL	NULL	0
724	4	2	1	170803	092619.80	108.53885354	34.22495983	44.40	0.0880	-0.0050	-0.9810	21.11	NULL	NULL	0
725	4	2	1	170803	092619.90	108.53884575	34.22495770	44.40	0.0600	-0.0540	-1.0370	21.11	NULL	NULL	0
726	4	2	1	170803	092620.00	108.53883791	34.22495558	44.40	0.0080	-0.0150	-0.9770	21.11	NULL	NULL	0
727	4	2	1	170803	092620.10	108.53883011	34.22495342	44.40	0.0500	-0.0400	-1.0220	21.11	NULL	NULL	0
728	4	2	1	170803	092620.20	108.53882227	34.22495130	44.40	0.0170	-0.0600	-1.0120	21.11	NULL	NULL	0
729	4	2	1	170803	092620.30	108.53881443	34.22494910	44.40	0.0140	0.0020	-1.0350	21.11	NULL	NULL	0
730	4	2	1	170803	092620.40	108.53880659	34.22494694	44.40	0.0030	-0.0110	-1.0390	21.11	NULL	NULL	0
731	4	2	1	170803	092620.50	108.53879873	34.22494476	44.40	0.0360	-0.0450	-0.9840	3.03	NULL	NULL	0
732	4	2	1	170803	092620.60	108.53879091	34.22494255	44.40	-0.1510	0.0620	-1.0300	3.03	NULL	NULL	0
733	4	2	1	170803	092620.70	108.53878308	34.22494038	44.40	-0.0180	-0.0920	-0.9450	3.03	NULL	NULL	0
734	4	2	1	170803	092620.80	108.53877531	34.22493817	44.40	-0.0320	-0.0650	-1.0120	2.84	NULL	NULL	0
735	4	2	1	170803	092620.90	108.53876758	34.22493595	44.40	0.0250	0.0290	-1.0580	2.84	NULL	NULL	0
736	4	2	1	170803	092621.00	108.53875976	34.22493382	44.40	-0.0800	0.0380	-1.0460	2.38	NULL	NULL	0
737	4	2	1	170803	092621.10	108.53875198	34.22493165	44.40	0.0510	0.0060	-1.0340	2.38	NULL	NULL	0
738	4	2	1	170803	092621.20	108.53874420	34.22492957	44.40	0.0450	-0.0010	-0.9560	2.38	NULL	NULL	0
739	4	2	1	170803	092621.30	108.53873641	34.22492744	44.40	-0.0400	0.0370	-0.9170	2.38	NULL	NULL	0
740	4	2	1	170803	092621.40	108.53872870	34.22492538	44.40	-0.0890	-0.0200	-0.9760	0.00	NULL	NULL	0
741	4	2	1	170803	092621.50	108.53872102	34.22492326	44.40	-0.1160	0.0850	-0.9520	0.00	NULL	NULL	0
742	4	2	1	170803	092621.60	108.53871336	34.22492126	42.55	-0.1120	0.0610	-1.0890	0.00	NULL	NULL	0
743	4	2	1	170803	092621.70	108.53870571	34.22491920	42.55	-0.0280	0.0570	-1.1500	2.80	NULL	NULL	0
744	4	2	1	170803	092621.80	108.53869798	34.22491727	44.40	-0.0470	0.0840	-1.1140	2.80	NULL	NULL	0
745	4	2	1	170803	092621.90	108.53869038	34.22491524	42.55	-0.0010	0.1090	-1.0690	2.80	NULL	NULL	0
746	4	2	1	170803	092622.00	108.53868281	34.22491325	42.55	-0.0730	0.0580	-1.0770	4.92	NULL	NULL	0
747	4	2	1	170803	092622.10	108.53867523	34.22491133	42.55	-0.1210	0.0050	-1.0180	4.92	NULL	NULL	0
748	4	2	1	170803	092622.20	108.53866771	34.22490943	42.55	-0.1130	-0.0140	-1.0610	4.92	NULL	NULL	0
749	4	2	1	170803	092622.30	108.53866019	34.22490748	42.55	-0.0710	-0.0310	-0.9630	7.05	NULL	NULL	0
750	4	2	1	170803	092622.40	108.53865283	34.22490550	42.55	-0.0240	0.0070	-0.9480	7.05	NULL	NULL	0
751	4	2	1	170803	092622.50	108.53864547	34.22490358	40.70	0.0920	-0.0010	-0.9170	7.05	NULL	NULL	0
752	4	2	1	170803	092622.60	108.53863813	34.22490168	40.70	0.0120	-0.0530	-0.9340	7.68	NULL	NULL	0
753	4	2	1	170803	092622.70	108.53863083	34.22489979	40.70	-0.0640	-0.0340	-1.0350	7.68	NULL	NULL	0
754	4	2	1	170803	092622.80	108.53862351	34.22489792	40.70	-0.0490	-0.0150	-1.0920	7.68	NULL	NULL	0
755	4	2	1	170803	092622.90	108.53861626	34.22489605	40.70	-0.1450	-0.0000	-1.0600	6.79	NULL	NULL	0
756	4	2	1	170803	092623.00	108.53860911	34.22489517	40.70	0.0270	-0.0220	-1.0180	6.79	NULL	NULL	0
757	4	2	1	170803	092623.10	108.53860192	34.22489327	40.70	-0.0120	0.0230	-0.9870	6.79	NULL	NULL	0
758	4	2	1	170803	092623.20	108.53859472	34.22489101	40.70	-0.0410	0.0380	-1.0170	5.58	NULL	NULL	0
759	4	2	1	170803	092623.30	108.53858752	34.22488916	40.70	0.0350	-0.0600	-1.0150	5.58	NULL	NULL	0
760	4	2	1	170803	092623.40	108.53858029	34.22488738	40.70	-0.0640	-0.0460	-1.0100	5.58	NULL	NULL	0
761	4	2	1	170803	092623.50	108.53857312	34.22488542	40.70	-0.0340	-0.0910	-0.9650	21.03	NULL	NULL	0
762	4	2	1	170803	092623.60	108.53856583	34.22488323	40.70	0.0880	-0.0360	-0.9830	21.03	NULL	NULL	0
763	4	2	1	170803	092623.70	108.53855859	34.22488125	40.70	0.1140	-0.0750	-1.0080	21.03	NULL	NULL	0
764	4	2	1	170803	092623.80	108.53855127	34.22487947	40.70	0.1860	-0.0230	-1.0200	21.03	NULL	NULL	0
765	4	2	1	170803	092623.90	108.53854398	34.22487746	40.70	0.1270	-0.0230	-0.9430	2.78	NULL	NULL	0
766	4	2	1	170803	092624.00	108.53853647	34.22487567	40.70	0.1420	-0.0150	-1.0300	2.78	NULL	NULL	0
767	4	2	1	170803	092624.10	108.53852915	34.22487360	42.55	0.0720	-0.0050	-1.1070	2.78	NULL	NULL	0
768	4	2	1	170803	092624.20	108.53852167	34.22487141	42.55	0.0360	-0.1020	-1.0530	2.78	NULL	NULL	0
769	4	2	1	170803	092624.30	108.53851424	34.22486932	42.55	-0.0090	0.0200	-0.8880	2.78	NULL	NULL	0
770	4	2	1	170803	092624.40	108.53850676	34.22486742	42.55	-0.0140	-0.0140	-0.9870	2.78	NULL	NULL	0
771	4	2	1	170803	092624.50	108.53849926	34.22486541	42.55	-0.0030	0.0560	-1.0690	2.53	NULL	NULL	0
772	4	2	1	170803	092624.60	108.53849179	34.22486309	42.55	0.0400	0.0180	-1.0270	2.53	NULL	NULL	0
773	4	2	1	170803	092624.70	108.53848423	34.22486101	42.55	0.0080	-0.0030	-1.0320	2.53	NULL	NULL	0
774	4	2	1	170803	092624.80	108.53847677	34.22485922	42.55	-0.0090	-0.0030	-0.9690	2.60	NULL	NULL	0
775	4	2	1	170803	092624.90	108.53846923	34.22485719	42.55	0.0400	0.0270	-0.9330	2.60	NULL	NULL	0
776	4	2	1	170803	092625.00	108.53846141	34.22485550	42.55	-0.0010	0.0180	-1.0860	5.33	NULL	NULL	0
777	4	2	1	170803	092625.10	108.53845393	34.22485341	42.55	0.0070	-0.0220	-1.0720	5.33	NULL	NULL	0
778	4	2	1	170803	092625.20	108.53844631	34.22485064	42.55	0.0630	-0.0040	-1.0770	5.33	NULL	NULL	0
779	4	2	1	170803	092625.30	108.53843876	34.22484854	42.55	0.0120	-0.0320	-0.9740	5.33	NULL	NULL	0
780	4	2	1	170803	092625.40	108.53843105	34.22484599	42.55	-0.0510	-0.0350	-0.8440	5.33	NULL	NULL	0
781	4	2	1	170803	092625.50	108.53842365	34.22484386	42.55	-0.0640	-0.0310	-0.9740	5.33	NULL	NULL	0
782	4	2	1	170803	092625.60	108.53841635	34.22484276	42.55	-0.0420	-0.0820	-0.9210	5.33	NULL	NULL	0
783	4	2	1	170803	092625.70	108.53840897	34.22484071	42.55	-0.0080	-0.0110	-1.0250	5.50	NULL	NULL	0
784	4	2	1	170803	092625.80	108.53840154	34.22483922	42.55	0.0270	-0.0250	-1.0650	5.50	NULL	NULL	0
785	4	2	1	170803	092625.90	108.53839410	34.22483712	42.55	0.1510	-0.0510	-0.9650	5.50	NULL	NULL	0
786	4	2	1	170803	092626.00	108.53838667	34.22483477	42.55	-0.0520	0.0020	-1.0780	5.32	NULL	NULL	0
787	4	2	1	170803	092626.10	108.53837923	34.22483266	42.55	0.1240	-0.0450	-0.9670	5.32	NULL	NULL	0
788	4	2	1	170803	092626.20	108.53837152	34.22482965	42.55	0.0180	0.0050	-1.0920	5.32	NULL	NULL	0
789	4	2	1	170803	092626.30	108.53836399	34.22482750	42.55	0.0540	-0.0160	-0.9520	5.25	NULL	NULL	0
790	4	2	1	170803	092626.40	108.53835664	34.22482543	42.55	0.0950	-0.0860	-0.9170	5.25	NULL	NULL	0
791	4	2	1	170803	092626.50	108.53834910	34.22482321	42.55	0.1250	-0.0830	-0.9730	5.25	NULL	NULL	0
792	4	2	1	170803	092626.60	108.53834109	34.22481980	44.40	0.1160	-0.0590	-1.0510	21.11	NULL	NULL	0
793	4	2	1	170803	092626.70	108.53833351	34.22481752	44.40	0.0850	-0.0490	-1.0570	21.11	NULL	NULL	0
794	4	2	1	170803	092626.80	108.53832603	34.22481566	44.40	0.0580	-0.1000	-1.0340	21.11	NULL	NULL	0
795	4	2	1	170803	092626.90	108.53831831	34.22481345	44.40	0.0550	-0.0460	-0.9780	3.07	NULL	NULL	0
796	4	2	1	170803	092627.00	108.53831053	34.22481094	44.40	-0.0040	-0.0310	-1.0450	3.07	NULL	NULL	0
797	4	2	1	170803	092627.10	108.53830285	34.22480870	44.40	0.0300	0.0190	-0.9400	3.07	NULL	NULL	0
798	4	2	1	170803	092627.20	108.53829514	34.22480651	44.40	-0.0380	0.0020	-0.9950	3.03	NULL	NULL	0
799	4	2	1	170803	092627.30	108.53828741	34.22480420	44.40	-0.0180	0.0830	-0.9280	3.03	NULL	NULL	0
800	4	2	1	170803	092627.40	108.53827979	34.22480207	44.40	-0.0740	-0.0510	-1.0200	3.03	NULL	NULL	0
801	4	2	1	170803	092627.50	108.53827209	34.22479987	44.40	-0.0180	0.0030	-1.0180	3.19	NULL	NULL	0
802	4	2	1	170803	092627.60	108.53826421	34.22479793	44.40	0.0050	-0.0120	-0.9570	3.19	NULL	NULL	0
803	4	2	1	170803	092627.70	108.53825652	34.22479576	44.40	-0.0910	0.0060	-1.0660	3.19	NULL	NULL	0
804	4	2	1	170803	092627.80	108.53824892	34.22479457	44.40	0.0060	0.0670	-0.9580	3.19	NULL	NULL	0
805	4	2	1	170803	092627.90	108.53824126	34.22479248	42.55	0.0270	0.0710	-1.0250	3.89	NULL	NULL	0
806	4	2	1	170803	092628.00	108.53823361	34.22478992	42.55	-0.1210	0.0380	-0.9310	3.89	NULL	NULL	0
807	4	2	1	170803	092628.10	108.53822602	34.22478785	42.55	0.1110	0.0510	-1.0030	3.89	NULL	NULL	0
808	4	2	1	170803	092628.20	108.53821834	34.22478500	42.55	0.0970	-0.0380	-1.0040	6.06	NULL	NULL	0
809	4	2	1	170803	092628.30	108.53821077	34.22478289	42.55	-0.0010	0.1080	-1.0580	6.06	NULL	NULL	0
810	4	2	1	170803	092628.40	108.53820314	34.22478095	42.55	-0.0400	-0.0720	-1.0700	6.06	NULL	NULL	0
811	4	2	1	170803	092628.50	108.53819561	34.22477882	42.55	-0.0000	-0.0310	-0.9260	4.96	NULL	NULL	0
812	4	2	1	170803	092628.60	108.53818805	34.22477491	42.55	0.0320	0.0370	-0.8790	4.96	NULL	NULL	0
813	4	2	1	170803	092628.70	108.53818062	34.22477286	42.55	-0.0450	-0.0580	-0.9940	4.96	NULL	NULL	0
814	4	2	1	170803	092628.80	108.53817314	34.22477009	42.55	-0.0330	0.0250	-1.0750	3.31	NULL	NULL	0
815	4	2	1	170803	092628.90	108.53816574	34.22476799	42.55	0.0110	-0.0020	-0.9960	3.31	NULL	NULL	0
816	4	2	1	170803	092629.00	108.53815829	34.22476599	42.55	-0.0860	-0.1010	-0.9850	2.52	NULL	NULL	0
817	4	2	1	170803	092629.10	108.53815097	34.22476388	42.55	0.0290	0.0090	-1.0090	2.52	NULL	NULL	0
818	4	2	1	170803	092629.20	108.53814376	34.22476215	42.55	-0.0240	-0.0630	-1.0310	2.52	NULL	NULL	0
819	4	2	1	170803	092629.30	108.53813644	34.22476007	42.55	-0.0080	-0.0550	-0.9820	2.52	NULL	NULL	0
820	4	2	1	170803	092629.40	108.53812916	34.22475780	42.55	-0.0050	-0.0540	-1.0340	2.52	NULL	NULL	0
821	4	2	1	170803	092629.50	108.53812189	34.22475566	40.70	0.0160	-0.0690	-1.0080	2.52	NULL	NULL	0
822	4	2	1	170803	092629.60	108.53811494	34.22475536	40.70	0.0340	0.0040	-0.9520	2.52	NULL	NULL	0
823	4	2	1	170803	092629.70	108.53810767	34.22475322	40.70	0.0110	-0.0160	-0.9840	1.77	NULL	NULL	0
824	4	2	1	170803	092629.80	108.53810043	34.22475083	40.70	0.0160	0.0110	-0.9830	1.77	NULL	NULL	0
825	4	2	1	170803	092629.90	108.53809322	34.22474868	40.70	-0.0320	0.0990	-0.9740	1.77	NULL	NULL	0
826	4	2	1	170803	092630.00	108.53808597	34.22474651	40.70	0.0400	-0.0090	-0.9860	1.77	NULL	NULL	0
827	4	2	1	170803	092630.10	108.53807874	34.22474445	40.70	0.0130	0.0670	-1.0080	1.77	NULL	NULL	0
828	4	2	1	170803	092630.20	108.53807135	34.22474131	40.70	-0.0010	0.0040	-0.9960	1.77	NULL	NULL	0
829	4	2	1	170803	092630.30	108.53806408	34.22473926	40.70	-0.0390	0.0450	-1.0890	1.70	NULL	NULL	0
830	4	2	1	170803	092630.40	108.53805676	34.22473686	42.55	0.0540	-0.0440	-1.0680	1.70	NULL	NULL	0
831	4	2	1	170803	092630.50	108.53804943	34.22473481	42.55	0.0410	-0.0230	-1.0130	1.70	NULL	NULL	0
832	4	2	1	170803	092630.60	108.53804192	34.22473219	42.55	0.0900	-0.0180	-0.9770	1.55	NULL	NULL	0
833	4	2	1	170803	092630.70	108.53803451	34.22473013	42.55	0.0530	-0.0270	-0.9840	1.55	NULL	NULL	0
834	4	2	1	170803	092630.80	108.53802698	34.22472761	42.55	0.0460	-0.0880	-0.9810	1.55	NULL	NULL	0
835	4	2	1	170803	092630.90	108.53801948	34.22472553	42.55	0.0290	0.0130	-1.0370	1.41	NULL	NULL	0
836	4	2	1	170803	092631.00	108.53801204	34.22472368	42.55	0.0730	0.0850	-1.0300	1.41	NULL	NULL	0
837	4	2	1	170803	092631.10	108.53800451	34.22472161	42.55	0.0230	-0.0220	-1.0380	1.41	NULL	NULL	0
838	4	2	1	170803	092631.20	108.53799695	34.22471963	42.55	0.1060	0.0100	-1.0140	1.40	NULL	NULL	0
839	4	2	1	170803	092631.30	108.53798932	34.22471752	42.55	0.0570	-0.0630	-0.9910	1.40	NULL	NULL	0
840	4	2	1	170803	092631.40	108.53798167	34.22471502	42.55	0.0520	-0.0030	-0.9770	1.40	NULL	NULL	0
841	4	2	1	170803	092631.50	108.53797404	34.22471296	42.55	0.0660	-0.0300	-0.9520	103.78	NULL	NULL	0
842	4	2	1	170803	092631.60	108.53796695	34.22471244	44.40	0.1110	0.1050	-0.9820	103.78	NULL	NULL	0
843	4	2	1	170803	092631.70	108.53795929	34.22471031	44.40	0.0120	0.0020	-1.1050	103.78	NULL	NULL	0
844	4	2	1	170803	092631.80	108.53795133	34.22470748	44.40	0.0710	-0.0250	-1.0320	103.78	NULL	NULL	0
845	4	2	1	170803	092631.90	108.53794364	34.22470532	44.40	0.0060	0.0270	-1.0030	1.44	NULL	NULL	0
846	4	2	1	170803	092632.00	108.53793552	34.22470250	44.40	0.0580	-0.0070	-0.9850	1.44	NULL	NULL	0
847	4	2	1	170803	092632.10	108.53792784	34.22470034	44.40	0.0330	0.0290	-0.9340	1.44	NULL	NULL	0
848	4	2	1	170803	092632.20	108.53792027	34.22469866	44.40	0.0280	0.0080	-0.9980	1.44	NULL	NULL	0
849	4	2	1	170803	092632.30	108.53791260	34.22469655	44.40	0.0470	0.0230	-1.0160	1.44	NULL	NULL	0
850	4	2	1	170803	092632.40	108.53790624	34.22469814	44.40	-0.0050	0.0030	-1.0260	1.44	NULL	NULL	0
851	4	2	1	170803	092632.50	108.53789858	34.22469603	44.40	0.0400	0.0670	-1.0570	21.91	NULL	NULL	0
852	4	2	1	170803	092632.60	108.53789090	34.22469404	44.40	0.0910	-0.0370	-0.9680	21.91	NULL	NULL	0
853	4	2	1	170803	092632.70	108.53788325	34.22469193	44.40	0.0200	-0.0350	-0.9810	21.91	NULL	NULL	0
854	4	2	1	170803	092632.80	108.53787555	34.22468981	42.55	-0.0640	0.0000	-0.9770	1.48	NULL	NULL	0
855	4	2	1	170803	092632.90	108.53786794	34.22468779	42.55	-0.0890	-0.0230	-0.9570	1.48	NULL	NULL	0
856	4	2	1	170803	092633.00	108.53786023	34.22468591	42.55	0.0180	0.0220	-0.9830	1.60	NULL	NULL	0
857	4	2	1	170803	092633.10	108.53785264	34.22468393	42.55	0.0140	0.0350	-1.0290	1.60	NULL	NULL	0
858	4	2	1	170803	092633.20	108.53784512	34.22468205	42.55	-0.0500	0.0240	-1.0240	1.60	NULL	NULL	0
859	4	2	1	170803	092633.30	108.53783752	34.22468007	42.55	0.0040	0.0730	-1.0120	1.60	NULL	NULL	0
860	4	2	1	170803	092633.40	108.53782990	34.22467853	42.55	-0.0280	-0.0370	-1.0320	1.60	NULL	NULL	0
861	4	2	1	170803	092633.50	108.53782235	34.22467658	42.55	-0.0400	0.0380	-0.9980	1.60	NULL	NULL	0
862	4	2	1	170803	092633.60	108.53781478	34.22467456	42.55	-0.0340	0.0600	-0.9700	1.60	NULL	NULL	0
863	4	2	1	170803	092633.70	108.53780725	34.22467268	42.55	-0.0620	0.0440	-1.0300	4.44	NULL	NULL	0
864	4	2	1	170803	092633.80	108.53779955	34.22467079	42.55	0.0060	0.0160	-0.9650	4.44	NULL	NULL	0
865	4	2	1	170803	092633.90	108.53779210	34.22466885	42.55	-0.0410	-0.0050	-0.9770	4.44	NULL	NULL	0
866	4	2	1	170803	092634.00	108.53778490	34.22466656	42.55	0.0060	-0.0210	-0.9810	4.18	NULL	NULL	0
867	4	2	1	170803	092634.10	108.53777745	34.22466464	42.55	-0.0220	-0.0800	-1.0360	4.18	NULL	NULL	0
868	4	2	1	170803	092634.20	108.53777000	34.22466263	42.55	-0.0100	-0.0250	-1.0310	4.18	NULL	NULL	0
869	4	2	1	170803	092634.30	108.53776262	34.22466067	42.55	-0.0340	-0.0420	-0.9890	2.70	NULL	NULL	0
870	4	2	1	170803	092634.40	108.53775524	34.22465855	42.55	-0.0760	-0.0310	-1.0250	2.70	NULL	NULL	0
871	4	2	1	170803	092634.50	108.53774785	34.22465657	42.55	-0.0170	0.0420	-0.9950	2.70	NULL	NULL	0
872	4	2	1	170803	092634.60	108.53774041	34.22465447	42.55	0.0170	0.0190	-1.0420	2.23	NULL	NULL	0
873	4	2	1	170803	092634.70	108.53773304	34.22465248	42.55	0.0010	-0.0710	-1.0200	2.23	NULL	NULL	0
874	4	2	1	170803	092634.80	108.53772569	34.22465035	42.55	0.0180	0.0230	-0.9760	2.23	NULL	NULL	0
875	4	2	1	170803	092634.90	108.53771829	34.22464834	42.55	0.0590	0.0080	-1.0610	1.85	NULL	NULL	0
876	4	2	1	170803	092635.00	108.53771088	34.22464782	42.55	0.0290	-0.0400	-1.0460	1.85	NULL	NULL	0
877	4	2	1	170803	092635.10	108.53770343	34.22464573	42.55	0.0480	-0.0290	-1.0720	1.85	NULL	NULL	0
878	4	2	1	170803	092635.20	108.53769590	34.22464366	42.55	0.0150	0.1240	-1.0350	1.85	NULL	NULL	0
879	4	2	1	170803	092635.30	108.53768836	34.22464163	42.55	0.0850	0.0170	-0.9920	1.85	NULL	NULL	0
880	4	2	1	170803	092635.40	108.53768064	34.22463991	42.55	0.0200	0.0000	-1.0440	1.85	NULL	NULL	0
881	4	2	1	170803	092635.50	108.53767304	34.22463791	42.55	0.0710	0.0440	-1.0710	20.67	NULL	NULL	0
882	4	2	1	170803	092635.60	108.53766521	34.22463498	42.55	0.1120	0.0500	-1.0240	20.67	NULL	NULL	0
883	4	2	1	170803	092635.70	108.53765755	34.22463296	42.55	0.0380	-0.0040	-0.9150	20.67	NULL	NULL	0
884	4	2	1	170803	092635.80	108.53764978	34.22463203	42.55	-0.0170	0.0270	-0.9470	20.67	NULL	NULL	0
885	4	2	1	170803	092635.90	108.53764212	34.22463000	42.55	0.0020	-0.0190	-1.0110	3.24	NULL	NULL	0
886	4	2	1	170803	092636.00	108.53763481	34.22462732	44.40	0.0570	-0.0580	-1.0080	3.24	NULL	NULL	0
887	4	2	1	170803	092636.10	108.53762711	34.22462536	44.40	-0.0130	-0.0270	-1.0260	3.24	NULL	NULL	0
888	4	2	1	170803	092636.20	108.53761926	34.22462358	42.55	0.0470	-0.0270	-0.9800	3.24	NULL	NULL	0
889	4	2	1	170803	092636.30	108.53761155	34.22462162	44.40	0.0460	-0.0210	-0.9380	3.24	NULL	NULL	0
890	4	2	1	170803	092636.40	108.53760409	34.22461896	44.40	0.0090	0.0590	-0.9980	3.24	NULL	NULL	0
891	4	2	1	170803	092636.50	108.53759638	34.22461697	44.40	0.0200	-0.1340	-0.9540	3.74	NULL	NULL	0
892	4	2	1	170803	092636.60	108.53758866	34.22461457	44.40	0.0780	-0.0310	-0.9470	3.74	NULL	NULL	0
893	4	2	1	170803	092636.70	108.53758095	34.22461259	44.40	-0.0130	-0.0210	-0.9790	3.74	NULL	NULL	0
894	4	2	1	170803	092636.80	108.53757330	34.22461005	44.40	0.0450	-0.0980	-0.9120	3.74	NULL	NULL	0
895	4	2	1	170803	092636.90	108.53756563	34.22460798	44.40	0.0100	-0.0730	-0.9910	3.74	NULL	NULL	0
896	4	2	1	170803	092637.00	108.53755819	34.22460588	42.55	0.0650	-0.0050	-0.9050	491.66	NULL	NULL	0
897	4	2	1	170803	092637.10	108.53755053	34.22460381	42.55	0.0480	-0.0720	-0.9650	2.31	NULL	NULL	0
898	4	2	1	170803	092637.20	108.53754293	34.22460211	42.55	0.0260	-0.0070	-0.9650	2.31	NULL	NULL	0
899	4	2	1	170803	092637.30	108.53753531	34.22460003	42.55	0.0130	-0.0360	-0.9500	2.31	NULL	NULL	0
900	4	2	1	170803	092637.40	108.53752770	34.22459803	42.55	-0.0110	0.0240	-0.9890	2.31	NULL	NULL	0
901	4	2	1	170803	092637.50	108.53752012	34.22459599	42.55	0.0300	0.0180	-0.9730	2.31	NULL	NULL	0
902	4	2	1	170803	092637.60	108.53751254	34.22459375	42.55	0.0360	-0.0310	-0.9650	2.31	NULL	NULL	0
903	4	2	1	170803	092637.70	108.53750495	34.22459174	42.55	-0.0390	0.1180	-0.9910	1.69	NULL	NULL	0
904	4	2	1	170803	092637.80	108.53749739	34.22458940	42.55	-0.0170	0.0990	-1.0250	1.69	NULL	NULL	0
905	4	2	1	170803	092637.90	108.53748982	34.22458740	42.55	0.0250	0.0350	-0.9890	1.69	NULL	NULL	0
906	4	2	1	170803	092638.00	108.53748231	34.22458593	42.55	0.0010	-0.0320	-0.9620	22.02	NULL	NULL	0
907	4	2	1	170803	092638.10	108.53747478	34.22458392	42.55	0.0460	-0.0610	-0.9780	22.02	NULL	NULL	0
908	4	2	1	170803	092638.20	108.53746729	34.22458186	42.55	0.0800	0.0160	-0.9680	22.02	NULL	NULL	0
909	4	2	1	170803	092638.30	108.53745973	34.22457988	42.55	0.0840	0.0020	-0.9680	1.89	NULL	NULL	0
910	4	2	1	170803	092638.40	108.53745220	34.22457819	42.55	-0.0060	0.0070	-1.0480	1.89	NULL	NULL	0
911	4	2	1	170803	092638.50	108.53744468	34.22457619	42.55	0.0340	-0.0490	-0.9680	1.89	NULL	NULL	0
912	4	2	1	170803	092638.60	108.53743722	34.22457504	42.55	0.0210	0.0720	-0.9860	104.33	NULL	NULL	0
913	4	2	1	170803	092638.70	108.53742971	34.22457308	42.55	0.0250	0.0480	-0.9850	104.33	NULL	NULL	0
914	4	2	1	170803	092638.80	108.53742220	34.22457106	42.55	0.0100	0.0870	-0.9810	104.33	NULL	NULL	0
915	4	2	1	170803	092638.90	108.53741472	34.22456917	42.55	-0.0150	0.0390	-1.0020	1.93	NULL	NULL	0
916	4	2	1	170803	092639.00	108.53740650	34.22456502	42.55	0.0090	0.0460	-1.0100	1.93	NULL	NULL	0
917	4	2	1	170803	092639.10	108.53739897	34.22456312	42.55	-0.0870	0.0420	-1.0090	1.93	NULL	NULL	0
918	4	2	1	170803	092639.20	108.53739101	34.22455892	42.55	-0.0430	0.0880	-1.0160	1.93	NULL	NULL	0
919	4	2	1	170803	092639.30	108.53738349	34.22455701	42.55	0.0310	0.0110	-0.9620	1.93	NULL	NULL	0
920	4	2	1	170803	092639.40	108.53737614	34.22455599	42.55	0.0040	0.0320	-1.0050	1.93	NULL	NULL	0
921	4	2	1	170803	092639.50	108.53736863	34.22455411	42.55	-0.0170	-0.0150	-0.9780	102.41	NULL	NULL	0
922	4	2	1	170803	092639.60	108.53736127	34.22455302	42.55	-0.0510	0.0450	-0.9880	102.41	NULL	NULL	0
923	4	2	1	170803	092639.70	108.53735381	34.22455110	42.55	-0.0310	0.0280	-1.0650	102.41	NULL	NULL	0
924	4	2	1	170803	092639.80	108.53734665	34.22455029	42.55	-0.1520	0.0130	-1.0910	102.41	NULL	NULL	0
925	4	2	1	170803	092639.90	108.53733912	34.22454840	42.55	0.0040	0.0130	-0.9550	102.41	NULL	NULL	0
926	4	2	1	170803	092640.00	108.53733191	34.22454760	42.55	-0.0180	-0.0180	-0.9850	102.41	NULL	NULL	0
927	4	2	1	170803	092640.10	108.53732442	34.22454574	42.55	0.0260	-0.0080	-0.8940	102.41	NULL	NULL	0
928	4	2	1	170803	092640.20	108.53731707	34.22454435	42.55	-0.0340	-0.0200	-0.9900	3.67	NULL	NULL	0
929	4	2	1	170803	092640.30	108.53730958	34.22454256	42.55	0.0710	-0.0110	-0.9850	3.67	NULL	NULL	0
930	4	2	1	170803	092640.40	108.53730212	34.22454051	42.55	0.0830	-0.0450	-0.9780	3.67	NULL	NULL	0
931	4	2	1	170803	092640.50	108.53729470	34.22453879	42.55	-0.0020	0.0090	-1.0260	3.58	NULL	NULL	0
932	4	2	1	170803	092640.60	108.53728711	34.22453602	42.55	-0.0260	-0.0050	-1.0190	3.58	NULL	NULL	0
933	4	2	1	170803	092640.70	108.53727962	34.22453420	42.55	0.0780	-0.0240	-0.9700	3.58	NULL	NULL	0
934	4	2	1	170803	092640.80	108.53727216	34.22453265	42.55	0.0160	-0.0560	-0.9750	3.58	NULL	NULL	0
935	4	2	1	170803	092640.90	108.53726467	34.22453078	42.55	0.0380	0.0280	-0.8850	3.58	NULL	NULL	0
936	4	2	1	170803	092641.00	108.53725725	34.22452888	42.55	0.0070	-0.0320	-0.9720	2.91	NULL	NULL	0
937	4	2	1	170803	092641.10	108.53724980	34.22452700	42.55	0.1170	0.0220	-1.0180	2.91	NULL	NULL	0
938	4	2	1	170803	092641.20	108.53724174	34.22452329	42.55	0.0220	0.0040	-1.1050	2.91	NULL	NULL	0
939	4	2	1	170803	092641.30	108.53723424	34.22452144	42.55	0.0990	0.0650	-1.2130	2.91	NULL	NULL	0
940	4	2	1	170803	092641.40	108.53722733	34.22452113	42.55	0.0200	0.0020	-1.1440	2.91	NULL	NULL	0
941	4	2	1	170803	092641.50	108.53721979	34.22451926	42.55	0.0700	-0.0580	-0.9690	2.91	NULL	NULL	0
942	4	2	1	170803	092641.60	108.53721226	34.22451741	42.55	0.2170	0.0040	-1.1790	2.91	NULL	NULL	0
943	4	2	1	170803	092641.70	108.53720456	34.22451553	42.55	0.2370	0.0330	-0.9600	4.97	NULL	NULL	0
944	4	2	1	170803	092641.80	108.53719688	34.22451357	42.55	0.1150	0.0440	-0.2050	4.97	NULL	NULL	0
945	4	2	1	170803	092641.90	108.53718945	34.22451173	42.55	0.3740	0.1160	-0.5820	4.97	NULL	NULL	0
946	4	2	1	170803	092642.00	108.53718148	34.22450860	42.55	-0.0210	-0.0090	-1.0870	4.94	NULL	NULL	0
947	4	2	1	170803	092642.10	108.53717380	34.22450666	42.55	0.3540	0.0440	-1.2700	4.94	NULL	NULL	0
948	4	2	1	170803	092642.20	108.53716575	34.22450391	44.40	0.2130	0.0020	-1.0580	4.94	NULL	NULL	0
949	4	2	1	170803	092642.30	108.53715803	34.22450196	44.40	0.0500	0.0260	-0.8850	4.91	NULL	NULL	0
950	4	2	1	170803	092642.40	108.53715038	34.22450146	44.40	0.0410	0.0480	-0.8610	4.91	NULL	NULL	0
951	4	2	1	170803	092642.50	108.53714264	34.22449957	44.40	-0.0100	-0.0260	-0.8770	4.91	NULL	NULL	0
952	4	2	1	170803	092642.60	108.53713480	34.22449731	44.40	0.0360	0.0310	-0.9890	4.31	NULL	NULL	0
953	4	2	1	170803	092642.70	108.53712703	34.22449536	44.40	0.0900	-0.0680	-1.0820	4.31	NULL	NULL	0
954	4	2	1	170803	092642.80	108.53711998	34.22449577	44.40	0.1740	0.0090	-1.0330	4.31	NULL	NULL	0
955	4	2	1	170803	092642.90	108.53711210	34.22449382	44.40	0.1030	0.0020	-1.0290	3.51	NULL	NULL	0
956	4	2	1	170803	092643.00	108.53710426	34.22449181	44.40	-0.0440	0.0220	-0.9870	3.51	NULL	NULL	0
957	4	2	1	170803	092643.10	108.53709637	34.22448988	44.40	0.0850	0.0380	-0.9630	3.51	NULL	NULL	0
958	4	2	1	170803	092643.20	108.53708843	34.22448654	44.40	-0.0070	0.0650	-0.9650	2.62	NULL	NULL	0
959	4	2	1	170803	092643.30	108.53708059	34.22448458	44.40	0.0560	-0.0040	-0.9860	2.62	NULL	NULL	0
960	4	2	1	170803	092643.40	108.53707276	34.22448273	44.40	0.0540	0.0050	-1.0410	2.62	NULL	NULL	0
961	4	2	1	170803	092643.50	108.53706493	34.22448081	44.40	0.0150	-0.0240	-1.0240	2.23	NULL	NULL	0
962	4	2	1	170803	092643.60	108.53705590	34.22447558	44.40	-0.0210	0.0040	-0.9780	2.23	NULL	NULL	0
963	4	2	1	170803	092643.70	108.53704807	34.22447361	44.40	0.0150	0.0360	-1.0030	2.23	NULL	NULL	0
964	4	2	1	170803	092643.80	108.53704039	34.22447266	44.40	-0.0400	0.0350	-1.0100	2.23	NULL	NULL	0
965	4	2	1	170803	092643.90	108.53703258	34.22447078	44.40	-0.0130	-0.0230	-1.0460	1.98	NULL	NULL	0
966	4	2	1	170803	092644.00	108.53702465	34.22446822	44.40	-0.1160	0.0660	-1.0030	1.98	NULL	NULL	0
967	4	2	1	170803	092644.10	108.53701686	34.22446639	44.40	0.0380	0.0400	-1.1110	1.98	NULL	NULL	0
968	4	2	1	170803	092644.20	108.53700898	34.22446425	44.40	0.1490	-0.0260	-0.9490	1.98	NULL	NULL	0
969	4	2	1	170803	092644.30	108.53700121	34.22446239	44.40	-0.0130	-0.0240	-0.9680	1.98	NULL	NULL	0
970	4	2	1	170803	092644.40	108.53699429	34.22446198	42.55	-0.0880	-0.0230	-0.9040	1.98	NULL	NULL	0
971	4	2	1	170803	092644.50	108.53698667	34.22446012	42.55	-0.0960	-0.0090	-1.0000	1.95	NULL	NULL	0
972	4	2	1	170803	092644.60	108.53697971	34.22445990	42.55	-0.0010	-0.0250	-1.0320	1.95	NULL	NULL	0
973	4	2	1	170803	092644.70	108.53697205	34.22445795	42.55	-0.0700	0.0260	-1.0410	1.95	NULL	NULL	0
974	4	2	1	170803	092644.80	108.53696442	34.22445517	44.40	-0.0160	0.0320	-0.9530	1.95	NULL	NULL	0
975	4	2	1	170803	092644.90	108.53695688	34.22445321	42.55	0.0030	-0.0030	-0.9780	1.95	NULL	NULL	0
976	4	2	1	170803	092645.00	108.53694925	34.22444987	42.55	-0.0540	0.0060	-0.9790	450.56	NULL	NULL	0
977	4	2	1	170803	092645.10	108.53694173	34.22444800	42.55	-0.1080	-0.0190	-0.9560	0.00	NULL	NULL	0
978	4	2	1	170803	092645.20	108.53693457	34.22444704	42.55	-0.0350	0.0120	-1.0280	0.00	NULL	NULL	0
979	4	2	1	170803	092645.30	108.53692707	34.22444519	42.55	-0.0320	-0.0260	-1.1290	0.00	NULL	NULL	0
980	4	2	1	170803	092645.40	108.53691932	34.22444291	42.55	-0.0760	-0.0110	-1.0560	0.00	NULL	NULL	0
981	4	2	1	170803	092645.50	108.53691177	34.22444108	42.55	-0.0560	0.0020	-0.9260	0.00	NULL	NULL	0
982	4	2	1	170803	092645.60	108.53690447	34.22443938	42.55	0.0350	0.0600	-0.9310	0.00	NULL	NULL	0
983	4	2	1	170803	092645.70	108.53689700	34.22443750	42.55	0.1280	-0.0030	-0.9240	1.91	NULL	NULL	0
984	4	2	1	170803	092645.80	108.53689017	34.22443669	42.55	0.1180	-0.0160	-1.0360	1.91	NULL	NULL	0
985	4	2	1	170803	092645.90	108.53688270	34.22443472	42.55	0.0870	0.0190	-1.0410	1.91	NULL	NULL	0
986	4	2	1	170803	092646.00	108.53687469	34.22443201	42.55	0.1010	-0.0190	-1.0830	3.03	NULL	NULL	0
987	4	2	1	170803	092646.10	108.53686713	34.22443015	42.55	-0.0760	0.0000	-0.9670	3.03	NULL	NULL	0
988	4	2	1	170803	092646.20	108.53685908	34.22442851	42.55	-0.0190	-0.0750	-0.9430	3.03	NULL	NULL	0
989	4	2	1	170803	092646.30	108.53685153	34.22442658	42.55	0.0700	0.0430	-1.0100	4.64	NULL	NULL	0
990	4	2	1	170803	092646.40	108.53684331	34.22442322	42.55	0.0970	-0.0160	-1.0280	4.64	NULL	NULL	0
991	4	2	1	170803	092646.50	108.53683573	34.22442121	42.55	0.0420	0.0430	-1.0230	4.64	NULL	NULL	0
992	4	2	1	170803	092646.60	108.53682833	34.22441911	42.55	0.0220	-0.0180	-1.0060	103.36	NULL	NULL	0
993	4	2	1	170803	092646.70	108.53682074	34.22441716	42.55	0.0780	-0.0170	-0.9100	103.36	NULL	NULL	0
994	4	2	1	170803	092646.80	108.53681244	34.22441525	42.55	-0.0120	-0.0230	-0.9900	103.36	NULL	NULL	0
995	4	2	1	170803	092646.90	108.53680485	34.22441329	42.55	-0.0390	-0.0210	-0.9660	5.15	NULL	NULL	0
996	4	2	1	170803	092647.00	108.53679770	34.22441326	42.55	0.0490	-0.0320	-1.0320	5.15	NULL	NULL	0
997	4	2	1	170803	092647.10	108.53679012	34.22441130	42.55	0.0200	-0.0450	-1.0620	5.15	NULL	NULL	0
998	4	2	1	170803	092647.20	108.53678283	34.22440986	42.55	-0.0140	-0.0390	-1.0210	5.15	NULL	NULL	0
999	4	2	1	170803	092647.30	108.53677519	34.22440783	42.55	0.0080	-0.0250	-0.9920	5.15	NULL	NULL	0
1000	4	2	1	170803	092647.40	108.53676712	34.22440547	42.55	-0.0150	-0.0090	-0.9710	5.15	NULL	NULL	0
1001	4	2	1	170803	092647.50	108.53675956	34.22440343	42.55	0.0160	-0.0270	-1.0190	85.35	NULL	NULL	0
1002	4	2	1	170803	092647.60	108.53675224	34.22440267	42.55	-0.0300	-0.0130	-1.0730	85.35	NULL	NULL	0
1003	4	2	1	170803	092647.70	108.53674466	34.22440062	42.55	0.0150	-0.0100	-1.0000	85.35	NULL	NULL	0
1004	4	2	1	170803	092647.80	108.53673727	34.22439881	42.55	0.0290	0.0130	-0.9780	85.35	NULL	NULL	0
1005	4	2	1	170803	092647.90	108.53672970	34.22439674	42.55	-0.0090	-0.0760	-0.9660	85.35	NULL	NULL	0
1006	4	2	1	170803	092648.00	108.53672150	34.22439284	42.55	-0.0140	0.0020	-1.0020	85.35	NULL	NULL	0
1007	4	2	1	170803	092648.10	108.53671402	34.22439079	42.55	-0.0080	0.0760	-0.9900	85.35	NULL	NULL	0
1008	4	2	1	170803	092648.20	108.53670626	34.22438870	42.55	-0.0240	0.0330	-1.0720	2.36	NULL	NULL	0
1009	4	2	1	170803	092648.30	108.53669871	34.22438668	42.55	-0.0720	-0.0020	-1.0210	2.36	NULL	NULL	0
1010	4	2	1	170803	092648.40	108.53669064	34.22438464	42.55	-0.0610	0.0410	-0.9510	2.36	NULL	NULL	0
1011	4	2	1	170803	092648.50	108.53668310	34.22438266	42.55	-0.0840	0.0520	-0.9830	2.92	NULL	NULL	0
1012	4	2	1	170803	092648.60	108.53667681	34.22438005	42.55	-0.0320	0.0390	-1.0010	2.92	NULL	NULL	0
1013	4	2	1	170803	092648.70	108.53666931	34.22437813	42.55	0.0390	0.0260	-1.0520	2.92	NULL	NULL	0
1014	4	2	1	170803	092648.80	108.53666214	34.22437733	42.55	0.0650	0.0500	-0.9320	5.22	NULL	NULL	0
1015	4	2	1	170803	092648.90	108.53665463	34.22437540	42.55	-0.0050	0.0250	-0.9940	5.22	NULL	NULL	0
1016	4	2	1	170803	092649.00	108.53664714	34.22437335	42.55	0.0350	0.0410	-0.9710	6.22	NULL	NULL	0
1017	4	2	1	170803	092649.10	108.53663962	34.22437154	42.55	0.0970	0.0610	-1.0410	6.22	NULL	NULL	0
1018	4	2	1	170803	092649.20	108.53663208	34.22436965	42.55	0.0450	0.0600	-0.9700	6.22	NULL	NULL	0
1019	4	2	1	170803	092649.30	108.53662458	34.22436781	42.55	-0.0200	0.0310	-0.9490	6.22	NULL	NULL	0
1020	4	2	1	170803	092649.40	108.53661714	34.22436596	42.55	0.0550	0.0400	-0.9720	6.22	NULL	NULL	0
1021	4	2	1	170803	092649.50	108.53660969	34.22436415	42.55	0.0310	0.0010	-1.0260	6.22	NULL	NULL	0
1022	4	2	1	170803	092649.60	108.53660216	34.22436249	42.55	-0.0650	0.0280	-1.0510	6.22	NULL	NULL	0
1023	4	2	1	170803	092649.70	108.53659472	34.22436073	42.55	-0.0510	0.0100	-1.0520	4.41	NULL	NULL	0
1024	4	2	1	170803	092649.80	108.53658724	34.22435896	42.55	-0.0580	0.0510	-0.9990	4.41	NULL	NULL	0
1025	4	2	1	170803	092649.90	108.53657979	34.22435722	42.55	-0.0310	0.0610	-0.9420	4.41	NULL	NULL	0
1026	4	2	1	170803	092650.00	108.53657234	34.22435541	42.55	0.0550	0.0280	-0.9640	3.40	NULL	NULL	0
1027	4	2	1	170803	092650.10	108.53656493	34.22435368	40.70	-0.0410	0.0310	-1.0320	3.40	NULL	NULL	0
1028	4	2	1	170803	092650.20	108.53655755	34.22435190	40.70	0.0170	0.0400	-1.0310	3.40	NULL	NULL	0
1029	4	2	1	170803	092650.30	108.53655009	34.22435021	42.55	0.0200	-0.0010	-0.9700	2.34	NULL	NULL	0
1030	4	2	1	170803	092650.40	108.53654263	34.22434885	42.55	0.0320	0.0420	-1.0240	2.34	NULL	NULL	0
1031	4	2	1	170803	092650.50	108.53653517	34.22434714	42.55	0.0470	0.0580	-1.0350	2.34	NULL	NULL	0
1032	4	2	1	170803	092650.60	108.53652771	34.22434511	42.55	0.0740	-0.0030	-0.9820	2.23	NULL	NULL	0
1033	4	2	1	170803	092650.70	108.53652016	34.22434341	42.55	0.0520	-0.0050	-0.9930	2.23	NULL	NULL	0
1034	4	2	1	170803	092650.80	108.53651267	34.22434171	42.55	0.0880	0.0030	-0.9500	2.23	NULL	NULL	0
1035	4	2	1	170803	092650.90	108.53650511	34.22433994	42.55	0.1380	-0.0180	-0.9870	1.93	NULL	NULL	0
1036	4	2	1	170803	092651.00	108.53649754	34.22433818	42.55	-0.0350	-0.0160	-1.0620	1.93	NULL	NULL	0
1037	4	2	1	170803	092651.10	108.53648995	34.22433641	42.55	0.1370	-0.0570	-0.9370	1.93	NULL	NULL	0
1038	4	2	1	170803	092651.20	108.53648237	34.22433463	42.55	0.1070	0.0220	-1.0100	1.85	NULL	NULL	0
1039	4	2	1	170803	092651.30	108.53647472	34.22433283	42.55	0.0910	-0.0170	-0.9600	1.85	NULL	NULL	0
1040	4	2	1	170803	092651.40	108.53646711	34.22433077	42.55	0.0860	0.0740	-0.9670	1.85	NULL	NULL	0
1041	4	2	1	170803	092651.50	108.53645944	34.22432897	42.55	0.0820	-0.0370	-1.0390	2.07	NULL	NULL	0
1042	4	2	1	170803	092651.60	108.53645182	34.22432731	42.55	0.1120	-0.0070	-0.9530	2.07	NULL	NULL	0
1043	4	2	1	170803	092651.70	108.53644407	34.22432549	44.40	0.0710	0.0350	-1.0390	2.07	NULL	NULL	0
1044	4	2	1	170803	092651.80	108.53643632	34.22432416	44.40	0.0140	-0.0190	-1.0260	2.07	NULL	NULL	0
1045	4	2	1	170803	092651.90	108.53642853	34.22432234	44.40	0.0330	-0.0320	-1.0110	1.82	NULL	NULL	0
1046	4	2	1	170803	092652.00	108.53642081	34.22432101	44.40	0.0370	0.0310	-1.0340	1.82	NULL	NULL	0
1047	4	2	1	170803	092652.10	108.53641299	34.22431919	44.40	0.0100	0.0700	-1.0580	1.82	NULL	NULL	0
1048	4	2	1	170803	092652.20	108.53640516	34.22431740	44.40	-0.0230	0.0140	-0.9900	1.82	NULL	NULL	0
1049	4	2	1	170803	092652.30	108.53639736	34.22431562	44.40	0.0280	-0.0310	-0.9410	1.82	NULL	NULL	0
1050	4	2	1	170803	092652.40	108.53638958	34.22431417	44.40	-0.0500	-0.0560	-1.0310	1.82	NULL	NULL	0
1051	4	2	1	170803	092652.50	108.53638178	34.22431232	44.40	-0.0320	0.0050	-1.0840	22.67	NULL	NULL	0
1052	4	2	1	170803	092652.60	108.53637277	34.22430588	44.40	0.0360	-0.0380	-1.0390	22.67	NULL	NULL	0
1053	4	2	1	170803	092652.70	108.53636495	34.22430400	44.40	0.0290	-0.0580	-0.9930	22.67	NULL	NULL	0
1054	4	2	1	170803	092652.80	108.53635721	34.22430195	44.40	0.0380	0.0170	-1.0500	22.67	NULL	NULL	0
1055	4	2	1	170803	092652.90	108.53634943	34.22430005	44.40	0.0230	-0.1190	-0.9900	22.67	NULL	NULL	0
1056	4	2	1	170803	092653.00	108.53634182	34.22429893	44.40	-0.0700	-0.0520	-0.9610	5.41	NULL	NULL	0
1057	4	2	1	170803	092653.10	108.53633413	34.22429694	44.40	0.0630	-0.0560	-0.9830	5.41	NULL	NULL	0
1058	4	2	1	170803	092653.20	108.53632755	34.22429749	42.55	0.0680	-0.0820	-1.0510	5.41	NULL	NULL	0
1059	4	2	1	170803	092653.30	108.53631985	34.22429544	44.40	-0.0080	-0.0130	-1.0180	5.41	NULL	NULL	0
1060	4	2	1	170803	092653.40	108.53631195	34.22429254	42.55	-0.0770	0.0330	-0.9910	5.34	NULL	NULL	0
1061	4	2	1	170803	092653.50	108.53630435	34.22429050	42.55	-0.0090	-0.0450	-1.0250	5.34	NULL	NULL	0
1062	4	2	1	170803	092653.60	108.53629691	34.22428885	42.55	-0.0250	-0.0190	-1.0020	5.34	NULL	NULL	0
1063	4	2	1	170803	092653.70	108.53628934	34.22428680	42.55	-0.0070	0.0120	-0.9570	5.08	NULL	NULL	0
1064	4	2	1	170803	092653.80	108.53628192	34.22428509	42.55	-0.0200	0.0200	-1.0300	5.08	NULL	NULL	0
1065	4	2	1	170803	092653.90	108.53627438	34.22428304	42.55	0.0360	-0.0170	-0.9920	5.08	NULL	NULL	0
1066	4	2	1	170803	092654.00	108.53626685	34.22428096	42.55	-0.0550	-0.0160	-0.9450	4.98	NULL	NULL	0
1067	4	2	1	170803	092654.10	108.53625938	34.22427899	42.55	0.0420	0.0100	-0.9740	4.98	NULL	NULL	0
1068	4	2	1	170803	092654.20	108.53625193	34.22427709	42.55	0.0780	0.0740	-1.0260	4.98	NULL	NULL	0
1069	4	2	1	170803	092654.30	108.53624446	34.22427510	42.55	0.0430	0.0300	-1.0070	3.65	NULL	NULL	0
1070	4	2	1	170803	092654.40	108.53623697	34.22427300	42.55	0.0070	0.0560	-1.0180	3.65	NULL	NULL	0
1071	4	2	1	170803	092654.50	108.53622949	34.22427104	42.55	-0.0460	0.0760	-0.9830	3.65	NULL	NULL	0
1072	4	2	1	170803	092654.60	108.53622205	34.22426904	42.55	0.0080	-0.0130	-0.9320	21.11	NULL	NULL	0
1073	4	2	1	170803	092654.70	108.53621462	34.22426709	42.55	-0.0420	-0.0200	-1.0070	21.11	NULL	NULL	0
1074	4	2	1	170803	092654.80	108.53620715	34.22426530	42.55	-0.0560	-0.0250	-1.0210	21.11	NULL	NULL	0
1075	4	2	1	170803	092654.90	108.53619969	34.22426333	42.55	-0.0180	0.0210	-1.1030	2.42	NULL	NULL	0
1076	4	2	1	170803	092655.00	108.53619222	34.22426147	42.55	-0.0250	0.0050	-1.0670	2.42	NULL	NULL	0
1077	4	2	1	170803	092655.10	108.53618470	34.22425951	42.55	0.0260	-0.0190	-1.0920	2.42	NULL	NULL	0
1078	4	2	1	170803	092655.20	108.53617716	34.22425717	42.55	0.0680	0.0260	-0.9690	2.02	NULL	NULL	0
1079	4	2	1	170803	092655.30	108.53616960	34.22425522	42.55	0.0520	-0.0320	-0.9610	2.02	NULL	NULL	0
1080	4	2	1	170803	092655.40	108.53616207	34.22425323	42.55	0.1230	0.0050	-0.8920	2.02	NULL	NULL	0
1081	4	2	1	170803	092655.50	108.53615454	34.22425126	42.55	0.0700	-0.0110	-0.9890	104.20	NULL	NULL	0
1082	4	2	1	170803	092655.60	108.53614705	34.22424938	42.55	0.0210	-0.0190	-1.0300	104.20	NULL	NULL	0
1083	4	2	1	170803	092655.70	108.53613953	34.22424743	42.55	0.0700	0.0050	-1.0830	104.20	NULL	NULL	0
1084	4	2	1	170803	092655.80	108.53613196	34.22424567	42.55	-0.0430	-0.0420	-1.1860	104.20	NULL	NULL	0
1085	4	2	1	170803	092655.90	108.53612431	34.22424363	42.55	-0.0050	-0.0310	-1.0370	104.20	NULL	NULL	0
1086	4	2	1	170803	092656.00	108.53611673	34.22424176	42.55	0.0460	0.0080	-0.8540	104.20	NULL	NULL	0
1087	4	2	1	170803	092656.10	108.53610914	34.22423977	42.55	0.0180	-0.0120	-0.8020	104.20	NULL	NULL	0
1088	4	2	1	170803	092656.20	108.53610160	34.22423777	42.55	-0.0140	0.0170	-0.9410	1.72	NULL	NULL	0
1089	4	2	1	170803	092656.30	108.53609400	34.22423575	42.55	0.0440	0.0060	-1.0470	1.72	NULL	NULL	0
1090	4	2	1	170803	092656.40	108.53608637	34.22423329	42.55	-0.0830	0.0640	-1.2190	1.72	NULL	NULL	0
1091	4	2	1	170803	092656.50	108.53607877	34.22423129	42.55	-0.0770	0.0340	-1.1460	1.56	NULL	NULL	0
1092	4	2	1	170803	092656.60	108.53607112	34.22422929	42.55	0.0020	0.0200	-1.0590	1.56	NULL	NULL	0
1093	4	2	1	170803	092656.70	108.53606347	34.22422728	42.55	0.0210	0.0120	-0.9720	1.56	NULL	NULL	0
1094	4	2	1	170803	092656.80	108.53605581	34.22422530	42.55	0.0200	-0.0210	-0.9680	1.56	NULL	NULL	0
1095	4	2	1	170803	092656.90	108.53604817	34.22422330	42.55	-0.0070	-0.0180	-0.9570	1.56	NULL	NULL	0
1096	4	2	1	170803	092657.00	108.53604058	34.22422133	42.55	-0.0050	0.0120	-1.0090	2.33	NULL	NULL	0
1097	4	2	1	170803	092657.10	108.53603299	34.22421938	42.55	0.0040	-0.0220	-1.0250	2.33	NULL	NULL	0
1098	4	2	1	170803	092657.20	108.53602539	34.22421741	42.55	-0.0250	0.0230	-1.0530	2.33	NULL	NULL	0
1099	4	2	1	170803	092657.30	108.53601781	34.22421546	42.55	0.0370	-0.0100	-0.9980	2.33	NULL	NULL	0
1100	4	2	1	170803	092657.40	108.53601022	34.22421348	42.55	-0.0530	0.0010	-1.0400	3.18	NULL	NULL	0
1101	4	2	1	170803	092657.50	108.53600265	34.22421156	42.55	0.0450	0.0570	-0.9520	3.18	NULL	NULL	0
1102	4	2	1	170803	092657.60	108.53599507	34.22420963	42.55	0.0910	0.0230	-0.9770	3.18	NULL	NULL	0
1103	4	2	1	170803	092657.70	108.53598750	34.22420769	42.55	0.1120	0.0160	-1.0030	4.32	NULL	NULL	0
1104	4	2	1	170803	092657.80	108.53597987	34.22420575	42.55	0.0660	0.0050	-0.9460	4.32	NULL	NULL	0
1105	4	2	1	170803	092657.90	108.53597232	34.22420382	42.55	-0.0020	0.0000	-0.9130	4.32	NULL	NULL	0
1106	4	2	1	170803	092658.00	108.53596480	34.22420185	42.55	-0.0750	0.0120	-0.9750	4.95	NULL	NULL	0
1107	4	2	1	170803	092658.10	108.53595724	34.22419987	42.55	0.1270	-0.0080	-1.0680	4.95	NULL	NULL	0
1108	4	2	1	170803	092658.20	108.53594959	34.22419824	42.55	0.0840	-0.0120	-1.1200	4.95	NULL	NULL	0
1109	4	2	1	170803	092658.30	108.53594199	34.22419625	42.55	0.1040	-0.0620	-1.0540	4.34	NULL	NULL	0
1110	4	2	1	170803	092658.40	108.53593423	34.22419402	42.55	0.0830	-0.0290	-1.0080	4.34	NULL	NULL	0
1111	4	2	1	170803	092658.50	108.53592660	34.22419206	42.55	-0.0590	0.0430	-0.9900	4.34	NULL	NULL	0
1112	4	2	1	170803	092658.60	108.53591910	34.22419019	42.55	-0.0190	0.0250	-0.9780	22.94	NULL	NULL	0
1113	4	2	1	170803	092658.70	108.53591151	34.22418824	42.55	-0.0250	-0.0200	-1.0180	22.94	NULL	NULL	0
1114	4	2	1	170803	092658.80	108.53590391	34.22418622	42.55	-0.0300	-0.0870	-1.0190	22.94	NULL	NULL	0
1115	4	2	1	170803	092658.90	108.53589626	34.22418422	42.55	-0.1680	-0.0510	-1.0450	2.10	NULL	NULL	0
1116	4	2	1	170803	092659.00	108.53588867	34.22418220	42.55	0.0500	-0.0530	-0.8590	2.10	NULL	NULL	0
1117	4	2	1	170803	092659.10	108.53588108	34.22418023	42.55	-0.0930	0.0610	-0.9750	2.10	NULL	NULL	0
1118	4	2	1	170803	092659.20	108.53587354	34.22417822	42.55	-0.0310	0.0050	-1.0340	2.10	NULL	NULL	0
1119	4	2	1	170803	092659.30	108.53586592	34.22417624	42.55	-0.0200	0.0080	-1.0120	2.10	NULL	NULL	0
1120	4	2	1	170803	092659.40	108.53585830	34.22417424	42.55	-0.0980	0.0500	-0.9800	2.10	NULL	NULL	0
1121	4	2	1	170803	092659.50	108.53585072	34.22417222	42.55	0.0240	-0.0830	-0.9930	103.89	NULL	NULL	0
1122	4	2	1	170803	092659.60	108.53584320	34.22417023	42.55	0.0630	0.0350	-0.9520	103.89	NULL	NULL	0
1123	4	2	1	170803	092659.70	108.53583566	34.22416823	42.55	0.1010	0.0020	-1.0170	103.89	NULL	NULL	0