19659	2	2	1	170801	102834.80	108.53991026	34.22530067	25.90	0.0320	0.0120	-0.9960	2.76	NULL	NULL	0
19660	2	2	1	170801	102834.90	108.53990588	34.22529895	25.90	-0.0060	0.0550	-0.9760	2.76	NULL	NULL	0
19661	2	2	1	170801	102835.00	108.53990150	34.22529728	25.90	0.0010	0.0090	-1.0300	3.39	NULL	NULL	0
19662	2	2	1	170801	102835.10	108.53989712	34.22529557	25.90	-0.0120	-0.0160	-0.9950	3.39	NULL	NULL	0
19663	2	2	1	170801	102835.20	108.53989275	34.22529389	25.90	0.0510	-0.0140	-0.9860	3.39	NULL	NULL	0
19664	2	2	1	170801	102835.30	108.53988839	34.22529222	25.90	-0.0240	0.0500	-0.9980	3.54	NULL	NULL	0
19665	2	2	1	170801	102835.40	108.53988402	34.22529056	25.90	0.1210	0.0460	-0.9760	3.54	NULL	NULL	0
19666	2	2	1	170801	102835.50	108.53987959	34.22528891	25.90	0.0560	0.0540	-1.0420	3.54	NULL	NULL	0
19667	2	2	1	170801	102835.60	108.53987516	34.22528722	25.90	0.0400	-0.0230	-1.0980	3.65	NULL	NULL	0
19668	2	2	1	170801	102835.70	108.53987074	34.22528553	25.90	0.0230	-0.0120	-1.0090	3.65	NULL	NULL	0
19669	2	2	1	170801	102835.80	108.53986626	34.22528379	25.90	0.0720	-0.0580	-1.0070	3.65	NULL	NULL	0
19670	2	2	1	170801	102835.90	108.53986179	34.22528204	25.90	0.0600	-0.0520	-0.9980	3.65	NULL	NULL	0
19671	2	2	1	170801	102836.00	108.53985735	34.22528026	25.90	0.0340	0.0180	-1.0330	3.71	NULL	NULL	0
19672	2	2	1	170801	102836.10	108.53985279	34.22527852	25.90	0.1070	-0.0530	-1.0150	3.71	NULL	NULL	0
19673	2	2	1	170801	102836.20	108.53984824	34.22527681	25.90	0.0410	-0.0510	-0.9810	3.71	NULL	NULL	0
19674	2	2	1	170801	102836.30	108.53984365	34.22527504	27.75	0.0300	-0.0350	-1.0260	3.41	NULL	NULL	0
19675	2	2	1	170801	102836.40	108.53983906	34.22527325	27.75	0.0960	0.0130	-1.0360	3.41	NULL	NULL	0
19676	2	2	1	170801	102836.50	108.53983439	34.22527142	27.75	0.0410	0.0080	-0.9360	3.41	NULL	NULL	0
19677	2	2	1	170801	102836.60	108.53982975	34.22526964	27.75	-0.0150	-0.0570	-0.9570	2.14	NULL	NULL	0
19678	2	2	1	170801	102836.70	108.53982515	34.22526787	27.75	-0.0180	-0.0670	-1.0050	2.14	NULL	NULL	0
19679	2	2	1	170801	102836.80	108.53982053	34.22526602	27.75	0.0510	-0.0730	-0.9880	2.14	NULL	NULL	0
19680	2	2	1	170801	102836.90	108.53981593	34.22526419	27.75	-0.0120	-0.0150	-0.9550	2.09	NULL	NULL	0
19681	2	2	1	170801	102837.00	108.53981123	34.22526242	27.75	0.0240	-0.0570	-1.0210	2.09	NULL	NULL	0
19682	2	2	1	170801	102837.10	108.53980666	34.22526063	27.75	-0.0110	0.0320	-0.9880	2.09	NULL	NULL	0
19683	2	2	1	170801	102837.20	108.53980206	34.22525885	27.75	-0.0190	0.0040	-0.9430	1.96	NULL	NULL	0
19684	2	2	1	170801	102837.30	108.53979752	34.22525709	25.90	0.0080	0.0040	-0.9620	1.96	NULL	NULL	0
19685	2	2	1	170801	102837.40	108.53979297	34.22525535	25.90	-0.0040	0.0260	-1.0250	1.96	NULL	NULL	0
19686	2	2	1	170801	102837.50	108.53978842	34.22525358	25.90	0.0070	-0.0700	-1.0820	2.06	NULL	NULL	0
19687	2	2	1	170801	102837.60	108.53978389	34.22525179	27.75	-0.0100	-0.0150	-1.0380	2.06	NULL	NULL	0
19688	2	2	1	170801	102837.70	108.53977936	34.22525005	25.90	0.0060	-0.0290	-0.9690	2.06	NULL	NULL	0
19689	2	2	1	170801	102837.80	108.53977482	34.22524831	25.90	0.0180	-0.0480	-0.9930	2.14	NULL	NULL	0
19690	2	2	1	170801	102837.90	108.53977028	34.22524659	25.90	0.0190	-0.0170	-0.9730	2.14	NULL	NULL	0
19691	2	2	1	170801	102838.00	108.53976574	34.22524491	25.90	-0.0180	-0.0790	-0.9890	2.14	NULL	NULL	0
19692	2	2	1	170801	102838.10	108.53976125	34.22524317	25.90	0.0190	0.0740	-1.0080	1.97	NULL	NULL	0
19693	2	2	1	170801	102838.20	108.53975668	34.22524145	25.90	0.0910	-0.0410	-1.0350	1.97	NULL	NULL	0
19694	2	2	1	170801	102838.30	108.53975214	34.22523971	25.90	-0.0260	-0.0320	-1.0320	1.97	NULL	NULL	0
19695	2	2	1	170801	102838.40	108.53974756	34.22523801	25.90	-0.0350	0.0120	-0.9580	1.65	NULL	NULL	0
19696	2	2	1	170801	102838.50	108.53974300	34.22523630	25.90	-0.0330	-0.0980	-0.9900	1.65	NULL	NULL	0
19697	2	2	1	170801	102838.60	108.53973841	34.22523454	27.75	-0.0080	-0.0320	-0.9310	1.65	NULL	NULL	0
19698	2	2	1	170801	102838.70	108.53973383	34.22523280	27.75	0.0000	0.0440	-0.9910	1.24	NULL	NULL	0
19699	2	2	1	170801	102838.80	108.53972925	34.22523108	25.90	0.0300	0.0230	-1.0040	1.24	NULL	NULL	0
19700	2	2	1	170801	102838.90	108.53972461	34.22522936	27.75	0.0430	-0.0270	-0.9950	1.24	NULL	NULL	0
19701	2	2	1	170801	102839.00	108.53971997	34.22522763	27.75	0.0030	0.0370	-0.9670	1.30	NULL	NULL	0
19702	2	2	1	170801	102839.10	108.53971538	34.22522590	27.75	0.0270	0.0200	-1.0010	1.30	NULL	NULL	0
19703	2	2	1	170801	102839.20	108.53971073	34.22522421	27.75	-0.0180	-0.0650	-1.0040	1.30	NULL	NULL	0
19704	2	2	1	170801	102839.30	108.53970614	34.22522251	27.75	0.0330	-0.1230	-1.0080	1.33	NULL	NULL	0
19705	2	2	1	170801	102839.40	108.53970152	34.22522075	27.75	0.0020	0.0970	-1.0600	1.33	NULL	NULL	0
19706	2	2	1	170801	102839.50	108.53969695	34.22521908	25.90	0.0260	-0.0900	-1.0040	1.33	NULL	NULL	0
19707	2	2	1	170801	102839.60	108.53969236	34.22521739	25.90	0.0120	-0.0320	-1.0130	1.25	NULL	NULL	0
19708	2	2	1	170801	102839.70	108.53968779	34.22521572	25.90	-0.0300	-0.0610	-1.0130	1.25	NULL	NULL	0
19709	2	2	1	170801	102839.80	108.53968333	34.22521387	25.90	-0.0370	-0.0500	-0.9430	1.25	NULL	NULL	0
19710	2	2	1	170801	102839.90	108.53967880	34.22521222	25.90	-0.0590	0.0050	-0.9580	1.25	NULL	NULL	0
19711	2	2	1	170801	102840.00	108.53967421	34.22521071	25.90	-0.0780	-0.0130	-1.0080	1.26	NULL	NULL	0
19712	2	2	1	170801	102840.10	108.53966970	34.22520906	25.90	-0.0040	-0.0740	-0.9870	1.26	NULL	NULL	0
19713	2	2	1	170801	102840.20	108.53966520	34.22520740	25.90	-0.0200	-0.0160	-1.0020	1.26	NULL	NULL	0
19714	2	2	1	170801	102840.30	108.53966069	34.22520575	25.90	0.0590	-0.0360	-0.9180	1.20	NULL	NULL	0
19715	2	2	1	170801	102840.40	108.53965623	34.22520411	25.90	0.0080	-0.0570	-0.9550	1.20	NULL	NULL	0
19716	2	2	1	170801	102840.50	108.53965178	34.22520248	25.90	0.0530	0.0120	-1.0340	1.20	NULL	NULL	0
19717	2	2	1	170801	102840.60	108.53964731	34.22520084	25.90	0.0550	0.0030	-0.9910	1.31	NULL	NULL	0
19718	2	2	1	170801	102840.70	108.53964288	34.22519922	25.90	0.0680	-0.0160	-1.0070	1.31	NULL	NULL	0
19719	2	2	1	170801	102840.80	108.53963843	34.22519756	25.90	0.0250	-0.0500	-1.0130	1.31	NULL	NULL	0
19720	2	2	1	170801	102840.90	108.53963397	34.22519592	25.90	0.0330	-0.0330	-1.0050	2.61	NULL	NULL	0
19721	2	2	1	170801	102841.00	108.53962954	34.22519422	25.90	0.0120	-0.0420	-0.9780	2.61	NULL	NULL	0
19722	2	2	1	170801	102841.10	108.53962510	34.22519257	25.90	-0.0240	-0.0210	-1.0060	2.61	NULL	NULL	0
19723	2	2	1	170801	102841.20	108.53962070	34.22519063	25.90	-0.0350	0.0090	-1.0110	2.19	NULL	NULL	0
19724	2	2	1	170801	102841.30	108.53961626	34.22518899	25.90	0.0440	0.0050	-0.9700	2.19	NULL	NULL	0
19725	2	2	1	170801	102841.40	108.53961187	34.22518737	25.90	-0.0250	-0.0550	-0.9630	2.19	NULL	NULL	0
19726	2	2	1	170801	102841.50	108.53960745	34.22518574	25.90	0.0290	-0.0040	-0.9750	1.35	NULL	NULL	0
19727	2	2	1	170801	102841.60	108.53960301	34.22518444	25.90	0.0030	-0.0680	-1.0230	1.35	NULL	NULL	0
19728	2	2	1	170801	102841.70	108.53959859	34.22518281	25.90	0.0570	-0.0980	-0.9880	1.35	NULL	NULL	0
19729	2	2	1	170801	102841.80	108.53959414	34.22518121	25.90	-0.0290	0.0230	-1.0140	1.24	NULL	NULL	0
19730	2	2	1	170801	102841.90	108.53958970	34.22517956	25.90	0.0230	-0.1090	-0.9620	1.24	NULL	NULL	0
19731	2	2	1	170801	102842.00	108.53958472	34.22517806	25.90	-0.0110	0.0140	-1.0190	1.24	NULL	NULL	0
19732	2	2	1	170801	102842.10	108.53958029	34.22517641	25.90	0.0870	-0.0360	-0.9820	1.29	NULL	NULL	0
19733	2	2	1	170801	102842.20	108.53957595	34.22517477	25.90	0.0370	-0.0490	-0.9900	1.29	NULL	NULL	0
19734	2	2	1	170801	102842.30	108.53957153	34.22517314	25.90	0.0920	-0.0540	-0.9840	1.29	NULL	NULL	0
19735	2	2	1	170801	102842.40	108.53956735	34.22517145	25.90	0.0190	-0.0040	-0.9970	1.17	NULL	NULL	0
19736	2	2	1	170801	102842.50	108.53956295	34.22516985	25.90	0.0390	-0.0780	-1.0150	1.17	NULL	NULL	0
19737	2	2	1	170801	102842.60	108.53955926	34.22516794	25.90	0.0280	0.0030	-1.0030	1.17	NULL	NULL	0
19738	2	2	1	170801	102842.70	108.53955485	34.22516631	25.90	-0.0060	-0.0220	-0.9990	1.21	NULL	NULL	0
19739	2	2	1	170801	102842.80	108.53955043	34.22516476	25.90	0.0600	-0.0220	-1.0240	1.21	NULL	NULL	0
19740	2	2	1	170801	102842.90	108.53954601	34.22516315	25.90	0.0850	-0.0100	-1.0440	1.21	NULL	NULL	0
19741	2	2	1	170801	102843.00	108.53954159	34.22516153	25.90	-0.0110	-0.0170	-0.9320	1.16	NULL	NULL	0
19742	2	2	1	170801	102843.10	108.53953716	34.22515992	25.90	0.0610	-0.0150	-0.9930	1.16	NULL	NULL	0
19743	2	2	1	170801	102843.20	108.53953308	34.22515859	25.90	0.0620	0.0130	-1.0530	1.16	NULL	NULL	0
19744	2	2	1	170801	102843.30	108.53952862	34.22515701	25.90	-0.0170	-0.0370	-1.0170	1.19	NULL	NULL	0
19745	2	2	1	170801	102843.40	108.53952394	34.22515525	25.90	0.0620	-0.0830	-1.0080	1.19	NULL	NULL	0
19746	2	2	1	170801	102843.50	108.53951943	34.22515364	25.90	0.0060	0.0410	-1.0580	1.19	NULL	NULL	0
19747	2	2	1	170801	102843.60	108.53951485	34.22515234	25.90	0.0410	-0.0670	-1.0260	2.02	NULL	NULL	0
19748	2	2	1	170801	102843.70	108.53951051	34.22515079	25.90	-0.0150	-0.0150	-0.9900	2.02	NULL	NULL	0
19749	2	2	1	170801	102843.80	108.53950648	34.22514869	25.90	0.0250	-0.0060	-1.0250	2.02	NULL	NULL	0
19750	2	2	1	170801	102843.90	108.53950201	34.22514730	25.90	0.0010	0.0260	-0.9600	2.02	NULL	NULL	0
19751	2	2	1	170801	102844.00	108.53949694	34.22514535	25.90	0.0040	-0.0480	-1.0190	2.75	NULL	NULL	0
19752	2	2	1	170801	102844.10	108.53949262	34.22514365	25.90	0.0400	0.0270	-0.9740	2.75	NULL	NULL	0
19753	2	2	1	170801	102844.20	108.53948788	34.22514237	25.90	0.0300	-0.0280	-1.0080	2.75	NULL	NULL	0
19754	2	2	1	170801	102844.30	108.53948344	34.22514070	25.90	0.0260	-0.0480	-0.9450	3.99	NULL	NULL	0
19755	2	2	1	170801	102844.40	108.53948063	34.22513841	25.90	0.0050	-0.0220	-1.0090	3.99	NULL	NULL	0
19756	2	2	1	170801	102844.50	108.53947603	34.22513687	25.90	0.0230	-0.0090	-1.0110	3.99	NULL	NULL	0
19757	2	2	1	170801	102844.60	108.53947189	34.22513997	25.90	0.0750	-0.0310	-0.9800	4.91	NULL	NULL	0
19758	2	2	1	170801	102844.70	108.53946749	34.22513841	25.90	0.0680	-0.0200	-1.0450	4.91	NULL	NULL	0
19759	2	2	1	170801	102844.80	108.53946198	34.22513309	25.90	0.0720	-0.0140	-1.0200	4.91	NULL	NULL	0
19760	2	2	1	170801	102844.90	108.53945740	34.22513149	25.90	0.0370	-0.0080	-0.9560	3.39	NULL	NULL	0
19761	2	2	1	170801	102845.00	108.53945355	34.22513334	25.90	0.0280	-0.0130	-1.0020	3.39	NULL	NULL	0
19762	2	2	1	170801	102845.10	108.53944894	34.22513176	25.90	-0.0000	-0.0590	-0.9440	3.39	NULL	NULL	0
19763	2	2	1	170801	102845.20	108.53944379	34.22513288	25.90	0.0300	-0.1030	-0.9650	2.50	NULL	NULL	0
19764	2	2	1	170801	102845.30	108.53943925	34.22513126	25.90	0.0620	-0.0120	-1.0070	2.50	NULL	NULL	0
19765	2	2	1	170801	102845.40	108.53943472	34.22512530	25.90	-0.0010	0.0190	-1.0660	2.50	NULL	NULL	0
19766	2	2	1	170801	102845.50	108.53943013	34.22512374	25.90	0.0800	0.0410	-1.0620	1.76	NULL	NULL	0
19767	2	2	1	170801	102845.60	108.53942589	34.22512183	25.90	-0.0240	-0.0070	-0.9580	1.76	NULL	NULL	0
19768	2	2	1	170801	102845.70	108.53942128	34.22512024	25.90	0.0300	-0.0390	-0.9100	1.76	NULL	NULL	0
19769	2	2	1	170801	102845.80	108.53941601	34.22511923	25.90	0.0050	-0.0160	-0.9240	1.65	NULL	NULL	0
19770	2	2	1	170801	102845.90	108.53941139	34.22511766	25.90	0.0430	-0.0440	-1.0020	1.65	NULL	NULL	0
19771	2	2	1	170801	102846.00	108.53940660	34.22511726	25.90	-0.0030	0.0150	-1.0670	1.65	NULL	NULL	0
19772	2	2	1	170801	102846.10	108.53940195	34.22511570	25.90	0.0050	0.0150	-1.0070	1.44	NULL	NULL	0
19773	2	2	1	170801	102846.20	108.53939705	34.22511505	25.90	0.0370	-0.0350	-0.9670	1.44	NULL	NULL	0
19774	2	2	1	170801	102846.30	108.53939240	34.22511350	25.90	0.0320	0.0190	-0.9970	1.44	NULL	NULL	0
19775	2	2	1	170801	102846.40	108.53938729	34.22511293	27.75	-0.0020	0.0090	-0.9900	1.35	NULL	NULL	0
19776	2	2	1	170801	102846.50	108.53938261	34.22511139	25.90	0.0060	-0.0320	-0.9620	1.35	NULL	NULL	0
19777	2	2	1	170801	102846.60	108.53937787	34.22510628	27.75	0.0490	0.0460	-1.0310	1.35	NULL	NULL	0
19778	2	2	1	170801	102846.70	108.53937320	34.22510477	25.90	0.0300	-0.0330	-1.0550	1.34	NULL	NULL	0
19779	2	2	1	170801	102846.80	108.53936891	34.22510351	25.90	0.0950	0.0110	-1.0460	1.34	NULL	NULL	0
19780	2	2	1	170801	102846.90	108.53936421	34.22510201	25.90	0.0180	-0.0100	-1.0260	1.34	NULL	NULL	0
19781	2	2	1	170801	102847.00	108.53935974	34.22510066	27.75	0.0440	0.0710	-0.9600	1.48	NULL	NULL	0
19782	2	2	1	170801	102847.10	108.53935506	34.22509920	25.90	0.0420	0.0280	-0.9810	1.48	NULL	NULL	0
19783	2	2	1	170801	102847.20	108.53935015	34.22509627	27.75	0.0670	-0.0030	-0.9590	1.48	NULL	NULL	0
19784	2	2	1	170801	102847.30	108.53934544	34.22509482	25.90	0.0700	0.0080	-0.9940	1.56	NULL	NULL	0
19785	2	2	1	170801	102847.40	108.53933981	34.22509674	27.75	0.1050	0.0310	-1.0020	1.56	NULL	NULL	0
19786	2	2	1	170801	102847.50	108.53933507	34.22509528	27.75	0.0430	0.0060	-1.0450	1.56	NULL	NULL	0
19787	2	2	1	170801	102847.60	108.53933142	34.22509391	27.75	0.0890	-0.0430	-0.9700	1.59	NULL	NULL	0
19788	2	2	1	170801	102847.70	108.53932666	34.22509245	27.75	-0.0370	0.0070	-1.0010	1.59	NULL	NULL	0
19789	2	2	1	170801	102847.80	108.53932132	34.22508752	27.75	0.0240	0.0360	-0.9720	1.59	NULL	NULL	0
19790	2	2	1	170801	102847.90	108.53931653	34.22508608	27.75	0.0200	-0.0140	-1.0120	1.59	NULL	NULL	0
19791	2	2	1	170801	102848.00	108.53931138	34.22508536	27.75	0.0810	-0.0400	-1.0310	1.62	NULL	NULL	0
19792	2	2	1	170801	102848.10	108.53930658	34.22508392	27.75	0.0340	-0.0130	-1.0260	1.62	NULL	NULL	0
19793	2	2	1	170801	102848.20	108.53930208	34.22508181	27.75	-0.0520	0.0170	-1.0220	1.62	NULL	NULL	0
19794	2	2	1	170801	102848.30	108.53929727	34.22508036	27.75	0.0330	-0.0580	-0.9530	1.83	NULL	NULL	0
19795	2	2	1	170801	102848.40	108.53929251	34.22507882	27.75	-0.0650	-0.0370	-0.9850	1.83	NULL	NULL	0
19796	2	2	1	170801	102848.50	108.53928778	34.22507739	27.75	-0.0280	0.0140	-0.9890	1.83	NULL	NULL	0
19797	2	2	1	170801	102848.60	108.53928282	34.22507601	27.75	-0.0260	-0.0220	-0.9600	1.89	NULL	NULL	0
19798	2	2	1	170801	102848.70	108.53927797	34.22507457	27.75	0.0020	0.0620	-0.9840	1.89	NULL	NULL	0
19799	2	2	1	170801	102848.80	108.53927328	34.22507317	27.75	0.0450	-0.0660	-1.0820	1.89	NULL	NULL	0
19800	2	2	1	170801	102848.90	108.53926845	34.22507175	27.75	-0.0110	-0.0840	-0.9710	1.95	NULL	NULL	0
19801	2	2	1	170801	102849.00	108.53926364	34.22507029	27.75	-0.0020	0.0190	-0.9990	1.95	NULL	NULL	0
19802	2	2	1	170801	102849.10	108.53925880	34.22506887	27.75	0.0400	-0.0090	-1.0100	1.95	NULL	NULL	0
19803	2	2	1	170801	102849.20	108.53925398	34.22506742	27.75	-0.0050	-0.0900	-0.9800	1.96	NULL	NULL	0
19804	2	2	1	170801	102849.30	108.53924918	34.22506597	27.75	0.0230	-0.0730	-1.0020	1.96	NULL	NULL	0
19805	2	2	1	170801	102849.40	108.53924438	34.22506451	27.75	-0.0450	0.0070	-0.9940	1.96	NULL	NULL	0
19806	2	2	1	170801	102849.50	108.53923962	34.22506304	27.75	-0.0020	-0.0290	-0.9920	1.97	NULL	NULL	0
19807	2	2	1	170801	102849.60	108.53923487	34.22506158	27.75	0.0410	-0.0860	-0.9130	1.97	NULL	NULL	0
19808	2	2	1	170801	102849.70	108.53923017	34.22506012	25.90	-0.1530	-0.0260	-0.9340	1.97	NULL	NULL	0
19809	2	2	1	170801	102849.80	108.53922545	34.22505864	27.75	-0.0990	-0.0260	-0.9840	1.98	NULL	NULL	0
19810	2	2	1	170801	102849.90	108.53922077	34.22505718	25.90	-0.0890	-0.0510	-1.0050	1.98	NULL	NULL	0
19811	2	2	1	170801	102850.00	108.53921607	34.22505574	25.90	-0.1240	-0.0600	-0.9860	1.98	NULL	NULL	0
19812	2	2	1	170801	102850.10	108.53921140	34.22505428	25.90	-0.0820	-0.0760	-0.9860	2.17	NULL	NULL	0
19813	2	2	1	170801	102850.20	108.53920677	34.22505284	25.90	-0.0080	-0.0460	-0.9330	2.17	NULL	NULL	0
19814	2	2	1	170801	102850.30	108.53920215	34.22505141	25.90	-0.0150	-0.0300	-0.9890	2.17	NULL	NULL	0
19815	2	2	1	170801	102850.40	108.53919755	34.22504999	25.90	0.0030	-0.0770	-0.9770	1.88	NULL	NULL	0
19816	2	2	1	170801	102850.50	108.53919295	34.22504854	25.90	-0.0970	-0.0140	-0.9510	1.88	NULL	NULL	0
19817	2	2	1	170801	102850.60	108.53918837	34.22504714	25.90	-0.0810	-0.0150	-1.0500	1.88	NULL	NULL	0
19818	2	2	1	170801	102850.70	108.53918378	34.22504574	25.90	-0.0110	-0.0430	-1.0010	1.41	NULL	NULL	0
19819	2	2	1	170801	102850.80	108.53917919	34.22504436	25.90	-0.0710	-0.0240	-0.9200	1.41	NULL	NULL	0
19820	2	2	1	170801	102850.90	108.53917464	34.22504297	25.90	0.0410	0.0200	-0.9800	1.41	NULL	NULL	0
19821	2	2	1	170801	102851.00	108.53917008	34.22504160	25.90	-0.0160	-0.0230	-0.9810	1.21	NULL	NULL	0
19822	2	2	1	170801	102851.10	108.53916557	34.22504023	25.90	0.0020	-0.0090	-1.0040	1.21	NULL	NULL	0
19823	2	2	1	170801	102851.20	108.53916101	34.22503888	25.90	0.0430	-0.0130	-1.0120	1.21	NULL	NULL	0
19824	2	2	1	170801	102851.30	108.53915640	34.22503751	25.90	0.0100	0.0220	-1.0360	1.23	NULL	NULL	0
19825	2	2	1	170801	102851.40	108.53915182	34.22503614	25.90	0.0610	0.0160	-1.0310	1.23	NULL	NULL	0
19826	2	2	1	170801	102851.50	108.53914722	34.22503479	25.90	0.0850	-0.0030	-0.9320	1.23	NULL	NULL	0
19827	2	2	1	170801	102851.60	108.53914266	34.22503346	25.90	0.0540	-0.0080	-1.0040	1.13	NULL	NULL	0
19828	2	2	1	170801	102851.70	108.53913803	34.22503209	25.90	0.0530	0.0500	-0.9860	1.13	NULL	NULL	0
19829	2	2	1	170801	102851.80	108.53913349	34.22503077	25.90	0.1190	0.0080	-1.0290	1.13	NULL	NULL	0
19830	2	2	1	170801	102851.90	108.53912886	34.22502943	25.90	0.0480	-0.0130	-1.0800	1.13	NULL	NULL	0
19831	2	2	1	170801	102852.00	108.53912423	34.22502812	25.90	0.0250	-0.0160	-0.9880	1.24	NULL	NULL	0
19832	2	2	1	170801	102852.10	108.53911956	34.22502676	25.90	0.0290	-0.0460	-0.9640	1.24	NULL	NULL	0
19833	2	2	1	170801	102852.20	108.53911487	34.22502568	25.90	0.0490	-0.0270	-0.9800	1.24	NULL	NULL	0
19834	2	2	1	170801	102852.30	108.53911022	34.22502436	25.90	0.0610	0.0280	-0.9830	1.17	NULL	NULL	0
19835	2	2	1	170801	102852.40	108.53910542	34.22502286	25.90	-0.0070	-0.0360	-0.9900	1.17	NULL	NULL	0
19836	2	2	1	170801	102852.50	108.53910078	34.22502150	25.90	-0.0040	-0.0680	-0.9910	1.17	NULL	NULL	0
19837	2	2	1	170801	102852.60	108.53909612	34.22502029	25.90	-0.0080	-0.0200	-1.0410	1.21	NULL	NULL	0
19838	2	2	1	170801	102852.70	108.53909143	34.22501892	25.90	0.0140	-0.0510	-0.9910	1.21	NULL	NULL	0
19839	2	2	1	170801	102852.80	108.53908669	34.22501760	25.90	-0.0350	-0.0250	-1.0370	1.21	NULL	NULL	0
19840	2	2	1	170801	102852.90	108.53908198	34.22501626	25.90	0.0260	-0.0010	-0.9900	2.15	NULL	NULL	0
19841	2	2	1	170801	102853.00	108.53907725	34.22501490	25.90	-0.0010	-0.0460	-0.9350	2.15	NULL	NULL	0
19842	2	2	1	170801	102853.10	108.53907253	34.22501357	25.90	0.0500	-0.0550	-1.0120	2.15	NULL	NULL	0
19843	2	2	1	170801	102853.20	108.53906784	34.22501223	25.90	0.0230	-0.0510	-1.0280	2.35	NULL	NULL	0
19844	2	2	1	170801	102853.30	108.53906311	34.22501092	25.90	0.0290	-0.0260	-1.0190	2.35	NULL	NULL	0
19845	2	2	1	170801	102853.40	108.53905839	34.22500962	25.90	0.0670	0.0010	-1.0000	2.35	NULL	NULL	0
19846	2	2	1	170801	102853.50	108.53905362	34.22500830	25.90	0.0250	0.0010	-1.0480	2.60	NULL	NULL	0
19847	2	2	1	170801	102853.60	108.53904882	34.22500697	27.75	0.0480	0.0160	-0.9580	2.60	NULL	NULL	0
19848	2	2	1	170801	102853.70	108.53904403	34.22500561	27.75	-0.0160	-0.0530	-0.9960	2.60	NULL	NULL	0
19849	2	2	1	170801	102853.80	108.53903923	34.22500428	27.75	0.0250	-0.0760	-0.9720	2.68	NULL	NULL	0
19850	2	2	1	170801	102853.90	108.53903443	34.22500291	27.75	0.0120	-0.0100	-0.9840	2.68	NULL	NULL	0
19851	2	2	1	170801	102854.00	108.53902960	34.22500158	27.75	0.0680	-0.0320	-0.9770	2.68	NULL	NULL	0
19852	2	2	1	170801	102854.10	108.53902475	34.22500024	27.75	-0.0090	0.0280	-0.9810	2.83	NULL	NULL	0
19853	2	2	1	170801	102854.20	108.53901993	34.22499890	27.75	0.0150	-0.0440	-1.0000	2.83	NULL	NULL	0
19854	2	2	1	170801	102854.30	108.53901507	34.22499755	27.75	0.0580	-0.0510	-0.9890	2.83	NULL	NULL	0
19855	2	2	1	170801	102854.40	108.53901022	34.22499620	27.75	0.0080	0.0220	-1.0160	3.04	NULL	NULL	0
19856	2	2	1	170801	102854.50	108.53900539	34.22499487	27.75	0.0280	-0.0060	-1.0460	3.04	NULL	NULL	0
19857	2	2	1	170801	102854.60	108.53900047	34.22499352	27.75	0.0680	0.0160	-0.9820	3.04	NULL	NULL	0
19858	2	2	1	170801	102854.70	108.53899556	34.22499215	27.75	0.0530	-0.0040	-0.9920	2.54	NULL	NULL	0
19859	2	2	1	170801	102854.80	108.53899068	34.22499083	27.75	-0.0400	0.0420	-0.9710	2.54	NULL	NULL	0
19860	2	2	1	170801	102854.90	108.53898574	34.22498950	27.75	0.0440	-0.0270	-1.0510	2.54	NULL	NULL	0
19861	2	2	1	170801	102855.00	108.53898080	34.22498812	27.75	0.0220	0.0550	-0.9440	1.73	NULL	NULL	0
19862	2	2	1	170801	102855.10	108.53897585	34.22498677	27.75	0.0790	-0.0110	-0.9950	1.73	NULL	NULL	0
19863	2	2	1	170801	102855.20	108.53897092	34.22498544	27.75	-0.0310	0.0050	-1.0840	1.73	NULL	NULL	0
19864	2	2	1	170801	102855.30	108.53896596	34.22498409	27.75	0.0250	0.0860	-1.0440	1.57	NULL	NULL	0
19865	2	2	1	170801	102855.40	108.53896103	34.22498274	27.75	-0.0390	0.0340	-1.0330	1.57	NULL	NULL	0
19866	2	2	1	170801	102855.50	108.53895613	34.22498141	27.75	-0.0330	-0.0890	-0.9870	1.57	NULL	NULL	0
19867	2	2	1	170801	102855.60	108.53895125	34.22498006	27.75	0.0560	0.0240	-0.9270	1.69	NULL	NULL	0
19868	2	2	1	170801	102855.70	108.53894640	34.22497872	27.75	-0.0020	0.0340	-1.0490	1.69	NULL	NULL	0
19869	2	2	1	170801	102855.80	108.53894157	34.22497742	27.75	0.0230	0.0220	-1.0100	1.69	NULL	NULL	0
19870	2	2	1	170801	102855.90	108.53893676	34.22497611	27.75	0.0200	-0.0480	-0.9680	1.69	NULL	NULL	0
19871	2	2	1	170801	102856.00	108.53893192	34.22497479	27.75	0.0170	0.0310	-1.0400	2.22	NULL	NULL	0
19872	2	2	1	170801	102856.10	108.53892714	34.22497348	25.90	0.0300	0.0160	-1.0370	2.22	NULL	NULL	0
19873	2	2	1	170801	102856.20	108.53892237	34.22497219	25.90	-0.0620	0.0470	-1.0110	2.22	NULL	NULL	0
19874	2	2	1	170801	102856.30	108.53891767	34.22497091	25.90	-0.0090	-0.0100	-0.9590	2.82	NULL	NULL	0
19875	2	2	1	170801	102856.40	108.53891296	34.22496966	25.90	-0.0040	-0.0330	-0.9590	2.82	NULL	NULL	0
19876	2	2	1	170801	102856.50	108.53890828	34.22496839	25.90	-0.0260	0.0190	-0.9940	2.82	NULL	NULL	0
19877	2	2	1	170801	102856.60	108.53890365	34.22496715	25.90	-0.0190	0.0180	-1.0640	2.98	NULL	NULL	0
19878	2	2	1	170801	102856.70	108.53889902	34.22496589	25.90	-0.0270	-0.0700	-1.0010	2.98	NULL	NULL	0
19879	2	2	1	170801	102856.80	108.53889435	34.22496462	25.90	-0.0860	-0.0410	-0.9820	2.98	NULL	NULL	0
19880	2	2	1	170801	102856.90	108.53888978	34.22496340	25.90	-0.0070	-0.0130	-0.9660	2.42	NULL	NULL	0
19881	2	2	1	170801	102857.00	108.53888519	34.22496213	25.90	-0.0390	0.0420	-0.9500	2.42	NULL	NULL	0
19882	2	2	1	170801	102857.10	108.53888064	34.22496092	25.90	-0.0410	-0.0040	-0.9970	2.42	NULL	NULL	0
19883	2	2	1	170801	102857.20	108.53887616	34.22495968	25.90	0.0280	0.0030	-0.9850	1.79	NULL	NULL	0
19884	2	2	1	170801	102857.30	108.53887166	34.22495847	25.90	0.0340	0.1020	-1.0670	1.79	NULL	NULL	0
19885	2	2	1	170801	102857.40	108.53886718	34.22495728	25.90	0.0780	-0.0080	-1.0210	1.79	NULL	NULL	0
19886	2	2	1	170801	102857.50	108.53886271	34.22495608	24.05	0.0200	-0.0570	-0.9950	1.76	NULL	NULL	0
19887	2	2	1	170801	102857.60	108.53885825	34.22495487	25.90	-0.0460	0.0200	-0.9980	1.76	NULL	NULL	0
19888	2	2	1	170801	102857.70	108.53885379	34.22495364	24.05	-0.0680	-0.0480	-0.9720	1.76	NULL	NULL	0
19889	2	2	1	170801	102857.80	108.53884933	34.22495246	24.05	0.0250	0.0430	-1.0680	1.84	NULL	NULL	0
19890	2	2	1	170801	102857.90	108.53884488	34.22495128	24.05	-0.0170	-0.0340	-0.9610	1.84	NULL	NULL	0
19891	2	2	1	170801	102858.00	108.53884044	34.22495008	24.05	0.0120	0.0000	-0.9460	1.84	NULL	NULL	0
19892	2	2	1	170801	102858.10	108.53883598	34.22494889	24.05	0.0570	0.0250	-0.9570	2.16	NULL	NULL	0
19893	2	2	1	170801	102858.20	108.53883151	34.22494770	24.05	0.0650	-0.0290	-0.9810	2.16	NULL	NULL	0
19894	2	2	1	170801	102858.30	108.53882705	34.22494649	24.05	0.0840	0.0210	-0.9890	2.16	NULL	NULL	0
19895	2	2	1	170801	102858.40	108.53882256	34.22494531	25.90	0.0420	0.0080	-1.0140	3.99	NULL	NULL	0
19896	2	2	1	170801	102858.50	108.53881808	34.22494411	25.90	0.0710	0.1180	-1.0450	3.99	NULL	NULL	0
19897	2	2	1	170801	102858.60	108.53881357	34.22494289	25.90	0.1000	0.0080	-0.9590	3.99	NULL	NULL	0
19898	2	2	1	170801	102858.70	108.53880901	34.22494167	25.90	0.0580	-0.0280	-1.0160	4.13	NULL	NULL	0
19899	2	2	1	170801	102858.80	108.53880444	34.22494046	25.90	0.0780	0.0270	-1.0300	4.13	NULL	NULL	0
19900	2	2	1	170801	102858.90	108.53879983	34.22493924	25.90	0.0630	0.0170	-0.9340	4.13	NULL	NULL	0
19901	2	2	1	170801	102859.00	108.53879519	34.22493799	25.90	0.0530	0.0210	-1.0000	4.06	NULL	NULL	0
19902	2	2	1	170801	102859.10	108.53879053	34.22493676	25.90	0.1330	-0.0030	-1.0350	4.06	NULL	NULL	0
19903	2	2	1	170801	102859.20	108.53878587	34.22493552	25.90	0.1190	-0.0370	-1.0170	4.06	NULL	NULL	0
19904	2	2	1	170801	102859.30	108.53878111	34.22493425	25.90	0.0580	-0.0410	-1.0290	2.73	NULL	NULL	0
19905	2	2	1	170801	102859.40	108.53877634	34.22493298	25.90	0.1020	0.0430	-0.9970	2.73	NULL	NULL	0
19906	2	2	1	170801	102859.50	108.53877151	34.22493171	27.75	0.0680	0.0340	-1.0370	2.73	NULL	NULL	0
19907	2	2	1	170801	102859.60	108.53876662	34.22493041	27.75	0.0420	-0.0110	-1.0070	2.27	NULL	NULL	0
19908	2	2	1	170801	102859.70	108.53876169	34.22492912	27.75	0.0440	-0.0730	-1.0270	2.27	NULL	NULL	0
19909	2	2	1	170801	102859.80	108.53875688	34.22492709	27.75	0.0610	-0.0200	-0.9820	2.27	NULL	NULL	0
19910	2	2	1	170801	102859.90	108.53875185	34.22492580	27.75	-0.0150	0.0080	-0.9730	2.27	NULL	NULL	0
19911	2	2	1	170801	102900.00	108.53874679	34.22492505	27.75	-0.0420	-0.0110	-0.9240	1.93	NULL	NULL	0
19912	2	2	1	170801	102900.10	108.53874177	34.22492375	27.75	0.0230	-0.0160	-0.9670	1.93	NULL	NULL	0
19913	2	2	1	170801	102900.20	108.53873676	34.22492252	27.75	-0.0530	-0.0450	-0.9720	1.93	NULL	NULL	0
19914	2	2	1	170801	102900.30	108.53873175	34.22492127	27.75	0.0080	-0.0100	-0.9850	2.00	NULL	NULL	0
19915	2	2	1	170801	102900.40	108.53872676	34.22492001	27.75	-0.0180	0.0670	-0.9980	2.00	NULL	NULL	0
19916	2	2	1	170801	102900.50	108.53872175	34.22491876	27.75	0.0170	0.0760	-1.0190	2.00	NULL	NULL	0
19917	2	2	1	170801	102900.60	108.53871676	34.22491759	27.75	-0.0540	0.0200	-0.9780	2.37	NULL	NULL	0
19918	2	2	1	170801	102900.70	108.53871175	34.22491637	27.75	0.0400	-0.0430	-0.9310	2.37	NULL	NULL	0
19919	2	2	1	170801	102900.80	108.53870680	34.22491516	27.75	-0.0340	0.0780	-0.9810	2.37	NULL	NULL	0
19920	2	2	1	170801	102900.90	108.53870183	34.22491396	27.75	0.0120	-0.0090	-0.9780	2.61	NULL	NULL	0
19921	2	2	1	170801	102901.00	108.53869692	34.22491277	27.75	0.0660	0.0600	-1.1120	2.61	NULL	NULL	0
19922	2	2	1	170801	102901.10	108.53869201	34.22491155	27.75	-0.0330	-0.0130	-1.0210	2.61	NULL	NULL	0
19923	2	2	1	170801	102901.20	108.53868714	34.22491032	27.75	0.0420	0.0280	-0.9970	2.91	NULL	NULL	0
19924	2	2	1	170801	102901.30	108.53868228	34.22490911	27.75	0.0210	0.0870	-0.9690	2.91	NULL	NULL	0
19925	2	2	1	170801	102901.40	108.53867745	34.22490789	27.75	-0.0110	-0.0290	-1.0360	2.91	NULL	NULL	0
19926	2	2	1	170801	102901.50	108.53867259	34.22490668	27.75	0.0450	0.0190	-1.0200	2.82	NULL	NULL	0
19927	2	2	1	170801	102901.60	108.53866776	34.22490544	27.75	0.0700	0.0160	-1.0560	2.82	NULL	NULL	0
19928	2	2	1	170801	102901.70	108.53866293	34.22490419	27.75	-0.0370	0.0790	-1.0660	2.82	NULL	NULL	0
19929	2	2	1	170801	102901.80	108.53865807	34.22490298	27.75	0.0070	-0.0030	-0.9990	2.13	NULL	NULL	0
19930	2	2	1	170801	102901.90	108.53865331	34.22490172	25.90	-0.0270	-0.0290	-1.0010	2.13	NULL	NULL	0
19931	2	2	1	170801	102902.00	108.53864852	34.22490048	25.90	0.0910	-0.0780	-0.9740	2.13	NULL	NULL	0
19932	2	2	1	170801	102902.10	108.53864370	34.22489925	27.75	-0.0790	0.0140	-1.0350	1.93	NULL	NULL	0
19933	2	2	1	170801	102902.20	108.53863899	34.22489800	25.90	0.0210	0.0110	-1.0230	1.93	NULL	NULL	0
19934	2	2	1	170801	102902.30	108.53863426	34.22489678	25.90	-0.0440	0.0060	-0.9800	1.93	NULL	NULL	0
19935	2	2	1	170801	102902.40	108.53862950	34.22489551	25.90	-0.1310	-0.0640	-0.9770	1.85	NULL	NULL	0
19936	2	2	1	170801	102902.50	108.53862481	34.22489424	25.90	-0.0430	-0.0330	-0.9350	1.85	NULL	NULL	0
19937	2	2	1	170801	102902.60	108.53862012	34.22489300	25.90	-0.0640	0.0220	-0.9830	1.85	NULL	NULL	0
19938	2	2	1	170801	102902.70	108.53861546	34.22489178	25.90	0.0360	0.1410	-1.0000	1.77	NULL	NULL	0
19939	2	2	1	170801	102902.80	108.53861080	34.22489055	25.90	-0.0270	0.0180	-1.0100	1.77	NULL	NULL	0
19940	2	2	1	170801	102902.90	108.53860616	34.22488931	25.90	0.0450	0.0220	-1.0250	1.77	NULL	NULL	0
19941	2	2	1	170801	102903.00	108.53860147	34.22488809	25.90	0.0210	0.0100	-1.0040	1.74	NULL	NULL	0
19942	2	2	1	170801	102903.10	108.53859686	34.22488684	25.90	-0.0330	-0.0140	-1.0360	1.74	NULL	NULL	0
19943	2	2	1	170801	102903.20	108.53859220	34.22488564	25.90	0.0400	0.0390	-0.9810	1.74	NULL	NULL	0
19944	2	2	1	170801	102903.30	108.53858760	34.22488443	25.90	0.0410	0.0370	-1.0380	2.07	NULL	NULL	0
19945	2	2	1	170801	102903.40	108.53858298	34.22488317	25.90	-0.0570	-0.0630	-0.9470	2.07	NULL	NULL	0
19946	2	2	1	170801	102903.50	108.53857841	34.22488196	25.90	0.0130	0.0710	-1.0570	2.07	NULL	NULL	0
19947	2	2	1	170801	102903.60	108.53857384	34.22488073	25.90	0.0410	-0.0450	-1.0190	2.14	NULL	NULL	0
19948	2	2	1	170801	102903.70	108.53856921	34.22487951	25.90	0.0660	0.0070	-1.0920	2.14	NULL	NULL	0
19949	2	2	1	170801	102903.80	108.53856505	34.22487741	25.90	0.0520	0.0650	-1.0900	2.14	NULL	NULL	0
19950	2	2	1	170801	102903.90	108.53856046	34.22487620	25.90	-0.0380	0.0400	-0.9750	2.14	NULL	NULL	0
19951	2	2	1	170801	102904.00	108.53855587	34.22487503	25.90	0.0200	-0.0550	-0.9640	2.10	NULL	NULL	0
19952	2	2	1	170801	102904.10	108.53855131	34.22487383	25.90	-0.0570	0.0260	-0.9180	2.10	NULL	NULL	0
19953	2	2	1	170801	102904.20	108.53854679	34.22487261	25.90	-0.0600	-0.0010	-1.0270	2.10	NULL	NULL	0
19954	2	2	1	170801	102904.30	108.53854224	34.22487143	25.90	0.0030	0.0000	-1.0370	2.10	NULL	NULL	0
19955	2	2	1	170801	102904.40	108.53853770	34.22487026	25.90	0.0180	-0.0370	-0.9860	2.10	NULL	NULL	0
19956	2	2	1	170801	102904.50	108.53853318	34.22486902	25.90	0.0840	0.0470	-1.0340	2.10	NULL	NULL	0
19957	2	2	1	170801	102904.60	108.53852840	34.22486836	25.90	-0.0610	-0.0280	-1.0470	2.17	NULL	NULL	0
19958	2	2	1	170801	102904.70	108.53852384	34.22486719	25.90	-0.1500	-0.1010	-1.0250	2.17	NULL	NULL	0
19959	2	2	1	170801	102904.80	108.53851931	34.22486599	25.90	-0.0740	0.0680	-0.9070	2.17	NULL	NULL	0
19960	2	2	1	170801	102904.90	108.53851480	34.22486484	25.90	0.0160	-0.0520	-0.8600	2.16	NULL	NULL	0
19961	2	2	1	170801	102905.00	108.53851031	34.22486366	25.90	-0.0280	0.0040	-1.0070	2.16	NULL	NULL	0
19962	2	2	1	170801	102905.10	108.53850581	34.22486250	25.90	0.0220	0.0670	-1.0680	2.16	NULL	NULL	0
19963	2	2	1	170801	102905.20	108.53850128	34.22486137	25.90	0.0620	0.0200	-1.0520	2.21	NULL	NULL	0
19964	2	2	1	170801	102905.30	108.53849677	34.22486025	25.90	0.0120	0.0120	-0.9810	2.21	NULL	NULL	0
19965	2	2	1	170801	102905.40	108.53849218	34.22485928	25.90	0.0230	0.1560	-1.0060	2.21	NULL	NULL	0
19966	2	2	1	170801	102905.50	108.53848762	34.22485815	25.90	-0.0420	-0.0080	-0.9940	2.20	NULL	NULL	0
19967	2	2	1	170801	102905.60	108.53848314	34.22485698	25.90	0.0250	-0.0420	-0.8740	2.20	NULL	NULL	0
19968	2	2	1	170801	102905.70	108.53847864	34.22485584	25.90	0.0720	0.0500	-0.8820	2.20	NULL	NULL	0
19969	2	2	1	170801	102905.80	108.53847412	34.22485472	25.90	0.0660	0.0390	-0.9780	2.21	NULL	NULL	0
19970	2	2	1	170801	102905.90	108.53846960	34.22485363	25.90	0.0590	-0.0480	-1.0140	2.21	NULL	NULL	0
19971	2	2	1	170801	102906.00	108.53846507	34.22485258	25.90	0.0550	0.0320	-1.0600	2.21	NULL	NULL	0
19972	2	2	1	170801	102906.10	108.53846054	34.22485146	25.90	0.0850	0.0250	-1.0910	2.21	NULL	NULL	0
19973	2	2	1	170801	102906.20	108.53845597	34.22485033	25.90	0.0230	-0.0100	-0.9920	2.21	NULL	NULL	0
19974	2	2	1	170801	102906.30	108.53845141	34.22484919	25.90	0.0540	-0.0280	-0.9980	2.21	NULL	NULL	0
19975	2	2	1	170801	102906.40	108.53844718	34.22484758	25.90	0.0730	-0.0670	-0.9530	2.23	NULL	NULL	0
19976	2	2	1	170801	102906.50	108.53844260	34.22484638	25.90	0.0190	-0.0050	-0.9670	2.23	NULL	NULL	0
19977	2	2	1	170801	102906.60	108.53843801	34.22484531	25.90	0.0430	0.0500	-1.0480	2.23	NULL	NULL	0
19978	2	2	1	170801	102906.70	108.53843344	34.22484413	25.90	-0.0450	-0.0460	-1.0040	2.23	NULL	NULL	0
19979	2	2	1	170801	102906.80	108.53842883	34.22484299	25.90	0.0260	0.0040	-1.0460	2.23	NULL	NULL	0
19980	2	2	1	170801	102906.90	108.53842425	34.22484176	25.90	0.0120	-0.0050	-1.0180	2.23	NULL	NULL	0
19981	2	2	1	170801	102907.00	108.53841966	34.22484062	25.90	-0.0070	0.0050	-1.0510	2.24	NULL	NULL	0
19982	2	2	1	170801	102907.10	108.53841504	34.22483941	25.90	0.0450	0.0370	-1.0340	2.24	NULL	NULL	0
19983	2	2	1	170801	102907.20	108.53841043	34.22483824	25.90	0.0550	-0.0510	-0.9890	2.24	NULL	NULL	0
19984	2	2	1	170801	102907.30	108.53840575	34.22483704	25.90	0.0640	-0.0610	-1.0520	2.25	NULL	NULL	0
19985	2	2	1	170801	102907.40	108.53840087	34.22483630	25.90	0.0230	0.0080	-0.9850	2.25	NULL	NULL	0
19986	2	2	1	170801	102907.50	108.53839621	34.22483509	25.90	0.0060	-0.0290	-0.9420	2.25	NULL	NULL	0
19987	2	2	1	170801	102907.60	108.53839151	34.22483390	25.90	0.0510	0.0050	-0.9460	2.25	NULL	NULL	0
19988	2	2	1	170801	102907.70	108.53838681	34.22483277	25.90	-0.0140	-0.0090	-0.9520	2.25	NULL	NULL	0
19989	2	2	1	170801	102907.80	108.53838231	34.22483107	25.90	0.0460	0.0130	-1.0780	2.25	NULL	NULL	0
19990	2	2	1	170801	102907.90	108.53837756	34.22482988	25.90	0.0680	-0.0240	-1.0340	2.25	NULL	NULL	0
19991	2	2	1	170801	102908.00	108.53837276	34.22482866	25.90	-0.0040	-0.0320	-1.0410	2.26	NULL	NULL	0
19992	2	2	1	170801	102908.10	108.53836795	34.22482745	25.90	0.0020	0.0330	-0.9750	2.26	NULL	NULL	0
19993	2	2	1	170801	102908.20	108.53836314	34.22482626	25.90	0.0440	-0.0730	-0.9380	2.26	NULL	NULL	0
19994	2	2	1	170801	102908.30	108.53835833	34.22482506	25.90	0.0420	0.1390	-0.9920	1.64	NULL	NULL	0
19995	2	2	1	170801	102908.40	108.53835349	34.22482388	27.75	0.0840	-0.0870	-0.9440	1.64	NULL	NULL	0
19996	2	2	1	170801	102908.50	108.53834864	34.22482266	27.75	0.0790	0.0340	-1.0210	1.64	NULL	NULL	0
19997	2	2	1	170801	102908.60	108.53834339	34.22482219	27.75	0.0660	0.0130	-1.0090	1.71	NULL	NULL	0
19998	2	2	1	170801	102908.70	108.53833853	34.22482095	27.75	0.0660	0.0630	-1.0220	1.71	NULL	NULL	0
19999	2	2	1	170801	102908.80	108.53833375	34.22481920	27.75	0.1580	0.0700	-0.9810	1.71	NULL	NULL	0
20000	2	2	1	170801	102908.90	108.53832881	34.22481800	27.75	0.0760	0.0330	-0.9900	1.71	NULL	NULL	0
20001	2	2	1	170801	102909.00	108.53832344	34.22481559	27.75	0.0230	0.0170	-0.9430	1.71	NULL	NULL	0
20002	2	2	1	170801	102909.10	108.53831852	34.22481443	27.75	0.0790	-0.0520	-0.9380	1.71	NULL	NULL	0
20003	2	2	1	170801	102909.20	108.53831361	34.22481301	27.75	0.0840	0.0740	-1.0340	1.72	NULL	NULL	0
20004	2	2	1	170801	102909.30	108.53830862	34.22481172	27.75	0.0770	-0.0070	-1.0190	1.72	NULL	NULL	0
20005	2	2	1	170801	102909.40	108.53830349	34.22481120	27.75	0.0700	0.0110	-1.0250	1.72	NULL	NULL	0
20006	2	2	1	170801	102909.50	108.53829846	34.22480993	27.75	0.0750	0.0610	-1.0530	1.78	NULL	NULL	0
20007	2	2	1	170801	102909.60	108.53829370	34.22480926	27.75	0.0310	0.0160	-1.0390	1.78	NULL	NULL	0
20008	2	2	1	170801	102909.70	108.53828870	34.22480796	27.75	0.0120	0.0130	-0.9410	1.78	NULL	NULL	0
20009	2	2	1	170801	102909.80	108.53828374	34.22480621	27.75	-0.0060	-0.0370	-0.9500	1.84	NULL	NULL	0
20010	2	2	1	170801	102909.90	108.53827876	34.22480498	27.75	-0.1200	-0.0500	-0.9220	1.84	NULL	NULL	0
20011	2	2	1	170801	102910.00	108.53827395	34.22480377	27.75	0.0170	-0.0290	-0.9910	1.84	NULL	NULL	0
20012	2	2	1	170801	102910.10	108.53826899	34.22480258	27.75	0.0210	-0.0490	-1.0770	1.91	NULL	NULL	0
20013	2	2	1	170801	102910.20	108.53826409	34.22480170	27.75	0.0040	-0.0280	-1.0180	1.91	NULL	NULL	0
20014	2	2	1	170801	102910.30	108.53825922	34.22480050	27.75	-0.0350	-0.0440	-0.9640	1.91	NULL	NULL	0
20015	2	2	1	170801	102910.40	108.53825439	34.22479921	27.75	-0.0540	-0.0460	-1.0020	1.97	NULL	NULL	0
20016	2	2	1	170801	102910.50	108.53824957	34.22479798	27.75	-0.1240	-0.0030	-0.9990	1.97	NULL	NULL	0
20017	2	2	1	170801	102910.60	108.53824478	34.22479679	25.90	-0.1200	-0.0030	-0.9530	1.97	NULL	NULL	0
20018	2	2	1	170801	102910.70	108.53823999	34.22479558	25.90	-0.0220	0.0450	-1.0280	1.98	NULL	NULL	0
20019	2	2	1	170801	102910.80	108.53823531	34.22479421	25.90	-0.0280	0.0030	-0.9950	1.98	NULL	NULL	0
20020	2	2	1	170801	102910.90	108.53823060	34.22479299	25.90	-0.0690	0.0380	-1.0200	1.98	NULL	NULL	0
20021	2	2	1	170801	102911.00	108.53822614	34.22479149	25.90	-0.0510	0.0320	-0.9390	1.97	NULL	NULL	0
20022	2	2	1	170801	102911.10	108.53822149	34.22479034	25.90	0.0640	-0.0740	-0.9420	1.97	NULL	NULL	0
20023	2	2	1	170801	102911.20	108.53821685	34.22478923	25.90	-0.0150	0.0790	-1.0670	1.97	NULL	NULL	0
20024	2	2	1	170801	102911.30	108.53821222	34.22478813	25.90	0.0910	0.0140	-1.0360	1.98	NULL	NULL	0
20025	2	2	1	170801	102911.40	108.53820753	34.22478702	25.90	0.0340	-0.0250	-0.9870	1.98	NULL	NULL	0
20026	2	2	1	170801	102911.50	108.53820295	34.22478586	25.90	0.0030	0.0460	-1.0160	1.98	NULL	NULL	0
20027	2	2	1	170801	102911.60	108.53819765	34.22478431	25.90	-0.0330	0.0050	-0.9570	1.52	NULL	NULL	0
20028	2	2	1	170801	102911.70	108.53819310	34.22478315	25.90	-0.0470	0.0010	-0.9270	1.52	NULL	NULL	0
20029	2	2	1	170801	102911.80	108.53818845	34.22478235	25.90	-0.0210	0.0200	-1.0240	1.52	NULL	NULL	0
20030	2	2	1	170801	102911.90	108.53818390	34.22478117	25.90	-0.0960	-0.0390	-1.0160	1.52	NULL	NULL	0
20031	2	2	1	170801	102912.00	108.53817935	34.22478002	25.90	-0.0980	0.0050	-1.0280	1.28	NULL	NULL	0
20032	2	2	1	170801	102912.10	108.53817480	34.22477888	25.90	-0.0330	-0.0290	-1.0090	1.28	NULL	NULL	0
20033	2	2	1	170801	102912.20	108.53817063	34.22477849	25.90	-0.0160	0.0480	-0.9360	1.28	NULL	NULL	0
20034	2	2	1	170801	102912.30	108.53816610	34.22477737	25.90	0.0310	0.0010	-0.9900	1.14	NULL	NULL	0
20035	2	2	1	170801	102912.40	108.53816141	34.22477587	25.90	0.0650	-0.0040	-1.0120	1.14	NULL	NULL	0
20036	2	2	1	170801	102912.50	108.53815687	34.22477465	25.90	0.0280	0.0050	-1.0380	1.14	NULL	NULL	0
20037	2	2	1	170801	102912.60	108.53815235	34.22477343	25.90	0.0310	0.0300	-0.9550	1.19	NULL	NULL	0
20038	2	2	1	170801	102912.70	108.53814776	34.22477228	25.90	0.0680	0.0080	-0.9880	1.19	NULL	NULL	0
20039	2	2	1	170801	102912.80	108.53814338	34.22477107	25.90	0.0590	-0.0140	-1.0010	1.19	NULL	NULL	0
20040	2	2	1	170801	102912.90	108.53813873	34.22476991	25.90	0.0560	0.0040	-0.9600	1.19	NULL	NULL	0
20041	2	2	1	170801	102913.00	108.53813409	34.22476874	25.90	0.0890	0.0300	-1.0010	1.19	NULL	NULL	0
20042	2	2	1	170801	102913.10	108.53812939	34.22476758	25.90	0.0960	-0.0300	-0.9820	1.19	NULL	NULL	0
20043	2	2	1	170801	102913.20	108.53812456	34.22476660	25.90	0.0780	-0.0060	-1.0210	1.20	NULL	NULL	0
20044	2	2	1	170801	102913.30	108.53811984	34.22476537	25.90	0.0770	0.0070	-1.0050	1.20	NULL	NULL	0
20045	2	2	1	170801	102913.40	108.53811497	34.22476432	25.90	0.0550	-0.0480	-1.0340	1.20	NULL	NULL	0
20046	2	2	1	170801	102913.50	108.53811020	34.22476308	25.90	0.1190	0.0450	-1.0440	1.34	NULL	NULL	0
20047	2	2	1	170801	102913.60	108.53810535	34.22476185	27.75	0.1470	0.0120	-0.9550	1.34	NULL	NULL	0
20048	2	2	1	170801	102913.70	108.53810051	34.22476063	27.75	0.0800	0.0340	-0.9790	1.34	NULL	NULL	0
20049	2	2	1	170801	102913.80	108.53809560	34.22475943	27.75	0.0720	-0.0110	-0.9600	1.69	NULL	NULL	0
20050	2	2	1	170801	102913.90	108.53809074	34.22475822	27.75	0.0240	-0.0290	-1.0080	1.69	NULL	NULL	0
20051	2	2	1	170801	102914.00	108.53808586	34.22475702	27.75	-0.0050	0.0480	-0.9970	1.69	NULL	NULL	0
20052	2	2	1	170801	102914.10	108.53808094	34.22475579	27.75	0.0010	0.0240	-1.0200	1.74	NULL	NULL	0
20053	2	2	1	170801	102914.20	108.53807603	34.22475461	27.75	0.0640	0.0490	-0.9540	1.74	NULL	NULL	0
20054	2	2	1	170801	102914.30	108.53807115	34.22475341	27.75	-0.0250	-0.0300	-0.9470	1.74	NULL	NULL	0
20055	2	2	1	170801	102914.40	108.53806628	34.22475221	27.75	0.0230	0.0150	-1.0090	1.84	NULL	NULL	0
20056	2	2	1	170801	102914.50	108.53806141	34.22475100	27.75	-0.1140	0.0330	-1.0380	1.84	NULL	NULL	0
20057	2	2	1	170801	102914.60	108.53805656	34.22474982	27.75	-0.0650	0.0200	-0.9390	1.84	NULL	NULL	0
20058	2	2	1	170801	102914.70	108.53805174	34.22474860	25.90	-0.0180	-0.0390	-0.9760	1.91	NULL	NULL	0
20059	2	2	1	170801	102914.80	108.53804690	34.22474736	25.90	-0.0580	0.0090	-1.0110	1.91	NULL	NULL	0
20060	2	2	1	170801	102914.90	108.53804210	34.22474613	25.90	-0.0980	0.0080	-0.9540	1.91	NULL	NULL	0
20061	2	2	1	170801	102915.00	108.53803701	34.22474428	25.90	0.0260	-0.0440	-1.0140	1.86	NULL	NULL	0
20062	2	2	1	170801	102915.10	108.53803227	34.22474305	25.90	-0.0290	0.0670	-1.0530	1.86	NULL	NULL	0
20063	2	2	1	170801	102915.20	108.53802753	34.22474184	25.90	0.0210	-0.0000	-0.9750	1.86	NULL	NULL	0
20064	2	2	1	170801	102915.30	108.53802276	34.22474062	25.90	0.1260	0.0240	-1.0520	1.99	NULL	NULL	0
20065	2	2	1	170801	102915.40	108.53801829	34.22473991	25.90	0.0050	-0.0090	-1.0240	1.99	NULL	NULL	0
20066	2	2	1	170801	102915.50	108.53801354	34.22473870	25.90	-0.0110	-0.0430	-1.0130	1.99	NULL	NULL	0
20067	2	2	1	170801	102915.60	108.53800889	34.22473761	25.90	0.0280	0.0570	-0.9980	1.99	NULL	NULL	0
20068	2	2	1	170801	102915.70	108.53800416	34.22473639	25.90	-0.0320	0.0170	-0.9500	1.99	NULL	NULL	0
20069	2	2	1	170801	102915.80	108.53799945	34.22473518	25.90	-0.0290	-0.0670	-1.0230	1.99	NULL	NULL	0
20070	2	2	1	170801	102915.90	108.53799474	34.22473400	25.90	-0.0290	-0.0030	-1.0660	1.99	NULL	NULL	0
20071	2	2	1	170801	102916.00	108.53799003	34.22473280	25.90	-0.0330	0.0040	-0.9510	2.12	NULL	NULL	0
20072	2	2	1	170801	102916.10	108.53798529	34.22473158	25.90	0.0090	-0.0120	-0.9650	2.12	NULL	NULL	0
20073	2	2	1	170801	102916.20	108.53798055	34.22473039	25.90	-0.0330	0.0230	-0.9710	2.12	NULL	NULL	0
20074	2	2	1	170801	102916.30	108.53797585	34.22472920	25.90	-0.0340	0.0170	-0.9350	2.18	NULL	NULL	0
20075	2	2	1	170801	102916.40	108.53797115	34.22472806	25.90	-0.0070	-0.0290	-0.9770	2.18	NULL	NULL	0
20076	2	2	1	170801	102916.50	108.53796644	34.22472690	25.90	-0.0230	0.0130	-0.9760	2.18	NULL	NULL	0
20077	2	2	1	170801	102916.60	108.53796174	34.22472571	25.90	-0.0530	0.0220	-1.0830	2.14	NULL	NULL	0
20078	2	2	1	170801	102916.70	108.53795703	34.22472454	25.90	0.0500	0.0500	-1.0230	2.14	NULL	NULL	0
20079	2	2	1	170801	102916.80	108.53795227	34.22472338	25.90	-0.0230	-0.0700	-0.9790	2.14	NULL	NULL	0
20080	2	2	1	170801	102916.90	108.53794753	34.22472223	25.90	0.0060	0.0420	-1.0550	2.10	NULL	NULL	0
20081	2	2	1	170801	102917.00	108.53794280	34.22472105	25.90	0.0070	0.0560	-0.9980	2.10	NULL	NULL	0
20082	2	2	1	170801	102917.10	108.53793802	34.22471983	25.90	0.0000	-0.0440	-0.9810	2.10	NULL	NULL	0
20083	2	2	1	170801	102917.20	108.53793330	34.22471866	25.90	-0.0100	-0.0080	-1.0250	2.11	NULL	NULL	0
20084	2	2	1	170801	102917.30	108.53792856	34.22471748	25.90	0.0370	0.0110	-1.0190	2.11	NULL	NULL	0
20085	2	2	1	170801	102917.40	108.53792380	34.22471627	25.90	0.0160	0.0410	-0.9660	2.11	NULL	NULL	0
20086	2	2	1	170801	102917.50	108.53791904	34.22471509	25.90	0.0570	0.0110	-1.0030	2.12	NULL	NULL	0
20087	2	2	1	170801	102917.60	108.53791427	34.22471387	25.90	0.0380	-0.0130	-1.0260	2.12	NULL	NULL	0
20088	2	2	1	170801	102917.70	108.53790949	34.22471268	25.90	-0.0310	0.0300	-1.0200	2.12	NULL	NULL	0
20089	2	2	1	170801	102917.80	108.53790471	34.22471150	25.90	0.0350	0.0150	-1.0130	1.65	NULL	NULL	0
20090	2	2	1	170801	102917.90	108.53789995	34.22471030	25.90	-0.0190	0.0220	-0.9680	1.65	NULL	NULL	0
20091	2	2	1	170801	102918.00	108.53789517	34.22470910	25.90	0.0190	-0.0210	-0.9700	1.65	NULL	NULL	0
20092	2	2	1	170801	102918.10	108.53789039	34.22470787	25.90	-0.0150	0.0160	-0.9950	1.35	NULL	NULL	0
20093	2	2	1	170801	102918.20	108.53788563	34.22470670	25.90	-0.0140	-0.0340	-0.9800	1.35	NULL	NULL	0
20094	2	2	1	170801	102918.30	108.53788087	34.22470549	25.90	0.0540	-0.0390	-0.9380	1.35	NULL	NULL	0
20095	2	2	1	170801	102918.40	108.53787611	34.22470427	25.90	0.0650	-0.0070	-0.9900	1.15	NULL	NULL	0
20096	2	2	1	170801	102918.50	108.53787131	34.22470305	25.90	0.1030	0.0680	-1.0830	1.15	NULL	NULL	0
20097	2	2	1	170801	102918.60	108.53786685	34.22470104	27.75	0.0420	0.0740	-1.0680	1.15	NULL	NULL	0
20098	2	2	1	170801	102918.70	108.53786202	34.22469984	27.75	0.0510	-0.0010	-1.0110	1.20	NULL	NULL	0
20099	2	2	1	170801	102918.80	108.53785716	34.22469869	27.75	0.0500	-0.0510	-0.8770	1.20	NULL	NULL	0
20100	2	2	1	170801	102918.90	108.53785231	34.22469747	27.75	0.1210	0.0580	-0.9280	1.20	NULL	NULL	0
20101	2	2	1	170801	102919.00	108.53784745	34.22469630	27.75	0.0710	-0.0010	-1.0310	1.19	NULL	NULL	0
20102	2	2	1	170801	102919.10	108.53784256	34.22469507	27.75	0.1040	0.0160	-1.0980	1.19	NULL	NULL	0
20103	2	2	1	170801	102919.20	108.53783726	34.22469462	27.75	0.1140	0.0060	-1.0480	1.19	NULL	NULL	0
20104	2	2	1	170801	102919.30	108.53783229	34.22469341	27.75	0.0230	-0.0030	-1.0070	1.23	NULL	NULL	0
20105	2	2	1	170801	102919.40	108.53782733	34.22469209	27.75	-0.0080	0.0020	-0.8750	1.23	NULL	NULL	0
20106	2	2	1	170801	102919.50	108.53782236	34.22469088	27.75	0.0160	-0.0770	-0.8250	1.23	NULL	NULL	0
20107	2	2	1	170801	102919.60	108.53781731	34.22468966	27.75	0.0340	0.0040	-0.9070	0.00	NULL	NULL	0
20108	2	2	1	170801	102919.70	108.53781233	34.22468845	27.75	0.0450	0.0040	-0.9800	0.00	NULL	NULL	0
20109	2	2	1	170801	102919.80	108.53780728	34.22468725	27.75	0.1170	0.0360	-1.0570	0.00	NULL	NULL	0
20110	2	2	1	170801	102919.90	108.53780220	34.22468600	27.75	0.0260	0.0130	-1.0150	0.00	NULL	NULL	0
20111	2	2	1	170801	102920.00	108.53779707	34.22468474	27.75	-0.0240	-0.0090	-1.0280	1.34	NULL	NULL	0
20112	2	2	1	170801	102920.10	108.53779199	34.22468348	27.75	-0.0540	0.0650	-0.9870	1.34	NULL	NULL	0
20113	2	2	1	170801	102920.20	108.53778692	34.22468220	27.75	-0.0300	-0.0450	-0.9360	1.34	NULL	NULL	0
20114	2	2	1	170801	102920.30	108.53778187	34.22468089	27.75	0.0180	0.0410	-0.9900	1.34	NULL	NULL	0
20115	2	2	1	170801	102920.40	108.53777684	34.22467958	27.75	-0.0100	-0.0050	-1.1140	1.34	NULL	NULL	0
20116	2	2	1	170801	102920.50	108.53777183	34.22467826	27.75	-0.0380	-0.0630	-1.0660	1.34	NULL	NULL	0
20117	2	2	1	170801	102920.60	108.53776682	34.22467694	27.75	-0.1000	-0.0510	-0.9180	1.57	NULL	NULL	0
20118	2	2	1	170801	102920.70	108.53776185	34.22467562	27.75	-0.0430	0.0040	-0.9470	1.57	NULL	NULL	0
20119	2	2	1	170801	102920.80	108.53775693	34.22467430	27.75	-0.1330	0.0270	-0.9600	1.57	NULL	NULL	0
20120	2	2	1	170801	102920.90	108.53775207	34.22467297	27.75	-0.0380	-0.0200	-0.9320	1.83	NULL	NULL	0
20121	2	2	1	170801	102921.00	108.53774730	34.22467162	27.75	0.0380	0.0330	-0.9580	1.83	NULL	NULL	0
20122	2	2	1	170801	102921.10	108.53774257	34.22467030	25.90	-0.0350	-0.0300	-1.0200	1.83	NULL	NULL	0
20123	2	2	1	170801	102921.20	108.53773786	34.22466898	25.90	0.0200	-0.0190	-1.0340	1.96	NULL	NULL	0
20124	2	2	1	170801	102921.30	108.53773319	34.22466760	25.90	-0.0540	-0.0340	-0.9770	1.96	NULL	NULL	0
20125	2	2	1	170801	102921.40	108.53772862	34.22466616	25.90	-0.0190	-0.0610	-0.9970	1.96	NULL	NULL	0
20126	2	2	1	170801	102921.50	108.53772396	34.22466483	25.90	-0.1100	0.0580	-0.9770	3.49	NULL	NULL	0
20127	2	2	1	170801	102921.60	108.53771936	34.22466353	25.90	-0.0790	-0.0400	-0.9470	3.49	NULL	NULL	0
20128	2	2	1	170801	102921.70	108.53771483	34.22466219	25.90	-0.0120	-0.0030	-0.9830	3.49	NULL	NULL	0
20129	2	2	1	170801	102921.80	108.53771039	34.22466055	25.90	-0.0580	0.0440	-1.0140	3.88	NULL	NULL	0
20130	2	2	1	170801	102921.90	108.53770589	34.22465922	25.90	0.0260	-0.0800	-1.0150	3.88	NULL	NULL	0
20131	2	2	1	170801	102922.00	108.53770145	34.22465779	25.90	-0.0380	-0.0140	-1.0460	3.88	NULL	NULL	0
20132	2	2	1	170801	102922.10	108.53769697	34.22465644	25.90	0.0030	0.0100	-0.9890	3.97	NULL	NULL	0
20133	2	2	1	170801	102922.20	108.53769241	34.22465541	25.90	0.0830	0.0450	-0.9560	3.97	NULL	NULL	0
20134	2	2	1	170801	102922.30	108.53768799	34.22465411	24.05	0.0570	-0.0070	-0.9610	3.97	NULL	NULL	0
20135	2	2	1	170801	102922.40	108.53768358	34.22465280	24.05	0.0210	-0.0260	-1.0130	3.44	NULL	NULL	0
20136	2	2	1	170801	102922.50	108.53767920	34.22465146	24.05	-0.0150	-0.0010	-1.0660	3.44	NULL	NULL	0
20137	2	2	1	170801	102922.60	108.53767484	34.22465011	24.05	0.0480	0.0390	-1.0250	3.44	NULL	NULL	0
20138	2	2	1	170801	102922.70	108.53767049	34.22464876	24.05	0.0230	-0.0170	-1.0170	2.29	NULL	NULL	0
20139	2	2	1	170801	102922.80	108.53766612	34.22464745	24.05	-0.0430	0.0190	-1.0120	2.29	NULL	NULL	0
20140	2	2	1	170801	102922.90	108.53766179	34.22464608	24.05	-0.0060	-0.0080	-1.0110	2.29	NULL	NULL	0
20141	2	2	1	170801	102923.00	108.53765746	34.22464472	24.05	0.0600	0.0260	-0.9330	1.80	NULL	NULL	0
20142	2	2	1	170801	102923.10	108.53765307	34.22464337	24.05	0.0940	0.0360	-1.0370	1.80	NULL	NULL	0
20143	2	2	1	170801	102923.20	108.53764871	34.22464193	25.90	0.0620	0.0190	-1.0640	1.80	NULL	NULL	0
20144	2	2	1	170801	102923.30	108.53764433	34.22464055	24.05	0.1210	0.0030	-1.0000	1.50	NULL	NULL	0
20145	2	2	1	170801	102923.40	108.53763985	34.22463931	25.90	0.0150	0.0470	-1.0080	1.50	NULL	NULL	0
20146	2	2	1	170801	102923.50	108.53763541	34.22463796	25.90	-0.0300	-0.0200	-0.9530	1.50	NULL	NULL	0
20147	2	2	1	170801	102923.60	108.53763097	34.22463660	25.90	0.0350	0.0130	-1.0000	1.30	NULL	NULL	0
20148	2	2	1	170801	102923.70	108.53762653	34.22463523	25.90	-0.0010	0.0590	-1.0300	1.30	NULL	NULL	0
20149	2	2	1	170801	102923.80	108.53762205	34.22463383	25.90	-0.0060	0.0070	-1.0000	1.30	NULL	NULL	0
20150	2	2	1	170801	102923.90	108.53761756	34.22463245	25.90	0.0310	0.0290	-1.0210	1.30	NULL	NULL	0
20151	2	2	1	170801	102924.00	108.53761304	34.22463106	25.90	-0.0080	-0.0120	-0.9710	1.35	NULL	NULL	0
20152	2	2	1	170801	102924.10	108.53760854	34.22462969	25.90	0.0630	-0.0280	-0.9500	1.35	NULL	NULL	0
20153	2	2	1	170801	102924.20	108.53760395	34.22462829	25.90	0.0470	0.0470	-1.0490	1.35	NULL	NULL	0
20154	2	2	1	170801	102924.30	108.53759941	34.22462687	25.90	0.0590	0.0480	-0.9980	1.21	NULL	NULL	0
20155	2	2	1	170801	102924.40	108.53759484	34.22462548	25.90	0.0260	-0.0310	-0.9810	1.21	NULL	NULL	0
20156	2	2	1	170801	102924.50	108.53759023	34.22462406	25.90	0.0610	0.0330	-1.0200	1.21	NULL	NULL	0
20157	2	2	1	170801	102924.60	108.53758560	34.22462261	25.90	0.0460	0.0340	-0.9620	1.38	NULL	NULL	0
20158	2	2	1	170801	102924.70	108.53758097	34.22462116	25.90	0.0960	-0.0010	-1.0160	1.38	NULL	NULL	0
20159	2	2	1	170801	102924.80	108.53757629	34.22461976	25.90	0.0540	-0.0220	-1.0130	1.38	NULL	NULL	0
20160	2	2	1	170801	102924.90	108.53757162	34.22461832	25.90	0.0250	-0.0020	-0.9770	1.54	NULL	NULL	0
20161	2	2	1	170801	102925.00	108.53756694	34.22461687	25.90	0.0590	0.0220	-0.9930	1.54	NULL	NULL	0
20162	2	2	1	170801	102925.10	108.53756224	34.22461538	25.90	0.0950	0.0260	-1.0150	1.54	NULL	NULL	0
20163	2	2	1	170801	102925.20	108.53755751	34.22461391	27.75	0.0470	0.0060	-0.9810	1.63	NULL	NULL	0
20164	2	2	1	170801	102925.30	108.53755277	34.22461244	27.75	0.0730	0.0060	-1.0260	1.63	NULL	NULL	0
20165	2	2	1	170801	102925.40	108.53754800	34.22461096	27.75	0.0560	0.0790	-1.0310	1.63	NULL	NULL	0
20166	2	2	1	170801	102925.50	108.53754321	34.22460945	27.75	0.0420	-0.0470	-0.9530	1.73	NULL	NULL	0
20167	2	2	1	170801	102925.60	108.53753839	34.22460797	27.75	-0.0050	-0.0330	-1.0050	1.73	NULL	NULL	0
20168	2	2	1	170801	102925.70	108.53753360	34.22460643	27.75	0.0030	-0.0400	-1.0030	1.73	NULL	NULL	0
20169	2	2	1	170801	102925.80	108.53752876	34.22460493	27.75	0.0320	-0.0100	-0.9960	1.78	NULL	NULL	0
20170	2	2	1	170801	102925.90	108.53752397	34.22460339	27.75	0.0040	0.0030	-0.9440	1.78	NULL	NULL	0
20171	2	2	1	170801	102926.00	108.53751917	34.22460188	27.75	0.0110	0.0180	-1.0270	1.78	NULL	NULL	0
20172	2	2	1	170801	102926.10	108.53751434	34.22460037	27.75	-0.0060	-0.0080	-0.9830	1.83	NULL	NULL	0
20173	2	2	1	170801	102926.20	108.53750955	34.22459883	27.75	0.0090	0.0050	-1.0130	1.83	NULL	NULL	0
20174	2	2	1	170801	102926.30	108.53750475	34.22459728	27.75	0.0260	-0.0200	-0.9910	1.83	NULL	NULL	0
20175	2	2	1	170801	102926.40	108.53749999	34.22459578	27.75	-0.0020	-0.0470	-1.0000	1.87	NULL	NULL	0
20176	2	2	1	170801	102926.50	108.53749524	34.22459423	27.75	-0.0410	0.0410	-1.0000	1.87	NULL	NULL	0
20177	2	2	1	170801	102926.60	108.53749050	34.22459274	27.75	-0.0220	-0.0390	-1.0280	1.87	NULL	NULL	0
20178	2	2	1	170801	102926.70	108.53748580	34.22459120	27.75	-0.1420	0.0090	-0.9860	1.91	NULL	NULL	0
20179	2	2	1	170801	102926.80	108.53748117	34.22458963	25.90	-0.0880	-0.0090	-0.9820	1.91	NULL	NULL	0
20180	2	2	1	170801	102926.90	108.53747653	34.22458809	25.90	-0.0160	0.0440	-1.0000	1.91	NULL	NULL	0
20181	2	2	1	170801	102927.00	108.53747189	34.22458658	25.90	-0.0190	0.0560	-1.0030	1.86	NULL	NULL	0
20182	2	2	1	170801	102927.10	108.53746725	34.22458508	25.90	-0.0010	-0.0270	-1.0680	1.86	NULL	NULL	0
20183	2	2	1	170801	102927.20	108.53746262	34.22458360	25.90	0.0950	0.0350	-0.9480	1.86	NULL	NULL	0
20184	2	2	1	170801	102927.30	108.53745802	34.22458212	25.90	0.1390	0.1190	-0.9710	1.86	NULL	NULL	0
20185	2	2	1	170801	102927.40	108.53745345	34.22458039	25.90	0.0600	0.0380	-1.0780	1.86	NULL	NULL	0
20186	2	2	1	170801	102927.50	108.53744885	34.22457897	25.90	0.0080	-0.0130	-0.9530	1.86	NULL	NULL	0
20187	2	2	1	170801	102927.60	108.53744426	34.22457749	25.90	0.0390	0.0090	-0.9540	1.89	NULL	NULL	0
20188	2	2	1	170801	102927.70	108.53743971	34.22457601	25.90	0.0190	0.0810	-0.9870	1.89	NULL	NULL	0
20189	2	2	1	170801	102927.80	108.53743514	34.22457456	25.90	-0.0790	0.0260	-0.9510	1.89	NULL	NULL	0
20190	2	2	1	170801	102927.90	108.53743056	34.22457315	25.90	-0.0010	-0.0060	-0.9300	1.89	NULL	NULL	0
20191	2	2	1	170801	102928.00	108.53742594	34.22457192	25.90	0.0360	0.0020	-1.0200	1.94	NULL	NULL	0
20192	2	2	1	170801	102928.10	108.53742135	34.22457047	25.90	0.0710	0.0360	-1.0190	1.94	NULL	NULL	0
20193	2	2	1	170801	102928.20	108.53741674	34.22456901	25.90	0.0670	0.0830	-0.9750	1.94	NULL	NULL	0
20194	2	2	1	170801	102928.30	108.53741211	34.22456764	25.90	0.0320	-0.0200	-1.0180	2.01	NULL	NULL	0
20195	2	2	1	170801	102928.40	108.53740743	34.22456624	25.90	0.0550	0.0230	-1.0130	2.01	NULL	NULL	0
20196	2	2	1	170801	102928.50	108.53740277	34.22456482	25.90	0.1140	0.0340	-1.0480	2.01	NULL	NULL	0
20197	2	2	1	170801	102928.60	108.53739804	34.22456340	25.90	0.1010	0.0410	-1.0120	2.26	NULL	NULL	0
20198	2	2	1	170801	102928.70	108.53739328	34.22456201	27.75	0.0510	0.0270	-0.9950	2.26	NULL	NULL	0
20199	2	2	1	170801	102928.80	108.53738851	34.22456056	27.75	0.0230	-0.0110	-0.9660	2.26	NULL	NULL	0
20200	2	2	1	170801	102928.90	108.53738372	34.22455913	27.75	0.0130	-0.0230	-0.9700	2.32	NULL	NULL	0
20201	2	2	1	170801	102929.00	108.53737892	34.22455770	27.75	-0.0020	-0.0170	-0.9410	2.32	NULL	NULL	0
20202	2	2	1	170801	102929.10	108.53737410	34.22455624	27.75	0.0390	0.0460	-1.0000	2.32	NULL	NULL	0
20203	2	2	1	170801	102929.20	108.53736927	34.22455478	27.75	0.0180	0.0850	-1.0580	2.50	NULL	NULL	0
20204	2	2	1	170801	102929.30	108.53736449	34.22455337	27.75	0.0160	-0.0360	-0.9620	2.50	NULL	NULL	0
20205	2	2	1	170801	102929.40	108.53735980	34.22455148	27.75	-0.0310	0.0090	-0.9940	2.50	NULL	NULL	0
20206	2	2	1	170801	102929.50	108.53735500	34.22455003	27.75	0.0160	0.0010	-1.0730	2.57	NULL	NULL	0
20207	2	2	1	170801	102929.60	108.53735010	34.22454882	27.75	-0.0530	0.0120	-1.0140	2.57	NULL	NULL	0
20208	2	2	1	170801	102929.70	108.53734533	34.22454737	27.75	-0.0090	0.0610	-1.0360	2.57	NULL	NULL	0
20209	2	2	1	170801	102929.80	108.53734049	34.22454632	27.75	0.0140	0.0490	-0.9100	2.59	NULL	NULL	0
20210	2	2	1	170801	102929.90	108.53733572	34.22454494	27.75	-0.0480	0.0580	-0.9760	2.59	NULL	NULL	0
20211	2	2	1	170801	102930.00	108.53733099	34.22454365	25.90	-0.0280	-0.0120	-0.9830	2.59	NULL	NULL	0
20212	2	2	1	170801	102930.10	108.53732624	34.22454234	25.90	0.0280	-0.0110	-0.9630	2.79	NULL	NULL	0
20213	2	2	1	170801	102930.20	108.53732153	34.22454102	25.90	-0.0860	0.0810	-1.0660	2.79	NULL	NULL	0
20214	2	2	1	170801	102930.30	108.53731687	34.22453974	25.90	-0.0410	0.0260	-1.0020	2.79	NULL	NULL	0
20215	2	2	1	170801	102930.40	108.53731220	34.22453844	25.90	0.0460	-0.0030	-1.0270	3.04	NULL	NULL	0
20216	2	2	1	170801	102930.50	108.53730752	34.22453720	25.90	-0.0200	0.1250	-1.0180	3.04	NULL	NULL	0
20217	2	2	1	170801	102930.60	108.53730296	34.22453557	25.90	-0.0410	0.0340	-1.0130	3.04	NULL	NULL	0
20218	2	2	1	170801	102930.70	108.53729836	34.22453436	25.90	0.0580	-0.0020	-1.0300	3.07	NULL	NULL	0
20219	2	2	1	170801	102930.80	108.53729377	34.22453312	25.90	0.0660	0.0010	-1.0220	3.07	NULL	NULL	0
20220	2	2	1	170801	102930.90	108.53728919	34.22453188	25.90	-0.0090	0.0590	-1.0530	3.07	NULL	NULL	0
20221	2	2	1	170801	102931.00	108.53728457	34.22453070	25.90	0.0940	0.0010	-0.9510	2.93	NULL	NULL	0
20222	2	2	1	170801	102931.10	108.53727992	34.22452946	25.90	0.1190	0.0380	-1.0990	2.93	NULL	NULL	0
20223	2	2	1	170801	102931.20	108.53727525	34.22452828	25.90	0.1300	0.0480	-1.0220	2.93	NULL	NULL	0
20224	2	2	1	170801	102931.30	108.53727058	34.22452702	25.90	0.0210	-0.0200	-0.9530	3.14	NULL	NULL	0
20225	2	2	1	170801	102931.40	108.53726595	34.22452571	25.90	0.0630	-0.0160	-0.9660	3.14	NULL	NULL	0
20226	2	2	1	170801	102931.50	108.53726122	34.22452442	25.90	0.0080	0.0500	-0.9960	3.14	NULL	NULL	0
20227	2	2	1	170801	102931.60	108.53725651	34.22452318	25.90	0.0600	-0.0390	-0.9750	3.11	NULL	NULL	0
20228	2	2	1	170801	102931.70	108.53725177	34.22452188	25.90	0.1320	0.0350	-1.0680	3.11	NULL	NULL	0
20229	2	2	1	170801	102931.80	108.53724699	34.22452064	25.90	0.1930	0.0270	-0.9770	3.11	NULL	NULL	0
20230	2	2	1	170801	102931.90	108.53724214	34.22451930	27.75	0.1130	0.1230	-1.0480	3.11	NULL	NULL	0
20231	2	2	1	170801	102932.00	108.53723731	34.22451798	27.75	0.0210	-0.0110	-0.9270	3.15	NULL	NULL	0
20232	2	2	1	170801	102932.10	108.53723243	34.22451667	27.75	0.0110	0.0270	-0.9960	3.15	NULL	NULL	0
20233	2	2	1	170801	102932.20	108.53722760	34.22451537	27.75	0.0230	-0.0190	-0.8890	3.15	NULL	NULL	0
20234	2	2	1	170801	102932.30	108.53722274	34.22451408	27.75	0.0440	0.0250	-0.9900	2.25	NULL	NULL	0
20235	2	2	1	170801	102932.40	108.53721790	34.22451274	27.75	0.1100	-0.0060	-1.0220	2.25	NULL	NULL	0
20236	2	2	1	170801	102932.50	108.53721300	34.22451146	27.75	0.1770	0.0430	-0.9860	2.25	NULL	NULL	0
20237	2	2	1	170801	102932.60	108.53720805	34.22451010	27.75	-0.1060	0.0440	-0.9300	1.94	NULL	NULL	0
20238	2	2	1	170801	102932.70	108.53720316	34.22450880	27.75	0.0280	0.0910	-1.0000	1.94	NULL	NULL	0
20239	2	2	1	170801	102932.80	108.53719838	34.22450764	25.90	-0.0040	0.0310	-0.0280	1.94	NULL	NULL	0
20240	2	2	1	170801	102932.90	108.53719376	34.22450644	25.90	0.0070	0.0890	-0.7870	1.80	NULL	NULL	0
20241	2	2	1	170801	102933.00	108.53718907	34.22450530	25.90	-0.1010	-0.0090	-1.3720	1.80	NULL	NULL	0
20242	2	2	1	170801	102933.10	108.53718430	34.22450402	25.90	-0.1390	-0.0160	-1.2780	1.80	NULL	NULL	0
20243	2	2	1	170801	102933.20	108.53717948	34.22450309	25.90	-0.1330	0.0130	-1.0440	1.59	NULL	NULL	0
20244	2	2	1	170801	102933.30	108.53717477	34.22450182	25.90	-0.0350	0.0310	-0.8860	1.59	NULL	NULL	0
20245	2	2	1	170801	102933.40	108.53717013	34.22450053	25.90	-0.0280	0.0350	-0.8090	1.59	NULL	NULL	0
20246	2	2	1	170801	102933.50	108.53716553	34.22449931	25.90	0.0230	0.0220	-0.9080	1.65	NULL	NULL	0
20247	2	2	1	170801	102933.60	108.53716095	34.22449814	25.90	0.0370	0.0730	-1.0680	1.65	NULL	NULL	0
20248	2	2	1	170801	102933.70	108.53715636	34.22449693	25.90	0.0190	0.0510	-1.0830	1.65	NULL	NULL	0
20249	2	2	1	170801	102933.80	108.53715174	34.22449575	25.90	0.0050	0.0200	-1.0510	1.70	NULL	NULL	0
20250	2	2	1	170801	102933.90	108.53714711	34.22449459	25.90	0.0040	0.0180	-1.0090	1.70	NULL	NULL	0
20251	2	2	1	170801	102934.00	108.53714246	34.22449346	25.90	0.0410	0.0310	-0.8830	1.70	NULL	NULL	0
20252	2	2	1	170801	102934.10	108.53713786	34.22449227	25.90	0.0650	0.0520	-0.9710	1.72	NULL	NULL	0
20253	2	2	1	170801	102934.20	108.53713322	34.22449112	25.90	0.0660	0.0120	-1.0280	1.72	NULL	NULL	0
20254	2	2	1	170801	102934.30	108.53712855	34.22448994	25.90	0.0720	0.0610	-0.9840	1.72	NULL	NULL	0
20255	2	2	1	170801	102934.40	108.53712394	34.22448847	25.90	-0.0050	0.0280	-1.0180	1.69	NULL	NULL	0
20256	2	2	1	170801	102934.50	108.53711921	34.22448733	25.90	0.0540	0.0080	-1.0450	1.69	NULL	NULL	0
20257	2	2	1	170801	102934.60	108.53711450	34.22448612	25.90	0.0700	0.0360	-0.9770	1.69	NULL	NULL	0
20258	2	2	1	170801	102934.70	108.53710975	34.22448494	25.90	0.0440	0.0570	-1.0000	1.74	NULL	NULL	0
20259	2	2	1	170801	102934.80	108.53710495	34.22448388	25.90	0.0550	-0.0260	-0.9890	1.74	NULL	NULL	0
20260	2	2	1	170801	102934.90	108.53710017	34.22448268	25.90	0.0770	0.0050	-1.0100	1.74	NULL	NULL	0
20261	2	2	1	170801	102935.00	108.53709533	34.22448149	27.75	0.0940	0.0090	-1.0070	2.96	NULL	NULL	0
20262	2	2	1	170801	102935.10	108.53709048	34.22448026	27.75	0.0820	0.0080	-0.9920	2.96	NULL	NULL	0
20263	2	2	1	170801	102935.20	108.53708567	34.22447892	27.75	0.0310	0.0220	-0.9580	2.96	NULL	NULL	0
20264	2	2	1	170801	102935.30	108.53708076	34.22447770	27.75	0.0360	-0.0140	-0.9660	3.29	NULL	NULL	0
20265	2	2	1	170801	102935.40	108.53707588	34.22447650	27.75	0.0850	0.0370	-1.0270	3.29	NULL	NULL	0
20266	2	2	1	170801	102935.50	108.53707095	34.22447525	27.75	0.0710	0.0330	-1.0460	3.29	NULL	NULL	0
20267	2	2	1	170801	102935.60	108.53706599	34.22447403	27.75	0.0230	0.0070	-1.0570	3.81	NULL	NULL	0
20268	2	2	1	170801	102935.70	108.53706104	34.22447278	27.75	0.0250	0.0010	-1.0000	3.81	NULL	NULL	0
20269	2	2	1	170801	102935.80	108.53705612	34.22447145	27.75	-0.0250	0.0440	-0.9760	3.81	NULL	NULL	0
20270	2	2	1	170801	102935.90	108.53705119	34.22447019	27.75	-0.0560	-0.0060	-1.0110	3.81	NULL	NULL	0
20271	2	2	1	170801	102936.00	108.53704634	34.22446889	27.75	-0.1150	0.0310	-0.9990	3.90	NULL	NULL	0
20272	2	2	1	170801	102936.10	108.53704157	34.22446771	25.90	-0.0700	0.0350	-1.0000	3.90	NULL	NULL	0
20273	2	2	1	170801	102936.20	108.53703685	34.22446650	25.90	-0.0610	0.0060	-0.9790	3.90	NULL	NULL	0
20274	2	2	1	170801	102936.30	108.53703219	34.22446532	25.90	-0.1430	0.0250	-1.0250	3.83	NULL	NULL	0
20275	2	2	1	170801	102936.40	108.53702749	34.22446415	25.90	-0.1260	0.0130	-0.9660	3.83	NULL	NULL	0
20276	2	2	1	170801	102936.50	108.53702285	34.22446299	25.90	-0.0060	0.0290	-1.0110	3.83	NULL	NULL	0
20277	2	2	1	170801	102936.60	108.53701826	34.22446181	25.90	-0.0720	0.0120	-1.0440	2.50	NULL	NULL	0
20278	2	2	1	170801	102936.70	108.53701362	34.22446068	25.90	0.0680	0.0030	-0.9890	2.50	NULL	NULL	0
20279	2	2	1	170801	102936.80	108.53700906	34.22445969	25.90	0.0200	0.0080	-1.0270	2.50	NULL	NULL	0
20280	2	2	1	170801	102936.90	108.53700448	34.22445853	25.90	-0.0320	0.0370	-0.9880	2.27	NULL	NULL	0
20281	2	2	1	170801	102937.00	108.53700001	34.22445734	24.05	-0.0150	-0.0090	-0.9340	2.27	NULL	NULL	0
20282	2	2	1	170801	102937.10	108.53699556	34.22445621	24.05	-0.0880	0.0540	-0.9740	2.27	NULL	NULL	0
20283	2	2	1	170801	102937.20	108.53699112	34.22445516	24.05	-0.0230	0.0000	-0.9960	1.92	NULL	NULL	0
20284	2	2	1	170801	102937.30	108.53698673	34.22445404	24.05	0.0130	0.0620	-1.0220	1.92	NULL	NULL	0
20285	2	2	1	170801	102937.40	108.53698271	34.22445273	24.05	-0.0290	0.0120	-1.0190	1.92	NULL	NULL	0
20286	2	2	1	170801	102937.50	108.53697826	34.22445158	24.05	0.0640	0.0150	-1.0330	1.74	NULL	NULL	0
20287	2	2	1	170801	102937.60	108.53697397	34.22445039	24.05	0.0060	0.0390	-0.9250	1.74	NULL	NULL	0
20288	2	2	1	170801	102937.70	108.53696959	34.22444929	24.05	-0.0190	0.0430	-0.9360	1.74	NULL	NULL	0
20289	2	2	1	170801	102937.80	108.53696578	34.22444856	24.05	0.1120	0.0150	-0.9050	1.84	NULL	NULL	0
20290	2	2	1	170801	102937.90	108.53696134	34.22444740	24.05	0.1160	0.0320	-1.0250	1.84	NULL	NULL	0
20291	2	2	1	170801	102938.00	108.53695647	34.22444656	24.05	0.1680	0.0170	-1.0610	1.84	NULL	NULL	0
20292	2	2	1	170801	102938.10	108.53695200	34.22444537	24.05	0.0600	0.0430	-1.0610	1.81	NULL	NULL	0
20293	2	2	1	170801	102938.20	108.53694816	34.22444427	25.90	0.0320	0.0040	-0.9550	1.81	NULL	NULL	0
20294	2	2	1	170801	102938.30	108.53694363	34.22444306	25.90	0.0480	-0.0130	-0.9490	1.81	NULL	NULL	0
20295	2	2	1	170801	102938.40	108.53693880	34.22444178	25.90	0.1210	0.0730	-1.0530	1.48	NULL	NULL	0
20296	2	2	1	170801	102938.50	108.53693414	34.22444058	25.90	0.1600	0.0090	-1.0250	1.48	NULL	NULL	0
20297	2	2	1	170801	102938.60	108.53692884	34.22443844	25.90	0.0850	0.0120	-1.0290	1.48	NULL	NULL	0
20298	2	2	1	170801	102938.70	108.53692412	34.22443718	25.90	0.0770	0.0370	-0.9810	1.47	NULL	NULL	0
20299	2	2	1	170801	102938.80	108.53692095	34.22443431	25.90	0.0810	-0.0100	-0.9610	1.47	NULL	NULL	0
20300	2	2	1	170801	102938.90	108.53691621	34.22443299	25.90	0.0490	0.0580	-0.9120	1.47	NULL	NULL	0
20301	2	2	1	170801	102939.00	108.53691066	34.22443320	25.90	0.0370	0.0140	-1.0270	1.51	NULL	NULL	0
20302	2	2	1	170801	102939.10	108.53690581	34.22443189	27.75	0.0480	0.0370	-1.0620	1.51	NULL	NULL	0
20303	2	2	1	170801	102939.20	108.53690059	34.22443081	25.90	0.0230	0.0960	-1.0250	1.51	NULL	NULL	0
20304	2	2	1	170801	102939.30	108.53689586	34.22442961	25.90	0.0500	0.0020	-1.0560	1.76	NULL	NULL	0
20305	2	2	1	170801	102939.40	108.53689075	34.22442808	27.75	-0.0070	0.0330	-0.9730	1.76	NULL	NULL	0
20306	2	2	1	170801	102939.50	108.53688606	34.22442691	25.90	0.0190	0.0360	-0.9620	1.76	NULL	NULL	0
20307	2	2	1	170801	102939.60	108.53688116	34.22442457	25.90	0.0080	0.0390	-0.9810	1.87	NULL	NULL	0
20308	2	2	1	170801	102939.70	108.53687631	34.22442334	27.75	-0.0350	0.0120	-0.9870	1.87	NULL	NULL	0
20309	2	2	1	170801	102939.80	108.53687038	34.22442165	25.90	-0.0500	0.0540	-0.9920	1.87	NULL	NULL	0
20310	2	2	1	170801	102939.90	108.53686556	34.22442047	27.75	-0.0370	0.0540	-0.9930	1.87	NULL	NULL	0
20311	2	2	1	170801	102940.00	108.53685746	34.22442019	25.90	-0.0440	0.0390	-0.9560	2.00	NULL	NULL	0
20312	2	2	1	170801	102940.10	108.53685276	34.22441903	25.90	0.0100	0.0630	-1.0230	2.00	NULL	NULL	0
20313	2	2	1	170801	102940.20	108.53684855	34.22441811	25.90	0.0400	0.0310	-1.0300	2.00	NULL	NULL	0
20314	2	2	1	170801	102940.30	108.53684379	34.22441695	25.90	-0.0010	0.0400	-1.0200	1.83	NULL	NULL	0
20315	2	2	1	170801	102940.40	108.53684143	34.22441700	25.90	0.0290	0.0460	-1.0310	1.83	NULL	NULL	0
20316	2	2	1	170801	102940.50	108.53683670	34.22441598	25.90	-0.0620	-0.0140	-0.9860	1.83	NULL	NULL	0
20317	2	2	1	170801	102940.60	108.53683062	34.22441441	25.90	-0.0110	-0.0240	-0.9760	1.66	NULL	NULL	0
20318	2	2	1	170801	102940.70	108.53682595	34.22441327	25.90	0.0820	0.0900	-0.9180	1.66	NULL	NULL	0
20319	2	2	1	170801	102940.80	108.53682209	34.22441226	25.90	0.0010	0.0060	-1.0210	1.66	NULL	NULL	0
20320	2	2	1	170801	102940.90	108.53681740	34.22441108	25.90	0.0910	0.0340	-1.0440	1.60	NULL	NULL	0
20321	2	2	1	170801	102941.00	108.53681327	34.22441010	25.90	0.0390	-0.0060	-1.0040	1.60	NULL	NULL	0
20322	2	2	1	170801	102941.10	108.53680858	34.22440894	25.90	0.0330	-0.0180	-1.0210	1.60	NULL	NULL	0
20323	2	2	1	170801	102941.20	108.53680472	34.22440798	25.90	-0.0160	-0.0180	-0.9720	2.12	NULL	NULL	0
20324	2	2	1	170801	102941.30	108.53680003	34.22440680	25.90	0.0350	0.0310	-0.9540	2.12	NULL	NULL	0
20325	2	2	1	170801	102941.40	108.53679530	34.22440532	25.90	-0.0250	0.0380	-1.0100	2.12	NULL	NULL	0
20326	2	2	1	170801	102941.50	108.53679059	34.22440412	25.90	0.0020	-0.0160	-1.0420	2.58	NULL	NULL	0
20327	2	2	1	170801	102941.60	108.53678658	34.22440300	25.90	0.0140	0.0140	-0.9860	2.58	NULL	NULL	0
20328	2	2	1	170801	102941.70	108.53678185	34.22440179	25.90	0.0290	0.0320	-1.0010	2.58	NULL	NULL	0
20329	2	2	1	170801	102941.80	108.53677717	34.22440044	25.90	-0.0170	0.0110	-0.9770	2.87	NULL	NULL	0
20330	2	2	1	170801	102941.90	108.53677249	34.22439926	25.90	-0.0160	0.0360	-0.9860	2.87	NULL	NULL	0
20331	2	2	1	170801	102942.00	108.53676782	34.22439809	25.90	0.0460	0.0280	-1.0250	2.87	NULL	NULL	0
20332	2	2	1	170801	102942.10	108.53676318	34.22439689	25.90	0.0360	-0.0120	-1.0230	2.89	NULL	NULL	0
20333	2	2	1	170801	102942.20	108.53675846	34.22439579	25.90	-0.0090	0.0020	-1.0260	2.89	NULL	NULL	0
20334	2	2	1	170801	102942.30	108.53675376	34.22439459	25.90	-0.0030	0.0180	-0.9940	2.89	NULL	NULL	0
20335	2	2	1	170801	102942.40	108.53674900	34.22439336	25.90	0.0330	0.0430	-1.0230	2.94	NULL	NULL	0
20336	2	2	1	170801	102942.50	108.53674434	34.22439217	25.90	0.0290	-0.0010	-0.9480	2.94	NULL	NULL	0
20337	2	2	1	170801	102942.60	108.53673976	34.22439092	25.90	0.0150	0.0480	-0.9650	2.94	NULL	NULL	0
20338	2	2	1	170801	102942.70	108.53673509	34.22438976	25.90	0.0170	0.0040	-1.0100	1.99	NULL	NULL	0
20339	2	2	1	170801	102942.80	108.53673056	34.22438873	25.90	0.0360	0.0160	-1.0130	1.99	NULL	NULL	0
20340	2	2	1	170801	102942.90	108.53672590	34.22438753	25.90	0.0220	0.0760	-1.0350	1.99	NULL	NULL	0
20341	2	2	1	170801	102943.00	108.53672128	34.22438632	25.90	0.0590	-0.0170	-1.0230	1.51	NULL	NULL	0
20342	2	2	1	170801	102943.10	108.53671663	34.22438514	25.90	0.0400	-0.0010	-0.9690	1.51	NULL	NULL	0
20343	2	2	1	170801	102943.20	108.53671196	34.22438392	25.90	-0.0220	0.0110	-0.9850	1.51	NULL	NULL	0
20344	2	2	1	170801	102943.30	108.53670731	34.22438275	25.90	0.0840	0.0210	-1.0240	1.21	NULL	NULL	0
20345	2	2	1	170801	102943.40	108.53670261	34.22438155	25.90	0.0380	-0.0020	-0.9790	1.21	NULL	NULL	0
20346	2	2	1	170801	102943.50	108.53669791	34.22438037	25.90	0.0770	0.0740	-1.0200	1.21	NULL	NULL	0
20347	2	2	1	170801	102943.60	108.53669321	34.22437920	25.90	0.0320	0.0230	-0.9920	1.28	NULL	NULL	0
20348	2	2	1	170801	102943.70	108.53668852	34.22437803	25.90	-0.0330	0.0070	-0.9670	1.28	NULL	NULL	0
20349	2	2	1	170801	102943.80	108.53668390	34.22437687	25.90	0.0300	0.0230	-0.9940	1.28	NULL	NULL	0
20350	2	2	1	170801	102943.90	108.53667923	34.22437569	25.90	0.0960	0.0360	-1.0180	1.28	NULL	NULL	0
20351	2	2	1	170801	102944.00	108.53667450	34.22437462	25.90	0.0470	-0.0070	-1.0760	1.24	NULL	NULL	0
20352	2	2	1	170801	102944.10	108.53666979	34.22437342	25.90	-0.0020	0.0420	-1.0340	1.24	NULL	NULL	0
20353	2	2	1	170801	102944.20	108.53666512	34.22437227	25.90	-0.0280	0.0560	-0.9590	1.24	NULL	NULL	0
20354	2	2	1	170801	102944.30	108.53666040	34.22437108	25.90	-0.0030	0.0470	-0.9310	1.22	NULL	NULL	0
20355	2	2	1	170801	102944.40	108.53665574	34.22436997	25.90	-0.0030	0.0060	-0.9550	1.22	NULL	NULL	0
20356	2	2	1	170801	102944.50	108.53665106	34.22436878	25.90	0.0890	0.0570	-1.0170	1.22	NULL	NULL	0
20357	2	2	1	170801	102944.60	108.53664632	34.22436781	25.90	0.0550	0.0480	-1.0590	1.21	NULL	NULL	0
20358	2	2	1	170801	102944.70	108.53664160	34.22436659	25.90	0.0470	0.0650	-1.0500	1.21	NULL	NULL	0
20359	2	2	1	170801	102944.80	108.53663686	34.22436536	25.90	0.0660	0.0020	-0.9980	1.21	NULL	NULL	0
20360	2	2	1	170801	102944.90	108.53663212	34.22436417	25.90	0.0430	0.0270	-0.9500	0.00	NULL	NULL	0
20361	2	2	1	170801	102945.00	108.53662737	34.22436291	25.90	0.0530	0.0230	-0.9120	0.00	NULL	NULL	0
20362	2	2	1	170801	102945.10	108.53662268	34.22436173	25.90	0.0210	0.0560	-0.9270	0.00	NULL	NULL	0
20363	2	2	1	170801	102945.20	108.53661799	34.22436017	25.90	0.0380	0.0260	-1.0370	1.32	NULL	NULL	0
20364	2	2	1	170801	102945.30	108.53661326	34.22435901	25.90	0.0390	0.0350	-1.0720	1.32	NULL	NULL	0
20365	2	2	1	170801	102945.40	108.53660851	34.22435781	25.90	0.0470	0.0530	-1.0540	1.32	NULL	NULL	0
20366	2	2	1	170801	102945.50	108.53660374	34.22435662	25.90	0.0330	0.0440	-1.0210	1.49	NULL	NULL	0
20367	2	2	1	170801	102945.60	108.53659892	34.22435548	25.90	0.0150	0.0450	-0.9700	1.49	NULL	NULL	0
20368	2	2	1	170801	102945.70	108.53659417	34.22435431	25.90	-0.0150	0.0400	-0.9750	1.49	NULL	NULL	0
20369	2	2	1	170801	102945.80	108.53658938	34.22435313	25.90	0.0390	0.0280	-1.0250	2.76	NULL	NULL	0
20370	2	2	1	170801	102945.90	108.53658459	34.22435195	25.90	0.0110	0.0130	-1.0170	2.76	NULL	NULL	0
20371	2	2	1	170801	102946.00	108.53657980	34.22435074	25.90	0.0470	0.0270	-0.9770	2.76	NULL	NULL	0
20372	2	2	1	170801	102946.10	108.53657503	34.22434957	25.90	0.0360	-0.0090	-0.9590	2.67	NULL	NULL	0
20373	2	2	1	170801	102946.20	108.53657021	34.22434872	25.90	0.0540	-0.0290	-0.9690	2.67	NULL	NULL	0
20374	2	2	1	170801	102946.30	108.53656542	34.22434752	25.90	-0.0130	0.0420	-0.9870	2.67	NULL	NULL	0
20375	2	2	1	170801	102946.40	108.53656058	34.22434641	27.75	-0.0280	0.0180	-1.0460	2.72	NULL	NULL	0
20376	2	2	1	170801	102946.50	108.53655574	34.22434520	27.75	0.0310	0.0120	-1.0240	2.72	NULL	NULL	0
20377	2	2	1	170801	102946.60	108.53655089	34.22434391	25.90	-0.0060	0.0350	-1.0130	2.72	NULL	NULL	0
20378	2	2	1	170801	102946.70	108.53654612	34.22434272	25.90	-0.0770	0.0450	-1.0250	2.64	NULL	NULL	0
20379	2	2	1	170801	102946.80	108.53654171	34.22434090	25.90	0.0630	0.0560	-0.9300	2.64	NULL	NULL	0
20380	2	2	1	170801	102946.90	108.53653702	34.22433973	25.90	-0.0200	0.0090	-1.0060	2.64	NULL	NULL	0
20381	2	2	1	170801	102947.00	108.53653232	34.22433852	25.90	-0.0020	0.0260	-1.0670	2.72	NULL	NULL	0
20382	2	2	1	170801	102947.10	108.53652761	34.22433735	25.90	-0.0900	-0.0000	-1.0140	2.72	NULL	NULL	0
20383	2	2	1	170801	102947.20	108.53652291	34.22433645	25.90	-0.0670	0.0070	-0.9660	2.72	NULL	NULL	0
20384	2	2	1	170801	102947.30	108.53651827	34.22433529	25.90	0.0470	0.0160	-0.9620	2.69	NULL	NULL	0
20385	2	2	1	170801	102947.40	108.53651329	34.22433476	25.90	-0.0600	0.0360	-1.0180	2.69	NULL	NULL	0
20386	2	2	1	170801	102947.50	108.53650867	34.22433360	25.90	0.0910	-0.0110	-1.0290	2.69	NULL	NULL	0
20387	2	2	1	170801	102947.60	108.53650341	34.22433265	25.90	0.1110	-0.0340	-1.0260	2.38	NULL	NULL	0
20388	2	2	1	170801	102947.70	108.53649870	34.22433147	25.90	-0.0650	0.0590	-1.0510	2.38	NULL	NULL	0
20389	2	2	1	170801	102947.80	108.53649397	34.22432994	25.90	0.0320	-0.0120	-0.9770	2.38	NULL	NULL	0
20390	2	2	1	170801	102947.90	108.53648926	34.22432872	25.90	0.0600	0.0440	-0.9870	2.38	NULL	NULL	0
20391	2	2	1	170801	102948.00	108.53648457	34.22432757	25.90	0.0560	0.0060	-0.9910	2.58	NULL	NULL	0
20392	2	2	1	170801	102948.10	108.53647978	34.22432636	25.90	0.1110	0.0130	-0.9720	2.58	NULL	NULL	0
20393	2	2	1	170801	102948.20	108.53647499	34.22432523	27.75	0.0340	0.0100	-1.0000	2.58	NULL	NULL	0
20394	2	2	1	170801	102948.30	108.53647016	34.22432399	27.75	0.0740	0.0640	-1.0120	2.67	NULL	NULL	0
20395	2	2	1	170801	102948.40	108.53646533	34.22432265	27.75	-0.0120	0.0070	-0.9990	2.67	NULL	NULL	0
20396	2	2	1	170801	102948.50	108.53646046	34.22432140	27.75	0.0190	0.0220	-0.9490	2.67	NULL	NULL	0
20397	2	2	1	170801	102948.60	108.53645556	34.22432022	27.75	0.0280	0.0610	-1.0110	1.59	NULL	NULL	0
20398	2	2	1	170801	102948.70	108.53645067	34.22431898	27.75	0.0470	0.0070	-1.0190	1.59	NULL	NULL	0
20399	2	2	1	170801	102948.80	108.53644564	34.22431769	27.75	-0.0210	0.0500	-1.0510	1.59	NULL	NULL	0
20400	2	2	1	170801	102948.90	108.53644075	34.22431644	27.75	-0.0140	0.0340	-1.0180	1.46	NULL	NULL	0
20401	2	2	1	170801	102949.00	108.53643598	34.22431523	27.75	0.0370	0.0360	-0.9530	1.46	NULL	NULL	0
20402	2	2	1	170801	102949.10	108.53643112	34.22431400	27.75	-0.0410	-0.0230	-0.9800	1.46	NULL	NULL	0
20403	2	2	1	170801	102949.20	108.53642626	34.22431275	27.75	-0.0200	0.0020	-0.9680	1.31	NULL	NULL	0
20404	2	2	1	170801	102949.30	108.53642146	34.22431152	25.90	0.0680	0.0410	-1.0100	1.31	NULL	NULL	0
20405	2	2	1	170801	102949.40	108.53641711	34.22431017	27.75	-0.0250	-0.0120	-1.0710	1.31	NULL	NULL	0
20406	2	2	1	170801	102949.50	108.53641233	34.22430897	25.90	0.0090	-0.0130	-1.0080	1.20	NULL	NULL	0
20407	2	2	1	170801	102949.60	108.53640707	34.22430782	25.90	-0.0550	0.0690	-0.9720	1.20	NULL	NULL	0
20408	2	2	1	170801	102949.70	108.53640230	34.22430663	25.90	-0.0090	0.0130	-0.9880	1.20	NULL	NULL	0
20409	2	2	1	170801	102949.80	108.53639749	34.22430549	25.90	-0.0170	0.0640	-0.9620	1.20	NULL	NULL	0
20410	2	2	1	170801	102949.90	108.53639274	34.22430428	25.90	0.0260	0.0160	-1.0270	1.20	NULL	NULL	0
20411	2	2	1	170801	102950.00	108.53638799	34.22430309	25.90	-0.0410	0.0590	-1.0180	1.20	NULL	NULL	0
20412	2	2	1	170801	102950.10	108.53638328	34.22430192	25.90	0.0120	0.0350	-0.9950	1.29	NULL	NULL	0
20413	2	2	1	170801	102950.20	108.53637848	34.22430072	25.90	-0.0550	-0.0050	-1.0150	1.29	NULL	NULL	0
20414	2	2	1	170801	102950.30	108.53637381	34.22429955	25.90	-0.0120	0.0390	-0.9680	1.29	NULL	NULL	0
20415	2	2	1	170801	102950.40	108.53636907	34.22429843	25.90	-0.0190	0.0490	-0.9850	1.47	NULL	NULL	0
20416	2	2	1	170801	102950.50	108.53636442	34.22429725	25.90	0.0320	0.0310	-0.9720	1.47	NULL	NULL	0
20417	2	2	1	170801	102950.60	108.53635970	34.22429611	25.90	0.0450	-0.0140	-0.9860	1.47	NULL	NULL	0
20418	2	2	1	170801	102950.70	108.53635502	34.22429494	25.90	0.0230	-0.0050	-1.0410	1.88	NULL	NULL	0
20419	2	2	1	170801	102950.80	108.53635035	34.22429377	25.90	-0.0010	0.0380	-1.0350	1.88	NULL	NULL	0
20420	2	2	1	170801	102950.90	108.53634567	34.22429261	25.90	-0.0320	0.0110	-0.9960	1.88	NULL	NULL	0
20421	2	2	1	170801	102951.00	108.53634104	34.22429145	25.90	0.0620	0.0370	-0.9540	2.96	NULL	NULL	0
20422	2	2	1	170801	102951.10	108.53633638	34.22429028	25.90	-0.0310	-0.0030	-0.9540	2.96	NULL	NULL	0
20423	2	2	1	170801	102951.20	108.53633165	34.22428911	25.90	-0.0240	0.0180	-1.0360	2.96	NULL	NULL	0
20424	2	2	1	170801	102951.30	108.53632699	34.22428794	25.90	-0.0130	0.0500	-1.0190	3.09	NULL	NULL	0
20425	2	2	1	170801	102951.40	108.53632229	34.22428675	25.90	-0.0120	0.0290	-0.9500	3.09	NULL	NULL	0
20426	2	2	1	170801	102951.50	108.53631764	34.22428558	25.90	0.0170	0.0070	-0.9560	3.09	NULL	NULL	0
20427	2	2	1	170801	102951.60	108.53631293	34.22428444	25.90	-0.0320	0.0260	-0.9460	1.98	NULL	NULL	0
20428	2	2	1	170801	102951.70	108.53630830	34.22428326	25.90	-0.0130	-0.0290	-0.9920	1.98	NULL	NULL	0
20429	2	2	1	170801	102951.80	108.53630367	34.22428206	25.90	-0.0040	0.0240	-1.0220	1.98	NULL	NULL	0
20430	2	2	1	170801	102951.90	108.53629906	34.22428089	25.90	-0.0050	0.0570	-1.0360	1.98	NULL	NULL	0
20431	2	2	1	170801	102952.00	108.53629446	34.22427973	25.90	0.0190	0.0120	-0.9770	1.57	NULL	NULL	0
20432	2	2	1	170801	102952.10	108.53628988	34.22427854	25.90	-0.0300	0.0340	-1.0120	1.57	NULL	NULL	0
20433	2	2	1	170801	102952.20	108.53628530	34.22427736	25.90	0.0140	-0.0170	-0.9830	1.57	NULL	NULL	0
20434	2	2	1	170801	102952.30	108.53628073	34.22427616	25.90	0.1220	0.0570	-0.9580	1.44	NULL	NULL	0
20435	2	2	1	170801	102952.40	108.53627610	34.22427498	25.90	-0.0060	0.0020	-1.0410	1.44	NULL	NULL	0
20436	2	2	1	170801	102952.50	108.53627146	34.22427379	25.90	0.0420	0.0220	-1.0330	1.44	NULL	NULL	0
20437	2	2	1	170801	102952.60	108.53626684	34.22427261	25.90	0.0620	0.0540	-0.9420	1.34	NULL	NULL	0
20438	2	2	1	170801	102952.70	108.53626218	34.22427141	25.90	0.0020	0.0150	-0.9360	1.34	NULL	NULL	0
20439	2	2	1	170801	102952.80	108.53625749	34.22427023	25.90	0.0370	0.0050	-0.9980	1.34	NULL	NULL	0
20440	2	2	1	170801	102952.90	108.53625278	34.22426902	25.90	0.0990	0.0500	-1.0330	1.21	NULL	NULL	0
20441	2	2	1	170801	102953.00	108.53624803	34.22426781	25.90	0.0250	0.0300	-1.0090	1.21	NULL	NULL	0
20442	2	2	1	170801	102953.10	108.53624323	34.22426659	25.90	0.0840	0.0170	-0.9970	1.21	NULL	NULL	0
20443	2	2	1	170801	102953.20	108.53623843	34.22426536	25.90	0.0880	0.0400	-0.9620	1.24	NULL	NULL	0
20444	2	2	1	170801	102953.30	108.53623360	34.22426414	27.75	0.1060	0.0310	-0.9730	1.24	NULL	NULL	0
20445	2	2	1	170801	102953.40	108.53622876	34.22426290	27.75	0.0840	0.0220	-1.0330	1.24	NULL	NULL	0
20446	2	2	1	170801	102953.50	108.53622395	34.22426167	27.75	-0.0040	0.0120	-1.0100	1.75	NULL	NULL	0
20447	2	2	1	170801	102953.60	108.53621934	34.22426039	27.75	-0.0140	0.0150	-0.9770	1.75	NULL	NULL	0
20448	2	2	1	170801	102953.70	108.53621451	34.22425915	25.90	0.0300	0.0350	-1.0360	1.75	NULL	NULL	0
20449	2	2	1	170801	102953.80	108.53620960	34.22425791	27.75	-0.0200	0.0400	-1.0010	2.60	NULL	NULL	0
20450	2	2	1	170801	102953.90	108.53620481	34.22425667	25.90	0.0170	0.0650	-0.9760	2.60	NULL	NULL	0
20451	2	2	1	170801	102954.00	108.53619976	34.22425551	25.90	-0.0330	0.0140	-0.9600	2.60	NULL	NULL	0
20452	2	2	1	170801	102954.10	108.53619499	34.22425430	25.90	0.0560	0.0340	-0.9940	3.19	NULL	NULL	0
20453	2	2	1	170801	102954.20	108.53619025	34.22425308	25.90	-0.1080	0.0150	-1.0130	3.19	NULL	NULL	0
20454	2	2	1	170801	102954.30	108.53618554	34.22425185	25.90	-0.0860	0.0640	-1.0750	3.19	NULL	NULL	0
20455	2	2	1	170801	102954.40	108.53618089	34.22425069	25.90	-0.0010	-0.0250	-0.9610	3.39	NULL	NULL	0
20456	2	2	1	170801	102954.50	108.53617631	34.22424951	25.90	-0.0270	0.0360	-0.9930	3.39	NULL	NULL	0
20457	2	2	1	170801	102954.60	108.53617173	34.22424835	25.90	-0.1040	-0.0240	-0.9750	3.39	NULL	NULL	0
20458	2	2	1	170801	102954.70	108.53616721	34.22424716	25.90	-0.0170	-0.0240	-1.0090	3.01	NULL	NULL	0
20459	2	2	1	170801	102954.80	108.53616270	34.22424599	25.90	-0.0660	0.0030	-0.9150	3.01	NULL	NULL	0
20460	2	2	1	170801	102954.90	108.53615823	34.22424484	24.05	0.0400	0.0760	-0.9950	3.01	NULL	NULL	0
20461	2	2	1	170801	102955.00	108.53615378	34.22424370	24.05	0.0010	-0.0170	-0.9740	1.62	NULL	NULL	0
20462	2	2	1	170801	102955.10	108.53614938	34.22424254	24.05	-0.0240	0.0240	-1.0100	1.62	NULL	NULL	0
20463	2	2	1	170801	102955.20	108.53614497	34.22424139	24.05	-0.0110	0.0320	-1.0350	1.62	NULL	NULL	0
20464	2	2	1	170801	102955.30	108.53614059	34.22424024	24.05	0.0150	-0.0190	-1.0110	1.41	NULL	NULL	0
20465	2	2	1	170801	102955.40	108.53613617	34.22423909	24.05	0.0630	-0.0690	-0.9280	1.41	NULL	NULL	0
20466	2	2	1	170801	102955.50	108.53613172	34.22423793	24.05	-0.0040	0.0110	-1.0170	1.41	NULL	NULL	0
20467	2	2	1	170801	102955.60	108.53612726	34.22423675	25.90	-0.0670	0.0160	-1.0560	1.69	NULL	NULL	0
20468	2	2	1	170801	102955.70	108.53612278	34.22423557	25.90	0.0880	0.0160	-0.8400	1.69	NULL	NULL	0
20469	2	2	1	170801	102955.80	108.53611830	34.22423439	25.90	0.0620	0.0370	-0.9730	1.69	NULL	NULL	0
20470	2	2	1	170801	102955.90	108.53611379	34.22423322	25.90	0.0670	0.0090	-0.9620	1.69	NULL	NULL	0
20471	2	2	1	170801	102956.00	108.53610930	34.22423201	25.90	0.2570	0.0160	-1.1020	1.77	NULL	NULL	0
20472	2	2	1	170801	102956.10	108.53610473	34.22423078	25.90	-0.0110	0.0320	-1.0360	1.77	NULL	NULL	0
20473	2	2	1	170801	102956.20	108.53610005	34.22422959	25.90	0.0230	-0.0340	-1.0630	1.77	NULL	NULL	0
20474	2	2	1	170801	102956.30	108.53609546	34.22422839	25.90	0.0200	0.0030	-1.0660	1.81	NULL	NULL	0
20475	2	2	1	170801	102956.40	108.53609083	34.22422713	25.90	-0.0820	-0.0150	-0.8390	1.81	NULL	NULL	0
20476	2	2	1	170801	102956.50	108.53608620	34.22422588	25.90	0.0680	0.0700	-1.0320	1.81	NULL	NULL	0
20477	2	2	1	170801	102956.60	108.53608152	34.22422463	25.90	0.0220	0.0220	-1.0710	3.00	NULL	NULL	0
20478	2	2	1	170801	102956.70	108.53607685	34.22422341	25.90	0.0600	0.0210	-1.0670	3.00	NULL	NULL	0
20479	2	2	1	170801	102956.80	108.53607215	34.22422214	25.90	0.0130	0.0320	-0.9870	3.00	NULL	NULL	0
20480	2	2	1	170801	102956.90	108.53606744	34.22422089	25.90	0.0120	0.0610	-0.9720	3.23	NULL	NULL	0
20481	2	2	1	170801	102957.00	108.53606276	34.22421963	25.90	-0.0150	0.0210	-0.9610	3.23	NULL	NULL	0
20482	2	2	1	170801	102957.10	108.53605808	34.22421837	25.90	0.0460	0.0270	-0.9850	3.23	NULL	NULL	0
20483	2	2	1	170801	102957.20	108.53605339	34.22421712	25.90	0.0330	0.0500	-1.0180	3.54	NULL	NULL	0
20484	2	2	1	170801	102957.30	108.53604873	34.22421588	25.90	0.0240	0.0120	-1.0310	3.54	NULL	NULL	0
20485	2	2	1	170801	102957.40	108.53604405	34.22421466	25.90	0.0090	-0.0130	-0.9390	3.54	NULL	NULL	0
20486	2	2	1	170801	102957.50	108.53603938	34.22421344	25.90	0.0170	0.0360	-0.9990	3.65	NULL	NULL	0
20487	2	2	1	170801	102957.60	108.53603472	34.22421223	25.90	-0.0040	0.0350	-1.0140	3.65	NULL	NULL	0
20488	2	2	1	170801	102957.70	108.53603008	34.22421103	25.90	0.0130	0.0550	-1.0030	3.65	NULL	NULL	0
20489	2	2	1	170801	102957.80	108.53602541	34.22420983	25.90	0.0340	0.0430	-0.9600	3.65	NULL	NULL	0
20490	2	2	1	170801	102957.90	108.53602079	34.22420863	25.90	0.0400	0.0550	-1.0390	3.65	NULL	NULL	0
20491	2	2	1	170801	102958.00	108.53601616	34.22420745	25.90	0.0550	0.0480	-1.0060	3.65	NULL	NULL	0
20492	2	2	1	170801	102958.10	108.53601156	34.22420628	25.90	-0.0690	0.0210	-1.0060	3.71	NULL	NULL	0
20493	2	2	1	170801	102958.20	108.53600698	34.22420510	25.90	-0.0190	0.0150	-0.9590	3.71	NULL	NULL	0
20494	2	2	1	170801	102958.30	108.53600240	34.22420395	25.90	-0.0910	0.0440	-1.0210	3.71	NULL	NULL	0
20495	2	2	1	170801	102958.40	108.53599786	34.22420281	25.90	-0.1000	0.0580	-0.9820	2.24	NULL	NULL	0
20496	2	2	1	170801	102958.50	108.53599330	34.22420166	25.90	0.0800	-0.0150	-0.9980	2.24	NULL	NULL	0
20497	2	2	1	170801	102958.60	108.53598873	34.22420052	25.90	-0.0330	0.0570	-0.9990	2.24	NULL	NULL	0
20498	2	2	1	170801	102958.70	108.53598418	34.22419936	25.90	-0.0230	0.0230	-0.9770	1.97	NULL	NULL	0
20499	2	2	1	170801	102958.80	108.53597973	34.22419823	24.05	0.0150	0.0700	-1.0570	1.97	NULL	NULL	0
20500	2	2	1	170801	102958.90	108.53597523	34.22419710	24.05	-0.0820	0.0610	-0.9190	1.97	NULL	NULL	0
20501	2	2	1	170801	102959.00	108.53597076	34.22419600	24.05	0.0070	-0.0090	-1.0280	1.75	NULL	NULL	0
20502	2	2	1	170801	102959.10	108.53596634	34.22419487	24.05	0.0150	-0.0010	-1.0680	1.75	NULL	NULL	0
20503	2	2	1	170801	102959.20	108.53596190	34.22419372	24.05	0.0420	0.0430	-1.0500	1.75	NULL	NULL	0
20504	2	2	1	170801	102959.30	108.53595744	34.22419260	24.05	-0.0310	0.0490	-0.9730	1.60	NULL	NULL	0
20505	2	2	1	170801	102959.40	108.53595300	34.22419150	24.05	0.1580	0.0150	-1.0240	1.60	NULL	NULL	0
20506	2	2	1	170801	102959.50	108.53594856	34.22419035	24.05	0.0280	-0.0230	-0.9930	1.60	NULL	NULL	0
20507	2	2	1	170801	102959.60	108.53594407	34.22418922	24.05	0.0540	-0.0460	-1.0250	1.69	NULL	NULL	0
20508	2	2	1	170801	102959.70	108.53593957	34.22418808	25.90	0.0450	0.0110	-0.9280	1.69	NULL	NULL	0
20509	2	2	1	170801	102959.80	108.53593502	34.22418689	25.90	0.0330	0.0280	-1.0140	1.69	NULL	NULL	0
20510	2	2	1	170801	102959.90	108.53593047	34.22418574	25.90	0.0920	0.0600	-1.0170	1.69	NULL	NULL	0
20511	2	2	1	170801	103000.00	108.53592585	34.22418455	25.90	0.0410	0.0520	-0.9940	1.73	NULL	NULL	0
20512	2	2	1	170801	103000.10	108.53592119	34.22418338	25.90	0.0550	-0.0100	-0.9990	1.73	NULL	NULL	0
20513	2	2	1	170801	103000.20	108.53591648	34.22418219	25.90	0.0270	0.0210	-1.0030	1.73	NULL	NULL	0
20514	2	2	1	170801	103000.30	108.53591178	34.22418098	25.90	0.0630	0.0590	-1.0210	2.24	NULL	NULL	0
20515	2	2	1	170801	103000.40	108.53590700	34.22417975	25.90	0.0530	0.0200	-0.9680	2.24	NULL	NULL	0
20516	2	2	1	170801	103000.50	108.53590222	34.22417855	25.90	0.1210	-0.1040	-0.9010	2.24	NULL	NULL	0
20517	2	2	1	170801	103000.60	108.53589738	34.22417730	27.75	0.0390	0.0000	-1.0140	3.47	NULL	NULL	0
20518	2	2	1	170801	103000.70	108.53589262	34.22417607	25.90	-0.0210	0.0660	-0.9210	3.47	NULL	NULL	0
20519	2	2	1	170801	103000.80	108.53588786	34.22417482	25.90	0.0460	0.0020	-0.9160	3.47	NULL	NULL	0
20520	2	2	1	170801	103000.90	108.53588312	34.22417359	25.90	0.0800	0.0450	-0.9620	4.51	NULL	NULL	0
20521	2	2	1	170801	103001.00	108.53587836	34.22417237	25.90	0.0490	0.0790	-1.1210	4.51	NULL	NULL	0
20522	2	2	1	170801	103001.10	108.53587355	34.22417114	25.90	0.0470	0.0310	-1.0920	4.51	NULL	NULL	0
20523	2	2	1	170801	103001.20	108.53586875	34.22416991	27.75	0.0940	0.0280	-1.0220	5.41	NULL	NULL	0
20524	2	2	1	170801	103001.30	108.53586394	34.22416864	27.75	-0.0060	-0.0340	-0.9660	5.41	NULL	NULL	0
20525	2	2	1	170801	103001.40	108.53585912	34.22416738	27.75	0.0180	0.0530	-0.9590	5.41	NULL	NULL	0
20526	2	2	1	170801	103001.50	108.53585436	34.22416617	25.90	0.0340	0.0080	-0.9710	4.01	NULL	NULL	0