1299	1	1	0	170803	092110.20	108.53608434	34.22312977	51.80	-0.0070	0.0360	-0.9890	2.87	60	58	1
1300	1	1	0	170803	092110.30	108.53609362	34.22313208	51.80	0.0170	-0.0720	-1.0240	2.60	60	58	1
1301	1	1	0	170803	092110.40	108.53610299	34.22313444	51.80	0.0020	0.0290	-1.0850	2.60	60	58	1
1302	1	1	0	170803	092110.50	108.53611231	34.22313675	51.80	0.0480	-0.0450	-1.0130	2.60	60	57	1
1303	1	1	0	170803	092110.60	108.53612167	34.22313909	51.80	0.0600	0.0530	-0.9530	2.50	60	58	1
1304	1	1	0	170803	092110.70	108.53613098	34.22314138	51.80	-0.0250	-0.1950	-1.0760	2.50	60	58	1
1305	1	1	0	170803	092110.80	108.53614034	34.22314372	53.65	-0.0130	0.1120	-1.0390	2.50	60	58	1
1306	1	1	0	170803	092110.90	108.53614967	34.22314610	53.65	0.0250	-0.1330	-0.9890	1.83	60	58	1
1307	1	1	0	170803	092111.00	108.53615902	34.22314855	53.65	0.0480	-0.0410	-1.0070	1.83	60	58	1
1308	1	1	0	170803	092111.10	108.53616833	34.22315090	53.65	-0.0790	-0.0790	-1.0640	1.83	60	58	1
1309	1	1	0	170803	092111.20	108.53617765	34.22315337	53.65	0.0260	0.0070	-0.9950	2.27	60	58	1
1310	1	1	0	170803	092111.30	108.53618696	34.22315578	53.65	0.0170	-0.0570	-0.9880	2.27	60	57	1
1311	1	1	0	170803	092111.40	108.53619627	34.22315818	53.65	-0.0310	0.0300	-0.9910	2.27	60	57	1
1312	1	1	0	170803	092111.50	108.53620554	34.22316058	53.65	0.0480	-0.0820	-1.0230	2.27	60	58	1
1313	1	1	0	170803	092111.60	108.53621481	34.22316295	53.65	-0.0710	0.0110	-0.9720	3.89	60	58	1
1314	1	1	0	170803	092111.70	108.53622408	34.22316534	51.80	-0.0230	0.0080	-0.9370	3.89	60	57	1
1315	1	1	0	170803	092111.80	108.53623340	34.22316776	51.80	0.0340	-0.0070	-1.0710	3.54	60	57	1
1316	1	1	0	170803	092111.90	108.53624265	34.22317016	51.80	-0.0760	-0.0090	-1.0630	3.54	60	58	1
1317	1	1	0	170803	092112.00	108.53625200	34.22317251	51.80	0.0190	-0.0400	-1.0360	3.54	60	58	1
1318	1	1	0	170803	092112.10	108.53626126	34.22317490	51.80	0.0110	-0.0180	-0.9680	3.54	60	57	1
1319	1	1	0	170803	092112.20	108.53627063	34.22317722	51.80	0.0350	-0.0300	-1.0060	3.81	60	57	1
1320	1	1	0	170803	092112.30	108.53627986	34.22317961	51.80	-0.0370	0.0150	-1.1100	3.81	60	58	1
1321	1	1	0	170803	092112.40	108.53628921	34.22318205	51.80	0.0200	0.0290	-0.9580	4.16	60	58	1
1322	1	1	0	170803	092112.50	108.53629844	34.22318438	51.80	0.0550	-0.0550	-0.9620	4.16	60	57	1
1323	1	1	0	170803	092112.60	108.53630773	34.22318685	51.80	-0.0290	0.0100	-1.0010	4.16	60	57	1
1324	1	1	0	170803	092112.70	108.53631698	34.22318923	51.80	0.0420	-0.0010	-0.9820	4.16	60	58	1
1325	1	1	0	170803	092112.80	108.53632615	34.22319164	51.80	0.0070	0.0710	-1.0160	2.77	60	58	1
1326	1	1	0	170803	092112.90	108.53633538	34.22319404	51.80	0.0040	-0.0790	-1.0370	2.77	60	57	1
1327	1	1	0	170803	092113.00	108.53634464	34.22319650	51.80	0.0530	0.0350	-0.9800	2.77	60	58	1
1328	1	1	0	170803	092113.10	108.53635393	34.22319884	51.80	0.0080	-0.0210	-0.9590	2.15	60	58	1
1329	1	1	0	170803	092113.20	108.53636305	34.22320146	51.80	0.0420	0.0390	-0.9340	2.15	60	58	1
1330	1	1	0	170803	092113.30	108.53637229	34.22320383	51.80	0.0370	-0.0390	-0.9830	2.15	60	57	1
1331	1	1	0	170803	092113.40	108.53638143	34.22320630	51.80	0.0570	-0.0150	-1.0000	1.95	60	57	1
1332	1	1	0	170803	092113.50	108.53639076	34.22320867	51.80	-0.0060	0.0170	-1.0520	1.95	60	58	1
1333	1	1	0	170803	092113.60	108.53639992	34.22321113	51.80	-0.0220	0.0230	-0.9820	1.95	60	58	1
1334	1	1	0	170803	092113.70	108.53640918	34.22321349	51.80	0.0510	-0.0400	-0.9750	1.89	60	58	1
1335	1	1	0	170803	092113.80	108.53641839	34.22321591	51.80	0.0620	-0.1120	-1.0270	1.89	60	58	1
1336	1	1	0	170803	092113.90	108.53642771	34.22321829	53.65	0.0030	0.0210	-0.9680	1.89	60	58	1
1337	1	1	0	170803	092114.00	108.53643699	34.22322063	53.65	0.0220	0.0230	-0.8500	1.83	60	58	1
1338	1	1	0	170803	092114.10	108.53644631	34.22322303	53.65	0.0410	-0.0770	-0.9450	1.83	60	58	1
1339	1	1	0	170803	092114.20	108.53645566	34.22322530	53.65	0.0690	-0.0600	-0.9200	1.83	60	58	1
1340	1	1	0	170803	092114.30	108.53646501	34.22322772	53.65	-0.0390	0.0130	-1.0500	2.78	60	58	1
1341	1	1	0	170803	092114.40	108.53647430	34.22323023	53.65	0.0170	-0.0700	-1.1040	2.78	60	58	1
1342	1	1	0	170803	092114.50	108.53648368	34.22323266	53.65	0.0070	0.0150	-0.9820	2.78	60	58	1
1343	1	1	0	170803	092114.60	108.53649297	34.22323519	53.65	-0.0870	0.0130	-1.0360	4.30	60	58	1
1344	1	1	0	170803	092114.70	108.53650232	34.22323760	53.65	-0.0170	0.0130	-1.0130	4.30	60	58	1
1345	1	1	0	170803	092114.80	108.53651160	34.22324014	53.65	0.0210	0.0030	-1.0730	4.30	60	58	1
1346	1	1	0	170803	092114.90	108.53652095	34.22324255	53.65	0.0150	0.0090	-0.9460	4.02	60	58	1
1347	1	1	0	170803	092115.00	108.53653017	34.22324508	53.65	0.0100	0.0390	-1.0100	4.02	60	58	1
1348	1	1	0	170803	092115.10	108.53653947	34.22324752	53.65	-0.0440	0.0310	-1.0400	4.02	60	57	1
1349	1	1	0	170803	092115.20	108.53654867	34.22324984	53.65	0.0070	-0.0550	-0.9890	2.55	60	58	1
1350	1	1	0	170803	092115.30	108.53655796	34.22325224	51.80	-0.0130	0.0190	-0.9580	2.55	60	58	1
1351	1	1	0	170803	092115.40	108.53656719	34.22325445	51.80	-0.0830	-0.0870	-1.0980	2.55	60	58	1
1352	1	1	0	170803	092115.50	108.53657647	34.22325686	51.80	0.0140	0.0220	-0.9760	2.55	60	57	1
1353	1	1	0	170803	092115.60	108.53658569	34.22325920	51.80	-0.0210	-0.0550	-1.0490	2.22	60	57	1
1354	1	1	0	170803	092115.70	108.53659495	34.22326159	51.80	0.0080	0.0630	-0.9590	2.22	60	58	1
1355	1	1	0	170803	092115.80	108.53660416	34.22326398	51.80	0.0450	-0.0400	-1.0500	2.04	60	58	1
1356	1	1	0	170803	092115.90	108.53661347	34.22326637	51.80	0.0460	-0.0830	-0.9490	2.04	60	57	1
1357	1	1	0	170803	092116.00	108.53662270	34.22326874	51.80	-0.0600	-0.0000	-0.8880	2.04	60	57	1
1358	1	1	0	170803	092116.10	108.53663193	34.22327111	51.80	-0.0240	-0.1020	-0.9850	2.04	60	58	1
1359	1	1	0	170803	092116.20	108.53664110	34.22327342	51.80	0.0210	-0.0510	-1.0900	1.85	60	58	1
1360	1	1	0	170803	092116.30	108.53665033	34.22327579	51.80	0.0660	0.0310	-1.0180	1.85	60	57	1
1361	1	1	0	170803	092116.40	108.53665959	34.22327799	51.80	0.0710	0.0170	-1.0250	1.82	60	57	1
1362	1	1	0	170803	092116.50	108.53666887	34.22328036	51.80	0.0310	-0.0670	-1.0250	1.82	60	58	1
1363	1	1	0	170803	092116.60	108.53667826	34.22328264	51.80	-0.0390	0.0170	-0.9690	1.82	60	58	1
1364	1	1	0	170803	092116.70	108.53668751	34.22328505	51.80	0.1010	-0.0730	-0.9530	1.82	60	58	1
1365	1	1	0	170803	092116.80	108.53669681	34.22328738	51.80	-0.0250	0.0480	-0.9440	2.68	60	58	1
1366	1	1	0	170803	092116.90	108.53670609	34.22328976	51.80	0.0770	-0.0440	-0.9950	2.68	60	58	1
1367	1	1	0	170803	092117.00	108.53671552	34.22329215	53.65	0.0250	0.0350	-0.9690	4.42	60	58	1
1368	1	1	0	170803	092117.10	108.53672483	34.22329456	53.65	0.0200	0.0090	-0.9780	4.42	60	58	1
1369	1	1	0	170803	092117.20	108.53673424	34.22329693	53.65	0.0980	-0.0710	-1.0130	4.42	60	58	1
1370	1	1	0	170803	092117.30	108.53674358	34.22329933	53.65	0.0680	-0.1930	-1.1230	4.42	60	58	1
1371	1	1	0	170803	092117.40	108.53675297	34.22330170	53.65	-0.0620	-0.0680	-1.0840	4.55	60	58	1
1372	1	1	0	170803	092117.50	108.53676233	34.22330413	53.65	0.0610	0.0550	-1.0200	4.55	60	58	1
1373	1	1	0	170803	092117.60	108.53677176	34.22330648	53.65	0.0640	-0.0960	-0.8250	4.55	60	58	1
1374	1	1	0	170803	092117.70	108.53678113	34.22330890	53.65	0.0620	-0.0640	-0.9580	3.53	60	58	1
1375	1	1	0	170803	092117.80	108.53679058	34.22331105	53.65	-0.0600	-0.0280	-1.0160	3.53	60	58	1
1376	1	1	0	170803	092117.90	108.53679993	34.22331347	53.65	-0.0230	0.0080	-0.8480	3.53	60	58	1
1377	1	1	0	170803	092118.00	108.53680929	34.22331580	53.65	-0.0490	-0.0190	-0.8420	2.26	60	58	1
1378	1	1	0	170803	092118.10	108.53681859	34.22331821	53.65	0.0650	-0.0850	-0.9860	2.26	60	58	1
1379	1	1	0	170803	092118.20	108.53682787	34.22332052	53.65	0.0410	-0.0530	-1.0720	2.26	60	58	1
1380	1	1	0	170803	092118.30	108.53683717	34.22332292	53.65	-0.0280	0.0620	-0.9710	2.04	60	58	1
1381	1	1	0	170803	092118.40	108.53684653	34.22332536	51.80	0.0300	-0.0530	-0.9890	2.04	60	58	1
1382	1	1	0	170803	092118.50	108.53685583	34.22332777	51.80	-0.0320	0.0010	-1.0200	2.04	60	57	1
1383	1	1	0	170803	092118.60	108.53686509	34.22333031	51.80	0.0300	-0.0860	-1.0500	1.88	60	57	1
1384	1	1	0	170803	092118.70	108.53687439	34.22333271	51.80	0.0150	0.0330	-0.9960	1.88	60	58	1
1385	1	1	0	170803	092118.80	108.53688368	34.22333520	51.80	-0.0370	-0.0740	-0.9120	1.88	60	58	1
1386	1	1	0	170803	092118.90	108.53689292	34.22333759	51.80	0.0740	0.0690	-1.0460	1.77	60	57	1
1387	1	1	0	170803	092119.00	108.53690225	34.22334003	51.80	0.0550	-0.0470	-1.0590	1.77	60	57	1
1388	1	1	0	170803	092119.10	108.53691149	34.22334240	51.80	-0.0680	-0.0880	-1.0640	1.77	60	58	1
1389	1	1	0	170803	092119.20	108.53692081	34.22334483	51.80	-0.0640	-0.0880	-1.0050	2.07	60	58	1
1390	1	1	0	170803	092119.30	108.53693004	34.22334720	51.80	-0.0490	-0.0360	-1.0070	2.07	60	57	1
1391	1	1	0	170803	092119.40	108.53693942	34.22334949	51.80	0.0300	-0.0620	-1.0630	2.07	60	57	1
1392	1	1	0	170803	092119.50	108.53694864	34.22335190	51.80	-0.0210	-0.0860	-1.0080	2.07	60	58	1
1393	1	1	0	170803	092119.60	108.53695797	34.22335423	51.80	0.0700	0.0230	-0.9760	3.18	60	58	1
1394	1	1	0	170803	092119.70	108.53696720	34.22335663	51.80	0.0790	-0.0050	-1.0940	3.18	60	58	1
1395	1	1	0	170803	092119.80	108.53697628	34.22335889	51.80	0.0250	0.0180	-1.0140	4.43	60	58	1
1396	1	1	0	170803	092119.90	108.53698552	34.22336130	51.80	0.0500	-0.0170	-1.0970	4.43	60	58	1
1397	1	1	0	170803	092120.00	108.53699433	34.22336373	51.80	0.0340	0.0540	-1.1120	4.43	60	58	1
1398	1	1	0	170803	092120.10	108.53700374	34.22336612	53.65	0.0610	0.0320	-0.1760	4.43	60	58	1
1399	1	1	0	170803	092120.20	108.53701289	34.22336838	53.65	-0.0260	0.0550	-1.0310	3.53	60	58	1
1400	1	1	0	170803	092120.30	108.53702221	34.22337078	53.65	-0.0160	-0.0350	-0.8990	3.53	60	58	1
1401	1	1	0	170803	092120.40	108.53703130	34.22337315	53.65	-0.0020	-0.0830	-1.1230	4.12	60	58	1
1402	1	1	0	170803	092120.50	108.53704063	34.22337557	53.65	0.0340	-0.0060	-1.0120	4.12	60	58	1
1403	1	1	0	170803	092120.60	108.53705003	34.22337802	53.65	-0.0030	-0.0020	-0.9740	4.12	60	57	1
1404	1	1	0	170803	092120.70	108.53705932	34.22338042	53.65	-0.0160	-0.0110	-1.0020	4.12	60	58	1
1405	1	1	0	170803	092120.80	108.53706875	34.22338278	53.65	-0.0530	-0.0520	-0.9370	3.64	60	58	1
1406	1	1	0	170803	092120.90	108.53707802	34.22338515	53.65	0.0410	0.0340	-0.9470	3.64	60	58	1
1407	1	1	0	170803	092121.00	108.53708716	34.22338763	51.80	0.0600	0.0040	-0.9830	3.64	60	57	1
1408	1	1	0	170803	092121.10	108.53709642	34.22338999	51.80	-0.0220	0.0330	-1.0090	2.98	60	57	1
1409	1	1	0	170803	092121.20	108.53710542	34.22339255	51.80	-0.0750	-0.0300	-1.0980	2.98	60	58	1
1410	1	1	0	170803	092121.30	108.53711470	34.22339490	51.80	-0.0180	0.0870	-0.9300	2.98	60	57	1
1411	1	1	0	170803	092121.40	108.53712388	34.22339744	51.80	0.0290	-0.0330	-0.9820	2.59	60	57	1
1412	1	1	0	170803	092121.50	108.53713311	34.22339979	51.80	-0.0540	0.0080	-1.0580	2.59	60	58	1
1413	1	1	0	170803	092121.60	108.53714244	34.22340207	51.80	0.0380	-0.0030	-0.9860	2.59	60	58	1
1414	1	1	0	170803	092121.70	108.53715171	34.22340442	51.80	0.0620	-0.0050	-1.0770	2.40	60	58	1
1415	1	1	0	170803	092121.80	108.53716110	34.22340680	51.80	0.0450	-0.0160	-0.9390	2.40	60	58	1
1416	1	1	0	170803	092121.90	108.53717038	34.22340915	51.80	-0.0170	-0.0140	-0.9220	2.40	60	58	1
1417	1	1	0	170803	092122.00	108.53717993	34.22341138	51.80	0.0330	-0.0100	-0.9940	2.28	60	58	1
1418	1	1	0	170803	092122.10	108.53718924	34.22341375	53.65	0.1160	-0.0270	-1.0280	2.28	60	58	1
1419	1	1	0	170803	092122.20	108.53719868	34.22341610	53.65	0.0130	0.0840	-1.0010	2.28	60	58	1
1420	1	1	0	170803	092122.30	108.53720804	34.22341847	53.65	0.0120	-0.0530	-0.9530	3.14	60	58	1
1421	1	1	0	170803	092122.40	108.53721748	34.22342059	53.65	-0.0250	0.0020	-1.1040	3.14	60	58	1
1422	1	1	0	170803	092122.50	108.53722685	34.22342298	53.65	0.0280	-0.0730	-1.0770	3.14	60	58	1
1423	1	1	0	170803	092122.60	108.53723633	34.22342508	53.65	-0.0130	-0.0600	-1.1080	3.54	60	58	1
1424	1	1	0	170803	092122.70	108.53724572	34.22342744	53.65	0.0010	0.0020	-0.9190	3.54	60	58	1
1425	1	1	0	170803	092122.80	108.53725518	34.22342949	53.65	-0.0420	-0.0590	-0.9480	3.54	60	58	1
1426	1	1	0	170803	092122.90	108.53726453	34.22343184	53.65	-0.0240	-0.1860	-1.1660	4.87	60	58	1
1427	1	1	0	170803	092123.00	108.53727396	34.22343380	53.65	0.0280	0.0300	-1.0150	4.87	60	58	1
1428	1	1	0	170803	092123.10	108.53728328	34.22343619	53.65	-0.0680	-0.0200	-0.9460	4.87	60	57	1
1429	1	1	0	170803	092123.20	108.53729252	34.22343841	53.65	0.0380	-0.1230	-0.9420	4.73	60	57	1
1430	1	1	0	170803	092123.30	108.53730185	34.22344079	53.65	0.0600	-0.0620	-0.9410	4.73	60	58	1
1431	1	1	0	170803	092123.40	108.53731103	34.22344309	53.65	-0.0270	-0.0590	-0.9660	4.73	60	58	1
1432	1	1	0	170803	092123.50	108.53732029	34.22344545	51.80	-0.0480	-0.0360	-1.0400	4.73	60	57	1
1433	1	1	0	170803	092123.60	108.53732949	34.22344776	51.80	0.0120	0.1090	-1.0390	3.16	60	57	1
1434	1	1	0	170803	092123.70	108.53733879	34.22345010	51.80	0.0210	-0.0280	-0.9630	3.16	60	58	1
1435	1	1	0	170803	092123.80	108.53734799	34.22345238	51.80	0.0160	0.0240	-1.0040	3.16	60	58	1
1436	1	1	0	170803	092123.90	108.53735726	34.22345473	51.80	-0.0170	0.0630	-1.0750	2.70	60	57	1
1437	1	1	0	170803	092124.00	108.53736646	34.22345702	51.80	-0.0310	-0.0610	-1.0210	2.70	60	57	1
1438	1	1	0	170803	092124.10	108.53737572	34.22345938	51.80	0.0030	-0.0520	-0.9390	2.70	60	58	1
1439	1	1	0	170803	092124.20	108.53738491	34.22346170	51.80	0.0430	0.0000	-1.0070	2.57	60	58	1
1440	1	1	0	170803	092124.30	108.53739415	34.22346404	51.80	-0.0600	-0.0380	-1.0720	2.57	60	57	1
1441	1	1	0	170803	092124.40	108.53740335	34.22346637	51.80	-0.0470	0.0430	-1.0310	2.61	60	57	1
1442	1	1	0	170803	092124.50	108.53741257	34.22346873	51.80	0.0860	-0.0170	-1.0420	2.61	60	58	1
1443	1	1	0	170803	092124.60	108.53742185	34.22347099	51.80	0.0060	0.0500	-1.0440	2.61	60	58	1
1444	1	1	0	170803	092124.70	108.53743111	34.22347339	51.80	-0.0260	0.0370	-1.1190	2.61	60	57	1
1445	1	1	0	170803	092124.80	108.53744030	34.22347576	51.80	0.0440	-0.0800	-0.9550	4.80	60	57	1
1446	1	1	0	170803	092124.90	108.53744954	34.22347815	51.80	-0.0130	-0.0330	-1.0620	4.80	60	58	1
1447	1	1	0	170803	092125.00	108.53745892	34.22348041	51.80	0.0280	-0.0540	-1.0070	4.45	60	58	1
1448	1	1	0	170803	092125.10	108.53746818	34.22348282	51.80	0.0060	-0.0290	-0.9590	4.45	60	58	1
1449	1	1	0	170803	092125.20	108.53747741	34.22348522	51.80	0.0260	-0.1190	-1.0460	4.45	60	57	1
1450	1	1	0	170803	092125.30	108.53748666	34.22348767	51.80	0.0430	-0.0660	-1.0230	4.45	60	58	1
1451	1	1	0	170803	092125.40	108.53749607	34.22348992	51.80	-0.0120	-0.1120	-1.1560	3.15	60	58	1
1452	1	1	0	170803	092125.50	108.53750535	34.22349234	51.80	-0.0190	-0.0200	-1.0640	3.15	60	58	1
1453	1	1	0	170803	092125.60	108.53751482	34.22349455	53.65	-0.0160	-0.0450	-0.9180	3.15	60	58	1
1454	1	1	0	170803	092125.70	108.53752406	34.22349701	51.80	0.0540	-0.0420	-1.0210	2.67	60	58	1
1455	1	1	0	170803	092125.80	108.53753341	34.22349932	51.80	0.0410	-0.0810	-0.9060	2.67	60	58	1
1456	1	1	0	170803	092125.90	108.53754266	34.22350180	51.80	-0.0330	0.0340	-1.0000	2.67	60	58	1
1457	1	1	0	170803	092126.00	108.53755207	34.22350404	51.80	0.0690	-0.0560	-0.9920	2.49	60	58	1
1458	1	1	0	170803	092126.10	108.53756131	34.22350652	51.80	-0.0020	-0.0120	-1.0550	2.49	60	57	1
1459	1	1	0	170803	092126.20	108.53757070	34.22350878	51.80	0.0210	-0.0500	-0.9330	2.49	60	58	1
1460	1	1	0	170803	092126.30	108.53757994	34.22351129	51.80	-0.0180	0.0090	-1.0450	3.39	60	58	1
1461	1	1	0	170803	092126.40	108.53758926	34.22351369	53.65	0.0530	-0.1740	-1.0550	3.39	60	58	1
1462	1	1	0	170803	092126.50	108.53759854	34.22351620	53.65	0.0090	0.1230	-0.9250	3.39	60	58	1
1463	1	1	0	170803	092126.60	108.53760772	34.22351879	53.65	0.0630	-0.1530	-0.9640	4.55	60	58	1
1464	1	1	0	170803	092126.70	108.53761704	34.22352130	53.65	0.0450	-0.0680	-1.0740	4.55	60	58	1
1465	1	1	0	170803	092126.80	108.53762630	34.22352381	53.65	-0.0040	0.0340	-1.0940	4.55	60	58	1
1466	1	1	0	170803	092126.90	108.53763562	34.22352632	53.65	-0.0440	-0.0410	-1.1130	3.64	60	58	1
1467	1	1	0	170803	092127.00	108.53764490	34.22352885	53.65	0.0200	-0.0770	-1.0550	3.64	60	58	1
1468	1	1	0	170803	092127.10	108.53765422	34.22353135	53.65	-0.0590	0.0980	-1.1340	3.64	60	58	1
1469	1	1	0	170803	092127.20	108.53766348	34.22353386	53.65	0.0300	-0.0680	-0.9840	3.64	60	58	1
1470	1	1	0	170803	092127.30	108.53767276	34.22353634	53.65	-0.0320	0.0420	-1.1100	3.64	60	57	1
1471	1	1	0	170803	092127.40	108.53768212	34.22353877	53.65	0.0300	-0.0330	-0.9320	3.64	60	57	1
1472	1	1	0	170803	092127.50	108.53769140	34.22354123	53.65	0.0860	0.0700	-0.9880	3.64	60	58	1
1473	1	1	0	170803	092127.60	108.53770069	34.22354367	51.80	-0.0620	-0.0750	-0.8530	2.91	60	58	1
1474	1	1	0	170803	092127.70	108.53770991	34.22354612	51.80	0.0910	0.0920	-1.0650	2.91	60	57	1
1475	1	1	0	170803	092127.80	108.53771913	34.22354855	51.80	0.0420	-0.1390	-1.0660	2.58	60	57	1
1476	1	1	0	170803	092127.90	108.53772838	34.22355100	51.80	0.0080	0.1600	-1.0000	2.58	60	58	1
1477	1	1	0	170803	092128.00	108.53773760	34.22355343	51.80	-0.0700	-0.0530	-1.0010	2.58	60	58	1
1478	1	1	0	170803	092128.10	108.53774680	34.22355585	51.80	0.0110	0.0540	-1.0190	2.58	60	57	1
1479	1	1	0	170803	092128.20	108.53775598	34.22355844	51.80	0.0610	-0.0460	-1.0250	2.58	60	57	1
1480	1	1	0	170803	092128.30	108.53776518	34.22356086	51.80	-0.0510	0.0220	-1.0160	2.58	60	58	1
1481	1	1	0	170803	092128.40	108.53777439	34.22356343	51.80	0.0470	0.0150	-1.0600	2.30	60	58	1
1482	1	1	0	170803	092128.50	108.53778362	34.22356584	51.80	0.0140	-0.0150	-1.0360	2.30	60	57	1
1483	1	1	0	170803	092128.60	108.53779284	34.22356837	51.80	0.0650	-0.0120	-1.0020	2.30	60	57	1
1484	1	1	0	170803	092128.70	108.53780204	34.22357079	51.80	-0.0220	-0.0000	-0.9700	2.30	60	58	1
1485	1	1	0	170803	092128.80	108.53781120	34.22357343	51.80	0.0250	0.0430	-1.0100	2.26	60	58	1
1486	1	1	0	170803	092128.90	108.53782045	34.22357584	51.80	0.0720	-0.0070	-1.0200	2.26	60	58	1
1487	1	1	0	170803	092129.00	108.53782948	34.22357860	51.80	-0.0260	0.0510	-0.9600	3.32	60	58	1
1488	1	1	0	170803	092129.10	108.53783875	34.22358104	51.80	0.0420	-0.0860	-1.0670	3.32	60	58	1
1489	1	1	0	170803	092129.20	108.53784800	34.22358366	51.80	-0.0410	0.0710	-0.9160	3.32	60	58	1
1490	1	1	0	170803	092129.30	108.53785725	34.22358608	51.80	0.0170	0.0060	-1.0300	3.32	60	58	1
1491	1	1	0	170803	092129.40	108.53786644	34.22358876	53.65	0.0410	-0.0350	-0.9240	3.95	60	58	1
1492	1	1	0	170803	092129.50	108.53787569	34.22359120	51.80	-0.0090	-0.0370	-0.9420	3.95	60	58	1
1493	1	1	0	170803	092129.60	108.53788495	34.22359381	51.80	0.0240	-0.0570	-1.0220	3.95	60	58	1
1494	1	1	0	170803	092129.70	108.53789421	34.22359625	51.80	0.0440	0.0190	-1.0450	3.39	60	58	1
1495	1	1	0	170803	092129.80	108.53790371	34.22359862	51.80	0.0400	-0.0490	-1.0590	3.39	60	58	1
1496	1	1	0	170803	092129.90	108.53791299	34.22360103	51.80	-0.0550	-0.0020	-0.9290	3.39	60	58	1
1497	1	1	0	170803	092130.00	108.53792243	34.22360344	53.65	-0.0090	0.0080	-1.0540	3.78	60	58	1
1498	1	1	0	170803	092130.10	108.53793171	34.22360590	53.65	0.0380	0.0240	-0.9970	3.78	60	58	1
1499	1	1	0	170803	092130.20	108.53794117	34.22360827	53.65	0.0680	-0.0140	-1.0270	3.78	60	58	1
1500	1	1	0	170803	092130.30	108.53795049	34.22361070	53.65	0.0620	-0.1000	-1.0410	3.78	60	58	1
1501	1	1	0	170803	092130.40	108.53795989	34.22361312	53.65	0.0020	0.0080	-1.0080	3.78	60	58	1
1502	1	1	0	170803	092130.50	108.53796924	34.22361554	53.65	0.0330	-0.1140	-1.0350	3.78	60	58	1
1503	1	1	0	170803	092130.60	108.53797850	34.22361807	53.65	0.0130	-0.0570	-1.0280	3.05	60	58	1
1504	1	1	0	170803	092130.70	108.53798783	34.22362050	53.65	-0.0220	-0.0440	-1.0930	3.05	60	58	1
1505	1	1	0	170803	092130.80	108.53799699	34.22362312	53.65	0.0230	-0.0170	-0.9850	3.05	60	58	1
1506	1	1	0	170803	092130.90	108.53800629	34.22362556	53.65	-0.0180	-0.0020	-0.9360	2.60	60	58	1
1507	1	1	0	170803	092131.00	108.53801553	34.22362799	53.65	-0.0010	0.0060	-1.0200	2.60	60	58	1
1508	1	1	0	170803	092131.10	108.53802484	34.22363040	53.65	-0.0300	0.0530	-0.9960	2.60	60	57	1
1509	1	1	0	170803	092131.20	108.53803412	34.22363275	53.65	-0.0870	0.0380	-0.9220	2.41	60	57	1
1510	1	1	0	170803	092131.30	108.53804338	34.22363511	51.80	-0.0310	-0.0430	-1.0240	2.41	60	58	1
1511	1	1	0	170803	092131.40	108.53805276	34.22363734	51.80	0.0420	-0.0940	-0.9350	2.41	60	58	1
1512	1	1	0	170803	092131.50	108.53806200	34.22363974	51.80	-0.0350	-0.1000	-1.0840	2.41	60	57	1
1513	1	1	0	170803	092131.60	108.53807128	34.22364200	51.80	-0.0450	-0.0320	-1.0390	2.38	60	57	1
1514	1	1	0	170803	092131.70	108.53808053	34.22364439	51.80	0.0280	-0.0150	-0.9590	2.38	60	58	1
1515	1	1	0	170803	092131.80	108.53808966	34.22364682	51.80	0.0210	-0.0690	-1.0760	2.23	60	58	1
1516	1	1	0	170803	092131.90	108.53809887	34.22364920	51.80	0.0070	-0.0840	-0.9750	2.23	60	57	1
1517	1	1	0	170803	092132.00	108.53810797	34.22365166	51.80	0.0180	-0.0320	-1.0290	2.23	60	57	1
1518	1	1	0	170803	092132.10	108.53811720	34.22365405	51.80	0.0150	0.0160	-1.0040	2.23	60	58	1
1519	1	1	0	170803	092132.20	108.53812629	34.22365649	51.80	-0.0100	0.0320	-0.8980	2.26	60	58	1
1520	1	1	0	170803	092132.30	108.53813550	34.22365888	51.80	-0.0210	-0.1370	-1.0910	2.26	60	57	1
1521	1	1	0	170803	092132.40	108.53814477	34.22366115	51.80	0.0020	-0.0240	-1.0070	2.90	60	57	1
1522	1	1	0	170803	092132.50	108.53815400	34.22366354	51.80	0.0270	-0.0150	-1.0560	2.90	60	58	1
1523	1	1	0	170803	092132.60	108.53816351	34.22366574	51.80	0.0130	0.0030	-0.9330	2.90	60	58	1
1524	1	1	0	170803	092132.70	108.53817277	34.22366815	51.80	0.0010	0.0230	-0.9950	2.90	60	57	1
1525	1	1	0	170803	092132.80	108.53818231	34.22367038	51.80	-0.0380	-0.0590	-0.9820	3.99	60	57	1
1526	1	1	0	170803	092132.90	108.53819156	34.22367277	51.80	-0.0230	0.0710	-0.9030	3.99	60	58	1
1527	1	1	0	170803	092133.00	108.53820103	34.22367502	51.80	-0.0310	-0.0730	-1.0840	4.03	60	57	1
1528	1	1	0	170803	092133.10	108.53821029	34.22367743	51.80	0.0370	0.0470	-0.9170	4.03	60	58	1
1529	1	1	0	170803	092133.20	108.53821967	34.22367973	51.80	0.0570	-0.0670	-1.0390	4.03	60	57	1
1530	1	1	0	170803	092133.30	108.53822894	34.22368218	51.80	-0.0160	-0.0450	-1.0120	4.03	60	58	1
1531	1	1	0	170803	092133.40	108.53823813	34.22368474	51.80	0.0070	-0.0410	-1.0050	3.26	60	58	1
1532	1	1	0	170803	092133.50	108.53824740	34.22368718	51.80	0.0420	-0.0030	-0.9980	3.26	60	58	1
1533	1	1	0	170803	092133.60	108.53825660	34.22368973	53.65	0.0190	-0.0950	-1.0230	3.26	60	58	1
1534	1	1	0	170803	092133.70	108.53826584	34.22369220	51.80	0.0390	0.0100	-1.0540	3.01	60	58	1
1535	1	1	0	170803	092133.80	108.53827501	34.22369474	51.80	0.0140	-0.0620	-1.0340	3.01	60	58	1
1536	1	1	0	170803	092133.90	108.53828428	34.22369721	53.65	0.0100	-0.0880	-0.9440	3.01	60	58	1
1537	1	1	0	170803	092134.00	108.53829347	34.22369974	53.65	0.0410	0.0270	-1.0170	2.60	60	58	1
1538	1	1	0	170803	092134.10	108.53830275	34.22370223	53.65	-0.0390	-0.1550	-1.0870	2.60	60	57	1
1539	1	1	0	170803	092134.20	108.53831190	34.22370481	53.65	-0.0280	0.0120	-0.9150	2.60	60	58	1
1540	1	1	0	170803	092134.30	108.53832117	34.22370728	53.65	-0.0090	-0.0210	-0.9720	2.39	60	58	1
1541	1	1	0	170803	092134.40	108.53833039	34.22370976	53.65	0.0300	-0.0240	-0.9960	2.39	60	58	1
1542	1	1	0	170803	092134.50	108.53833964	34.22371225	51.80	0.0530	0.0010	-0.9910	2.39	60	57	1
1543	1	1	0	170803	092134.60	108.53834887	34.22371474	51.80	0.0120	0.0150	-0.9510	2.39	60	57	1
1544	1	1	0	170803	092134.70	108.53835813	34.22371723	51.80	0.0360	-0.1440	-0.8980	2.39	60	58	1
1545	1	1	0	170803	092134.80	108.53836735	34.22371972	51.80	-0.1060	-0.0180	-0.9620	2.39	60	58	1
1546	1	1	0	170803	092134.90	108.53837657	34.22372219	51.80	0.0000	-0.0460	-1.0230	2.98	60	57	1
1547	1	1	0	170803	092135.00	108.53838575	34.22372468	51.80	0.0150	0.0280	-0.9470	2.98	60	57	1
1548	1	1	0	170803	092135.10	108.53839495	34.22372716	51.80	-0.0040	-0.0940	-1.0920	2.98	60	58	1
1549	1	1	0	170803	092135.20	108.53840411	34.22372962	51.80	0.0350	0.0850	-1.0380	3.85	60	58	1
1550	1	1	0	170803	092135.30	108.53841334	34.22373207	51.80	0.0480	-0.0410	-0.9030	3.85	60	57	1
1551	1	1	0	170803	092135.40	108.53842255	34.22373453	51.80	0.0050	-0.1160	-0.8850	3.85	60	57	1
1552	1	1	0	170803	092135.50	108.53843176	34.22373702	51.80	0.0230	-0.0200	-1.0120	3.85	60	58	1
1553	1	1	0	170803	092135.60	108.53844094	34.22373947	51.80	0.0450	-0.0730	-0.9930	3.60	60	58	1
1554	1	1	0	170803	092135.70	108.53845013	34.22374196	51.80	-0.0140	-0.0140	-1.0230	3.60	60	57	1
1555	1	1	0	170803	092135.80	108.53845932	34.22374441	51.80	0.1060	0.0670	-1.0380	4.03	60	57	1
1556	1	1	0	170803	092135.90	108.53846856	34.22374689	51.80	0.0560	-0.1370	-1.0680	4.03	60	58	1
1557	1	1	0	170803	092136.00	108.53847783	34.22374935	51.80	0.0520	-0.0220	-1.0350	4.03	60	58	1
1558	1	1	0	170803	092136.10	108.53848707	34.22375186	51.80	0.0700	-0.0500	-1.0200	4.03	60	57	1
1559	1	1	0	170803	092136.20	108.53849637	34.22375435	53.65	-0.0280	-0.0750	-0.9130	3.66	60	57	1
1560	1	1	0	170803	092136.30	108.53850560	34.22375688	53.65	-0.0170	0.0030	-1.0420	3.66	60	58	1
1561	1	1	0	170803	092136.40	108.53851485	34.22375939	53.65	0.0410	0.0250	-1.0340	4.74	60	58	1
1562	1	1	0	170803	092136.50	108.53852408	34.22376192	53.65	0.0680	-0.0800	-1.0570	4.74	60	58	1
1563	1	1	0	170803	092136.60	108.53853332	34.22376444	51.80	0.0290	-0.0540	-0.9450	4.74	60	58	1
1564	1	1	0	170803	092136.70	108.53854254	34.22376699	51.80	-0.0420	-0.0280	-1.0750	4.74	60	58	1
1565	1	1	0	170803	092136.80	108.53855180	34.22376954	51.80	0.0340	-0.0130	-1.0300	4.63	60	58	1
1566	1	1	0	170803	092136.90	108.53856105	34.22377208	53.65	0.0550	-0.0590	-0.8910	4.63	60	58	1
1567	1	1	0	170803	092137.00	108.53857031	34.22377465	53.65	-0.0420	-0.0560	-1.0160	3.36	60	58	1
1568	1	1	0	170803	092137.10	108.53857960	34.22377721	53.65	0.0880	-0.1020	-0.9280	3.36	60	58	1
1569	1	1	0	170803	092137.20	108.53858891	34.22377977	53.65	-0.0480	-0.0140	-0.9130	3.36	60	58	1
1570	1	1	0	170803	092137.30	108.53859820	34.22378235	53.65	0.0410	-0.0200	-0.9060	3.36	60	58	1
1571	1	1	0	170803	092137.40	108.53860750	34.22378492	53.65	0.0320	-0.0550	-1.0890	2.59	60	58	1
1572	1	1	0	170803	092137.50	108.53861680	34.22378750	53.65	-0.0660	-0.0940	-1.0720	2.59	60	58	1
1573	1	1	0	170803	092137.60	108.53862607	34.22379009	53.65	0.0230	0.0520	-1.0130	2.59	60	58	1
1574	1	1	0	170803	092137.70	108.53863533	34.22379266	53.65	-0.0660	-0.1130	-1.0430	2.24	60	58	1
1575	1	1	0	170803	092137.80	108.53864456	34.22379520	53.65	0.0040	-0.0070	-0.9830	2.24	60	58	1
1576	1	1	0	170803	092137.90	108.53865378	34.22379777	53.65	-0.0140	0.0450	-1.0490	2.24	60	58	1
1577	1	1	0	170803	092138.00	108.53866297	34.22380032	51.80	0.0440	0.0360	-1.0770	2.03	60	57	1
1578	1	1	0	170803	092138.10	108.53867220	34.22380290	51.80	-0.0020	-0.0230	-0.9960	2.03	60	58	1
1579	1	1	0	170803	092138.20	108.53868138	34.22380546	51.80	0.0010	0.0440	-0.9040	2.03	60	58	1
1580	1	1	0	170803	092138.30	108.53869057	34.22380804	51.80	-0.0020	-0.0210	-0.9520	1.78	60	57	1
1581	1	1	0	170803	092138.40	108.53869975	34.22381062	51.80	-0.0290	-0.0290	-1.0960	1.78	60	57	1
1582	1	1	0	170803	092138.50	108.53870891	34.22381321	51.80	-0.0220	-0.0040	-1.0500	1.78	60	58	1
1583	1	1	0	170803	092138.60	108.53871805	34.22381581	51.80	-0.0010	0.0170	-1.1830	1.88	60	57	1
1584	1	1	0	170803	092138.70	108.53872720	34.22381842	51.80	-0.0150	0.0120	-1.0290	1.88	60	57	1
1585	1	1	0	170803	092138.80	108.53873635	34.22382103	51.80	-0.0120	-0.0800	-0.9520	1.88	60	57	1
1586	1	1	0	170803	092138.90	108.53874549	34.22382364	51.80	-0.0100	-0.0300	-1.0030	2.83	60	58	1
1587	1	1	0	170803	092139.00	108.53875467	34.22382628	51.80	0.0050	-0.1040	-0.9970	2.83	60	58	1
1588	1	1	0	170803	092139.10	108.53876383	34.22382890	51.80	0.0410	-0.1530	-0.8750	2.83	60	58	1
1589	1	1	0	170803	092139.20	108.53877301	34.22383154	51.80	0.0280	-0.0090	-1.1100	4.15	60	58	1
1590	1	1	0	170803	092139.30	108.53878221	34.22383419	51.80	0.0480	-0.0910	-1.0030	4.15	60	58	1
1591	1	1	0	170803	092139.40	108.53879140	34.22383684	53.65	0.0280	-0.0520	-0.9640	4.15	60	58	1
1592	1	1	0	170803	092139.50	108.53880061	34.22383951	53.65	0.0730	-0.0020	-1.0500	4.15	60	58	1
1593	1	1	0	170803	092139.60	108.53880981	34.22384216	53.65	0.0290	-0.0520	-0.9010	4.09	60	58	1
1594	1	1	0	170803	092139.70	108.53881903	34.22384482	53.65	0.0470	-0.0350	-1.0760	4.09	60	58	1
1595	1	1	0	170803	092139.80	108.53882822	34.22384749	53.65	0.0200	-0.0140	-1.0570	4.26	60	58	1
1596	1	1	0	170803	092139.90	108.53883748	34.22385015	53.65	-0.0490	-0.0360	-0.9220	4.26	60	58	1
1597	1	1	0	170803	092140.00	108.53884667	34.22385282	53.65	-0.0290	0.0040	-1.0180	4.26	60	58	1
1598	1	1	0	170803	092140.10	108.53885589	34.22385549	53.65	-0.0110	-0.0330	-1.0160	4.26	60	58	1
1599	1	1	0	170803	092140.20	108.53886506	34.22385815	53.65	0.0170	0.0120	-1.0640	3.16	60	58	1
1600	1	1	0	170803	092140.30	108.53887427	34.22386082	53.65	0.0180	-0.0360	-0.9310	3.16	60	58	1
1601	1	1	0	170803	092140.40	108.53888342	34.22386349	53.65	-0.0710	-0.0380	-1.0340	2.36	60	58	1
1602	1	1	0	170803	092140.50	108.53889261	34.22386615	53.65	0.0070	0.0400	-0.9000	2.36	60	58	1
1603	1	1	0	170803	092140.60	108.53890176	34.22386890	51.80	-0.0240	0.0190	-1.0940	2.36	60	58	1
1604	1	1	0	170803	092140.70	108.53891094	34.22387155	51.80	0.0350	-0.0060	-0.9680	2.36	60	57	1
1605	1	1	0	170803	092140.80	108.53892008	34.22387420	51.80	-0.0340	0.0040	-1.0410	2.11	60	57	1
1606	1	1	0	170803	092140.90	108.53892926	34.22387685	51.80	0.0160	-0.0400	-0.9610	2.11	60	58	1
1607	1	1	0	170803	092141.00	108.53893838	34.22387948	51.80	-0.0180	-0.0260	-1.0090	1.84	60	57	1
1608	1	1	0	170803	092141.10	108.53894752	34.22388211	51.80	0.0130	-0.0230	-1.0560	1.84	60	57	1
1609	1	1	0	170803	092141.20	108.53895663	34.22388475	51.80	-0.0420	-0.0210	-0.9210	1.84	60	57	1
1610	1	1	0	170803	092141.30	108.53896575	34.22388739	51.80	0.0100	-0.0450	-0.9920	1.84	60	58	1
1611	1	1	0	170803	092141.40	108.53897485	34.22389002	51.80	0.0610	-0.0480	-1.0840	1.76	60	58	1
1612	1	1	0	170803	092141.50	108.53898400	34.22389267	51.80	0.0050	-0.1060	-0.9340	1.76	60	58	1
1613	1	1	0	170803	092141.60	108.53899312	34.22389532	51.80	0.0060	0.0070	-1.0060	1.76	60	57	1
1614	1	1	0	170803	092141.70	108.53900226	34.22389799	51.80	0.0680	-0.0260	-1.0010	2.10	60	58	1
1615	1	1	0	170803	092141.80	108.53901139	34.22390066	51.80	-0.0180	-0.0350	-0.9730	2.10	60	58	1
1616	1	1	0	170803	092141.90	108.53902052	34.22390334	51.80	0.0090	0.0020	-1.0290	2.10	60	58	1
1617	1	1	0	170803	092142.00	108.53902977	34.22390594	51.80	0.0600	0.0500	-1.1330	3.72	60	58	1
1618	1	1	0	170803	092142.10	108.53903900	34.22390865	53.65	0.0080	0.0040	-0.9520	3.72	60	58	1
1619	1	1	0	170803	092142.20	108.53904835	34.22391124	53.65	0.0130	0.0360	-0.8990	3.72	60	58	1
1620	1	1	0	170803	092142.30	108.53905757	34.22391395	53.65	0.0150	-0.0120	-0.8490	4.62	60	58	1
1621	1	1	0	170803	092142.40	108.53906693	34.22391654	53.65	-0.0020	0.0180	-1.0360	4.62	60	58	1
1622	1	1	0	170803	092142.50	108.53907616	34.22391928	53.65	-0.0100	-0.0250	-0.9750	4.62	60	58	1
1623	1	1	0	170803	092142.60	108.53908546	34.22392190	53.65	0.0530	0.0340	-1.0550	2.75	60	58	1
1624	1	1	0	170803	092142.70	108.53909469	34.22392464	53.65	-0.0170	0.0390	-1.0160	2.75	60	58	1
1625	1	1	0	170803	092142.80	108.53910399	34.22392729	53.65	0.0110	-0.1320	-1.0710	2.75	60	58	1
1626	1	1	0	170803	092142.90	108.53911320	34.22393002	53.65	-0.0330	0.0180	-1.0430	2.35	60	58	1
1627	1	1	0	170803	092143.00	108.53912246	34.22393266	53.65	-0.0100	-0.0500	-1.0680	2.35	60	58	1
1628	1	1	0	170803	092143.10	108.53913164	34.22393540	53.65	0.0420	0.0500	-0.9850	2.35	60	58	1
1629	1	1	0	170803	092143.20	108.53914086	34.22393806	53.65	-0.0070	0.0470	-0.8490	2.03	60	58	1
1630	1	1	0	170803	092143.30	108.53915004	34.22394078	53.65	0.0280	0.0330	-0.9450	2.03	60	58	1
1631	1	1	0	170803	092143.40	108.53915925	34.22394346	53.65	0.0150	-0.0190	-0.9750	2.03	60	58	1
1632	1	1	0	170803	092143.50	108.53916838	34.22394618	51.80	-0.0390	-0.0310	-1.0370	2.03	60	58	1
1633	1	1	0	170803	092143.60	108.53917754	34.22394888	51.80	-0.0870	0.0140	-1.0240	1.86	60	58	1
1634	1	1	0	170803	092143.70	108.53918669	34.22395162	51.80	0.0180	-0.1270	-1.0420	1.86	60	57	1
1635	1	1	0	170803	092143.80	108.53919582	34.22395431	51.80	-0.0030	0.0130	-0.9100	1.95	60	57	1
1636	1	1	0	170803	092143.90	108.53920492	34.22395703	51.80	0.0730	-0.0490	-0.9490	1.95	60	58	1
1637	1	1	0	170803	092144.00	108.53921405	34.22395975	51.80	-0.0840	-0.0060	-0.9280	1.95	60	57	1
1638	1	1	0	170803	092144.10	108.53922314	34.22396250	51.80	0.0630	-0.0420	-0.9930	1.95	60	57	1
1639	1	1	0	170803	092144.20	108.53923231	34.22396522	51.80	0.0880	-0.0510	-0.9300	3.53	60	57	1
1640	1	1	0	170803	092144.30	108.53924141	34.22396798	51.80	-0.0690	-0.0390	-0.8740	3.53	60	58	1
1641	1	1	0	170803	092144.40	108.53925053	34.22397072	51.80	-0.0350	-0.0240	-1.0060	4.27	60	58	1
1642	1	1	0	170803	092144.50	108.53925957	34.22397347	51.80	0.0510	-0.0780	-1.0180	4.27	60	57	1
1643	1	1	0	170803	092144.60	108.53926869	34.22397620	51.80	0.0500	-0.0880	-1.0870	4.27	60	57	1
1644	1	1	0	170803	092144.70	108.53927778	34.22397899	51.80	0.0330	-0.0820	-0.9130	4.27	60	58	1
1645	1	1	0	170803	092144.80	108.53928691	34.22398166	51.80	0.0330	0.0080	-1.0100	4.42	60	58	1
1646	1	1	0	170803	092144.90	108.53929601	34.22398445	51.80	0.0280	-0.0460	-0.9460	4.42	60	58	1
1647	1	1	0	170803	092145.00	108.53930515	34.22398722	51.80	0.0290	0.0160	-0.9980	2.88	60	58	1
1648	1	1	0	170803	092145.10	108.53931429	34.22399004	53.65	0.0320	-0.0410	-1.0660	2.88	60	58	1
1649	1	1	0	170803	092145.20	108.53932345	34.22399287	53.65	0.0130	0.0860	-0.9970	2.88	60	58	1
1650	1	1	0	170803	092145.30	108.53933260	34.22399574	53.65	0.0440	-0.0940	-1.0370	2.88	60	58	1
1651	1	1	0	170803	092145.40	108.53934183	34.22399864	53.65	0.0950	0.0160	-1.0400	2.40	60	58	1
1652	1	1	0	170803	092145.50	108.53935103	34.22400148	53.65	-0.0360	-0.0110	-0.9440	2.40	60	58	1
1653	1	1	0	170803	092145.60	108.53936041	34.22400434	53.65	-0.0490	-0.0790	-0.9790	2.40	60	58	1
1654	1	1	0	170803	092145.70	108.53936959	34.22400721	53.65	0.0690	-0.0440	-0.9840	2.06	60	58	1
1655	1	1	0	170803	092145.80	108.53937892	34.22401003	53.65	-0.0160	-0.0220	-0.9530	2.06	60	58	1
1656	1	1	0	170803	092145.90	108.53938810	34.22401290	53.65	-0.0090	-0.0800	-0.9320	2.06	60	58	1
1657	1	1	0	170803	092146.00	108.53939735	34.22401576	53.65	-0.0540	0.0690	-1.0060	2.13	60	58	1
1658	1	1	0	170803	092146.10	108.53940650	34.22401863	53.65	0.0760	0.0200	-0.9560	2.13	60	58	1
1659	1	1	0	170803	092146.20	108.53941570	34.22402149	53.65	-0.0220	-0.0750	-0.9460	2.13	60	58	1
1660	1	1	0	170803	092146.30	108.53942483	34.22402436	53.65	-0.0380	0.0780	-1.0200	2.11	60	58	1
1661	1	1	0	170803	092146.40	108.53943400	34.22402721	53.65	0.0460	-0.0710	-1.0320	2.11	60	58	1
1662	1	1	0	170803	092146.50	108.53944311	34.22403007	53.65	-0.0880	0.0060	-1.0280	2.11	60	58	1
1663	1	1	0	170803	092146.60	108.53945222	34.22403291	51.80	0.0170	-0.0330	-1.0620	2.06	60	58	1
1664	1	1	0	170803	092146.70	108.53946133	34.22403577	51.80	-0.0610	-0.1210	-1.0870	2.06	60	57	1
1665	1	1	0	170803	092146.80	108.53947041	34.22403860	51.80	-0.0150	0.0070	-1.1010	2.06	60	57	1
1666	1	1	0	170803	092146.90	108.53947950	34.22404147	51.80	-0.0110	-0.0060	-0.9600	2.50	60	58	1
1667	1	1	0	170803	092147.00	108.53948859	34.22404435	51.80	0.0130	0.0480	-0.9270	2.50	60	58	1
1668	1	1	0	170803	092147.10	108.53949764	34.22404719	51.80	-0.0030	-0.0060	-1.0920	2.50	60	57	1
1669	1	1	0	170803	092147.20	108.53950668	34.22405000	51.80	0.0060	-0.0110	-0.9890	3.24	60	57	1
1670	1	1	0	170803	092147.30	108.53951571	34.22405288	51.80	-0.0160	-0.0140	-1.0190	3.24	60	58	1
1671	1	1	0	170803	092147.40	108.53952476	34.22405578	51.80	-0.0130	-0.0360	-1.0480	3.24	60	58	1
1672	1	1	0	170803	092147.50	108.53953383	34.22405862	51.80	0.0420	0.0850	-1.0300	3.24	60	57	1
1673	1	1	0	170803	092147.60	108.53954290	34.22406150	51.80	0.0440	-0.0100	-0.9550	3.91	60	57	1
1674	1	1	0	170803	092147.70	108.53955195	34.22406437	51.80	0.0120	-0.0340	-0.9320	3.91	60	58	1
1675	1	1	0	170803	092147.80	108.53956107	34.22406725	51.80	-0.0140	-0.0380	-1.0410	3.40	60	58	1
1676	1	1	0	170803	092147.90	108.53957015	34.22407011	51.80	0.0950	-0.0720	-1.0860	3.40	60	58	1
1677	1	1	0	170803	092148.00	108.53957931	34.22407304	51.80	0.0720	-0.0330	-1.0070	3.40	60	58	1
1678	1	1	0	170803	092148.10	108.53958842	34.22407590	53.65	-0.0150	-0.0150	-1.0310	3.40	60	58	1
1679	1	1	0	170803	092148.20	108.53959756	34.22407880	53.65	-0.0220	0.0200	-1.0600	3.44	60	58	1
1680	1	1	0	170803	092148.30	108.53960671	34.22408168	53.65	0.0400	0.0770	-0.8790	3.44	60	58	1
1681	1	1	0	170803	092148.40	108.53961586	34.22408455	53.65	-0.0460	0.0070	-0.9790	3.51	60	58	1
1682	1	1	0	170803	092148.50	108.53962502	34.22408741	53.65	0.0500	-0.0000	-1.0320	3.51	60	58	1
1683	1	1	0	170803	092148.60	108.53963418	34.22409028	53.65	-0.0480	-0.0060	-1.0190	3.51	60	58	1
1684	1	1	0	170803	092148.70	108.53964333	34.22409316	53.65	0.0480	-0.0460	-0.9660	3.51	60	58	1
1685	1	1	0	170803	092148.80	108.53965245	34.22409606	53.65	-0.0270	-0.0290	-1.1570	3.84	60	58	1
1686	1	1	0	170803	092148.90	108.53966160	34.22409895	53.65	-0.0010	0.0090	-1.0180	3.84	60	58	1
1687	1	1	0	170803	092149.00	108.53967071	34.22410179	53.65	-0.0360	0.0520	-0.9380	4.54	60	58	1
1688	1	1	0	170803	092149.10	108.53967982	34.22410466	53.65	-0.0730	-0.0110	-1.0210	4.54	60	58	1
1689	1	1	0	170803	092149.20	108.53968889	34.22410745	53.65	0.1080	-0.0500	-1.0400	4.54	60	58	1
1690	1	1	0	170803	092149.30	108.53969798	34.22411032	51.80	-0.1070	-0.0350	-1.0330	4.54	60	58	1
1691	1	1	0	170803	092149.40	108.53970703	34.22411319	51.80	0.0370	0.0530	-1.0090	4.01	60	58	1
1692	1	1	0	170803	092149.50	108.53971610	34.22411608	51.80	0.0270	-0.0400	-1.0180	4.01	60	58	1
1693	1	1	0	170803	092149.60	108.53972504	34.22411901	51.80	0.0110	-0.0010	-0.9280	4.01	60	58	1
1694	1	1	0	170803	092149.70	108.53973409	34.22412189	51.80	0.0130	-0.0010	-1.0120	2.63	60	57	1
1695	1	1	0	170803	092149.80	108.53974300	34.22412486	51.80	0.0210	-0.0090	-1.0630	2.63	60	57	1
1696	1	1	0	170803	092149.90	108.53975202	34.22412775	51.80	-0.0230	-0.1020	-1.1060	2.63	60	58	1
1697	1	1	0	170803	092150.00	108.53976097	34.22413072	51.80	0.0310	-0.0220	-1.0080	2.63	60	58	1
1698	1	1	0	170803	092150.10	108.53976999	34.22413363	51.80	-0.0150	-0.1400	-0.9280	2.63	60	57	1
1699	1	1	0	170803	092150.20	108.53977905	34.22413666	51.80	-0.0340	-0.1480	-1.0580	2.63	60	57	1
1700	1	1	0	170803	092150.30	108.53978809	34.22413958	51.80	0.1330	0.1030	-0.9820	2.36	60	58	1
1701	1	1	0	170803	092150.40	108.53979715	34.22414268	51.80	0.0350	-0.0790	-0.9370	2.36	60	58	1
1702	1	1	0	170803	092150.50	108.53980619	34.22414561	51.80	0.0310	0.0220	-1.0400	2.36	60	58	1
1703	1	1	0	170803	092150.60	108.53981526	34.22414873	51.80	0.0700	-0.0100	-1.0130	2.23	60	58	1
1704	1	1	0	170803	092150.70	108.53982434	34.22415167	53.65	-0.0220	-0.0430	-1.0290	2.23	60	58	1
1705	1	1	0	170803	092150.80	108.53983353	34.22415475	53.65	0.0290	-0.0350	-0.9610	2.23	60	58	1
1706	1	1	0	170803	092150.90	108.53984259	34.22415772	53.65	0.0050	0.0310	-1.0440	3.17	60	58	1
1707	1	1	0	170803	092151.00	108.53985167	34.22416082	53.65	0.0190	-0.0430	-1.0680	3.17	60	58	1
1708	1	1	0	170803	092151.10	108.53986073	34.22416380	53.65	-0.0340	-0.0550	-1.1210	3.17	60	58	1
1709	1	1	0	170803	092151.20	108.53986978	34.22416692	53.65	0.0630	-0.0650	-1.1660	3.98	60	58	1
1710	1	1	0	170803	092151.30	108.53987887	34.22416992	53.65	-0.0380	0.0350	-0.9610	3.98	60	58	1
1711	1	1	0	170803	092151.40	108.53988794	34.22417304	53.65	0.0340	0.0350	-0.9310	3.98	60	58	1
1712	1	1	0	170803	092151.50	108.53989701	34.22417601	53.65	0.0530	0.0260	-1.0160	3.98	60	58	1
1713	1	1	0	170803	092151.60	108.53990597	34.22417900	53.65	0.0070	-0.0850	-1.0070	3.79	60	58	1
1714	1	1	0	170803	092151.70	108.53991497	34.22418199	51.80	0.0140	0.0110	-1.0520	3.79	60	58	1
1715	1	1	0	170803	092151.80	108.53992392	34.22418496	51.80	0.0190	-0.1130	-1.1130	3.52	60	57	1
1716	1	1	0	170803	092151.90	108.53993294	34.22418798	51.80	-0.0230	-0.0630	-1.0010	3.52	60	58	1
1717	1	1	0	170803	092152.00	108.53994190	34.22419096	51.80	-0.0250	-0.0980	-1.0090	3.52	60	57	1
1718	1	1	0	170803	092152.10	108.53995089	34.22419397	51.80	0.0250	-0.0170	-0.9160	3.52	60	57	1
1719	1	1	0	170803	092152.20	108.53995993	34.22419693	51.80	-0.0220	-0.0670	-0.9490	3.68	60	57	1
1720	1	1	0	170803	092152.30	108.53996888	34.22419995	51.80	-0.0110	0.0490	-1.0350	3.68	60	58	1
1721	1	1	0	170803	092152.40	108.53997793	34.22420303	51.80	-0.0460	-0.0310	-1.0130	4.40	60	58	1
1722	1	1	0	170803	092152.50	108.53998688	34.22420605	51.80	-0.0080	0.0090	-0.9500	4.40	60	57	1