1	4	2	1	170803	110644.00	108.54094694	34.22456090	0.00	0.0030	0.0250	-1.0060	1.30	NULL	NULL	0
2	4	2	1	170803	110644.10	108.54094694	34.22456089	0.00	0.0100	0.0160	-0.9970	1.30	NULL	NULL	0
3	4	2	1	170803	110644.20	108.54094694	34.22456088	0.00	0.0080	0.0110	-0.9950	1.33	NULL	NULL	0
4	4	2	1	170803	110644.30	108.54094694	34.22456089	0.00	0.0040	0.0210	-1.0040	1.33	NULL	NULL	0
5	4	2	1	170803	110644.40	108.54094694	34.22456089	0.00	0.0100	0.0130	-1.0000	1.33	NULL	NULL	0
6	4	2	1	170803	110644.50	108.54094694	34.22456089	0.00	0.0210	0.0180	-0.9910	1.33	NULL	NULL	0
7	4	2	1	170803	110644.60	108.54094694	34.22456088	0.00	0.0070	0.0190	-1.0010	1.33	NULL	NULL	0
8	4	2	1	170803	110644.70	108.54094694	34.22456089	0.00	0.0110	0.0140	-1.0000	1.33	NULL	NULL	0
9	4	2	1	170803	110644.80	108.54094693	34.22456089	0.00	0.0170	0.0250	-0.9900	1.33	NULL	NULL	0
10	4	2	1	170803	110644.90	108.54094695	34.22456088	0.00	0.0060	0.0150	-1.0090	1.33	NULL	NULL	0
11	4	2	1	170803	110645.00	108.54094695	34.22456088	0.00	0.0170	0.0160	-1.0050	1.33	NULL	NULL	0
12	4	2	1	170803	110645.10	108.54094694	34.22456088	0.00	0.0150	0.0190	-0.9910	1.30	NULL	NULL	0
13	4	2	1	170803	110645.20	108.54094696	34.22456088	0.00	0.0160	0.0100	-1.0020	1.30	NULL	NULL	0
14	4	2	1	170803	110645.30	108.54094695	34.22456089	0.00	-0.0010	0.0170	-1.0020	1.30	NULL	NULL	0
15	4	2	1	170803	110645.40	108.54094697	34.22456087	0.00	0.0030	0.0220	-0.9990	1.30	NULL	NULL	0
16	4	2	1	170803	110645.50	108.54094696	34.22456088	0.00	0.0070	0.0160	-0.9990	1.30	NULL	NULL	0
17	4	2	1	170803	110645.60	108.54094697	34.22456088	0.00	0.0040	0.0190	-0.9990	1.30	NULL	NULL	0
18	4	2	1	170803	110645.70	108.54094697	34.22456088	0.00	0.0040	0.0200	-0.9990	1.30	NULL	NULL	0
19	4	2	1	170803	110645.80	108.54094696	34.22456088	0.00	0.0140	0.0170	-0.9930	1.32	NULL	NULL	0
20	4	2	1	170803	110645.90	108.54094697	34.22456088	0.00	0.0060	0.0150	-1.0100	1.34	NULL	NULL	0
21	4	2	1	170803	110646.00	108.54094698	34.22456087	0.00	0.0050	0.0190	-1.0040	1.34	NULL	NULL	0
22	4	2	1	170803	110646.10	108.54094697	34.22456088	0.00	0.0080	0.0200	-0.9940	1.31	NULL	NULL	0
23	4	2	1	170803	110646.20	108.54094697	34.22456088	0.00	0.0180	0.0210	-0.9930	1.31	NULL	NULL	0
24	4	2	1	170803	110646.30	108.54094698	34.22456086	0.00	0.0050	0.0120	-1.0100	1.33	NULL	NULL	0
25	4	2	1	170803	110646.40	108.54094700	34.22456087	0.00	0.0150	0.0200	-0.9930	1.29	NULL	NULL	0
26	4	2	1	170803	110646.50	108.54094699	34.22456088	0.00	0.0130	0.0220	-0.9970	1.29	NULL	NULL	0
27	4	2	1	170803	110646.60	108.54094699	34.22456088	0.00	0.0130	0.0220	-0.9970	1.29	NULL	NULL	0
28	4	2	1	170803	110646.70	108.54094699	34.22456087	0.00	0.0130	0.0220	-0.9970	1.29	NULL	NULL	0
29	4	2	1	170803	110646.80	108.54094700	34.22456087	0.00	0.0130	0.0220	-0.9970	1.29	NULL	NULL	0
30	4	2	1	170803	110646.90	108.54094700	34.22456088	0.00	0.0130	0.0220	-0.9970	1.29	NULL	NULL	0
31	4	2	1	170803	110647.00	108.54094700	34.22456087	0.00	0.0130	0.0220	-0.9970	1.29	NULL	NULL	0
32	4	2	1	170803	110647.10	108.54094700	34.22456088	0.00	0.0130	0.0220	-0.9970	1.29	NULL	NULL	0
33	4	2	1	170803	110647.20	108.54094700	34.22456088	0.00	0.0130	0.0220	-0.9970	1.29	NULL	NULL	0
34	4	2	1	170803	110647.30	108.54094700	34.22456088	0.00	0.0130	0.0220	-0.9970	1.29	NULL	NULL	0
35	4	2	1	170803	110647.40	108.54094700	34.22456088	0.00	0.0020	0.0160	-0.9980	1.29	NULL	NULL	0
36	4	2	1	170803	110647.50	108.54094701	34.22456087	0.00	0.0210	0.0150	-0.9930	1.29	NULL	NULL	0
37	4	2	1	170803	110647.60	108.54094701	34.22456087	0.00	0.0250	0.0140	-1.0110	1.29	NULL	NULL	0
38	4	2	1	170803	110647.70	108.54094702	34.22456087	0.00	0.0090	0.0180	-1.0060	1.29	NULL	NULL	0
39	4	2	1	170803	110647.80	108.54094700	34.22456087	0.00	0.0160	0.0190	-0.9880	1.29	NULL	NULL	0
40	4	2	1	170803	110647.90	108.54094701	34.22456088	0.00	0.0120	0.0120	-1.0070	1.28	NULL	NULL	0
41	4	2	1	170803	110648.00	108.54094700	34.22456087	0.00	0.0150	0.0150	-1.0010	1.28	NULL	NULL	0
42	4	2	1	170803	110648.10	108.54094701	34.22456088	0.00	0.0130	0.0200	-0.9920	1.28	NULL	NULL	0
43	4	2	1	170803	110648.20	108.54094702	34.22456086	0.00	0.0080	0.0140	-1.0020	1.32	NULL	NULL	0
44	4	2	1	170803	110648.30	108.54094701	34.22456087	0.00	0.0050	0.0190	-0.9990	1.32	NULL	NULL	0
45	4	2	1	170803	110648.40	108.54094700	34.22456087	0.00	0.0010	0.0130	-1.0050	1.32	NULL	NULL	0
46	4	2	1	170803	110648.50	108.54094701	34.22456087	0.00	0.0060	0.0160	-1.0080	1.30	NULL	NULL	0
47	4	2	1	170803	110648.60	108.54094701	34.22456087	0.00	0.0030	0.0150	-1.0030	1.30	NULL	NULL	0
48	4	2	1	170803	110648.70	108.54094701	34.22456087	0.00	0.0150	0.0160	-0.9910	1.30	NULL	NULL	0
49	4	2	1	170803	110648.80	108.54094700	34.22456088	0.00	0.0160	0.0130	-0.9970	1.26	NULL	NULL	0
50	4	2	1	170803	110648.90	108.54094701	34.22456087	0.00	0.0130	0.0140	-0.9990	1.26	NULL	NULL	0
51	4	2	1	170803	110649.00	108.54094702	34.22456086	0.00	0.0180	0.0210	-0.9980	1.26	NULL	NULL	0
52	4	2	1	170803	110649.10	108.54094701	34.22456087	0.00	0.0170	0.0150	-0.9990	1.29	NULL	NULL	0
53	4	2	1	170803	110649.20	108.54094702	34.22456086	0.00	0.0170	0.0200	-0.9990	1.29	NULL	NULL	0
54	4	2	1	170803	110649.30	108.54094702	34.22456087	0.00	0.0080	0.0260	-0.9970	1.29	NULL	NULL	0
55	4	2	1	170803	110649.40	108.54094703	34.22456086	0.00	0.0160	0.0140	-0.9970	1.26	NULL	NULL	0
56	4	2	1	170803	110649.50	108.54094703	34.22456087	0.00	0.0120	0.0120	-1.0050	1.26	NULL	NULL	0
57	4	2	1	170803	110649.60	108.54094703	34.22456087	0.00	0.0040	0.0290	-1.0090	1.26	NULL	NULL	0
58	4	2	1	170803	110649.70	108.54094703	34.22456087	0.00	0.0170	0.0180	-0.9960	1.26	NULL	NULL	0
59	4	2	1	170803	110649.80	108.54094703	34.22456087	0.00	0.0200	0.0090	-0.9950	1.26	NULL	NULL	0
60	4	2	1	170803	110649.90	108.54094704	34.22456087	0.00	0.0140	0.0220	-1.0070	1.26	NULL	NULL	0
61	4	2	1	170803	110650.00	108.54094703	34.22456087	0.00	0.0220	0.0230	-0.9900	1.28	NULL	NULL	0
62	4	2	1	170803	110650.10	108.54094704	34.22456087	0.00	0.0200	0.0190	-0.9970	1.28	NULL	NULL	0
63	4	2	1	170803	110650.20	108.54094703	34.22456087	0.00	0.0110	0.0230	-1.0030	1.28	NULL	NULL	0
64	4	2	1	170803	110650.30	108.54094704	34.22456086	0.00	0.0150	0.0160	-0.9950	1.28	NULL	NULL	0
65	4	2	1	170803	110650.40	108.54094703	34.22456087	0.00	0.0190	0.0180	-1.0050	1.28	NULL	NULL	0
66	4	2	1	170803	110650.50	108.54094703	34.22456087	0.00	0.0110	0.0180	-1.0070	1.28	NULL	NULL	0
67	4	2	1	170803	110650.60	108.54094704	34.22456086	0.00	0.0200	0.0140	-1.0050	1.26	NULL	NULL	0
68	4	2	1	170803	110650.70	108.54094704	34.22456087	0.00	0.0180	0.0140	-0.9940	1.26	NULL	NULL	0
69	4	2	1	170803	110650.80	108.54094703	34.22456087	0.00	0.0200	0.0130	-1.0010	1.26	NULL	NULL	0
70	4	2	1	170803	110650.90	108.54094704	34.22456087	0.00	0.0130	0.0200	-1.0010	1.26	NULL	NULL	0
71	4	2	1	170803	110651.00	108.54094704	34.22456087	0.00	0.0160	0.0220	-0.9890	1.28	NULL	NULL	0
72	4	2	1	170803	110651.10	108.54094703	34.22456088	0.00	0.0110	0.0170	-1.0070	1.28	NULL	NULL	0
73	4	2	1	170803	110651.20	108.54094704	34.22456088	0.00	0.0090	0.0220	-1.0060	1.28	NULL	NULL	0
74	4	2	1	170803	110651.30	108.54094703	34.22456088	0.00	0.0160	0.0150	-0.9910	1.27	NULL	NULL	0
75	4	2	1	170803	110651.40	108.54094703	34.22456087	0.00	0.0190	0.0160	-0.9960	1.27	NULL	NULL	0
76	4	2	1	170803	110651.50	108.54094703	34.22456088	0.00	0.0170	0.0210	-1.0060	1.27	NULL	NULL	0
77	4	2	1	170803	110651.60	108.54094703	34.22456089	0.00	0.0160	0.0180	-0.9880	1.26	NULL	NULL	0
78	4	2	1	170803	110651.70	108.54094704	34.22456087	0.00	0.0150	0.0190	-0.9980	1.26	NULL	NULL	0
79	4	2	1	170803	110651.80	108.54094703	34.22456088	0.00	0.0150	0.0200	-1.0060	1.26	NULL	NULL	0
80	4	2	1	170803	110651.90	108.54094703	34.22456087	0.00	0.0100	0.0170	-0.9910	1.25	NULL	NULL	0
81	4	2	1	170803	110652.00	108.54094704	34.22456088	0.00	0.0170	0.0200	-1.0020	1.25	NULL	NULL	0
82	4	2	1	170803	110652.10	108.54094703	34.22456087	0.00	0.0080	0.0130	-1.0000	1.25	NULL	NULL	0
83	4	2	1	170803	110652.20	108.54094705	34.22456088	0.00	0.0110	0.0190	-1.0000	1.25	NULL	NULL	0
84	4	2	1	170803	110652.30	108.54094703	34.22456088	0.00	0.0180	0.0180	-0.9980	1.25	NULL	NULL	0
85	4	2	1	170803	110652.40	108.54094704	34.22456087	0.00	0.0120	0.0160	-0.9990	1.25	NULL	NULL	0
86	4	2	1	170803	110652.50	108.54094706	34.22456089	0.00	0.0130	0.0260	-0.9960	1.28	NULL	NULL	0
87	4	2	1	170803	110652.60	108.54094703	34.22456089	0.00	0.0200	0.0160	-0.9970	1.28	NULL	NULL	0
88	4	2	1	170803	110652.70	108.54094705	34.22456088	0.00	0.0090	0.0130	-1.0050	1.28	NULL	NULL	0
89	4	2	1	170803	110652.80	108.54094705	34.22456087	0.00	0.0090	0.0190	-1.0040	1.25	NULL	NULL	0
90	4	2	1	170803	110652.90	108.54094704	34.22456089	0.00	0.0100	0.0170	-0.9950	1.25	NULL	NULL	0
91	4	2	1	170803	110653.00	108.54094705	34.22456089	0.00	0.0130	0.0130	-1.0080	1.25	NULL	NULL	0
92	4	2	1	170803	110653.10	108.54094705	34.22456089	0.00	0.0160	0.0190	-0.9900	1.28	NULL	NULL	0
93	4	2	1	170803	110653.20	108.54094704	34.22456090	0.00	0.0120	0.0190	-0.9940	1.28	NULL	NULL	0
94	4	2	1	170803	110653.30	108.54094703	34.22456089	0.00	0.0100	0.0200	-1.0070	1.28	NULL	NULL	0
95	4	2	1	170803	110653.40	108.54094705	34.22456090	0.00	0.0070	0.0200	-1.0040	1.32	NULL	NULL	0
96	4	2	1	170803	110653.50	108.54094704	34.22456089	0.00	0.0160	0.0150	-0.9980	1.32	NULL	NULL	0
97	4	2	1	170803	110653.60	108.54094702	34.22456090	0.00	0.0140	0.0210	-0.9970	1.32	NULL	NULL	0
98	4	2	1	170803	110653.70	108.54094704	34.22456089	0.00	0.0170	0.0180	-0.9950	1.32	NULL	NULL	0
99	4	2	1	170803	110653.80	108.54094703	34.22456090	0.00	0.0100	0.0180	-0.9950	1.30	NULL	NULL	0
100	4	2	1	170803	110653.90	108.54094703	34.22456090	0.00	0.0190	0.0140	-0.9970	1.30	NULL	NULL	0
101	4	2	1	170803	110654.00	108.54094703	34.22456091	0.00	0.0060	0.0200	-1.0050	1.29	NULL	NULL	0
102	4	2	1	170803	110654.10	108.54094703	34.22456090	0.00	0.0130	0.0220	-1.0000	1.29	NULL	NULL	0
103	4	2	1	170803	110654.20	108.54094703	34.22456090	0.00	0.0150	0.0090	-0.9850	1.29	NULL	NULL	0
104	4	2	1	170803	110654.30	108.54094703	34.22456091	0.00	-0.0000	0.0240	-1.0100	1.29	NULL	NULL	0
105	4	2	1	170803	110654.40	108.54094704	34.22456091	0.00	0.0060	0.0190	-0.9990	1.29	NULL	NULL	0
106	4	2	1	170803	110654.50	108.54094703	34.22456092	0.00	0.0100	0.0090	-0.9910	1.29	NULL	NULL	0
107	4	2	1	170803	110654.60	108.54094704	34.22456092	0.00	0.0050	0.0180	-1.0050	1.26	NULL	NULL	0
108	4	2	1	170803	110654.70	108.54094704	34.22456091	0.00	0.0080	0.0170	-0.9990	1.26	NULL	NULL	0
109	4	2	1	170803	110654.80	108.54094703	34.22456091	0.00	0.0200	0.0150	-0.9880	1.26	NULL	NULL	0
110	4	2	1	170803	110654.90	108.54094703	34.22456092	0.00	0.0140	0.0170	-1.0070	1.26	NULL	NULL	0
111	4	2	1	170803	110655.00	108.54094704	34.22456091	0.00	0.0190	0.0170	-1.0010	1.25	NULL	NULL	0
112	4	2	1	170803	110655.10	108.54094703	34.22456092	0.00	0.0180	0.0280	-0.9920	1.25	NULL	NULL	0
113	4	2	1	170803	110655.20	108.54094704	34.22456092	0.00	0.0190	0.0150	-0.9960	1.25	NULL	NULL	0
114	4	2	1	170803	110655.30	108.54094703	34.22456092	0.00	0.0030	0.0150	-1.0060	1.29	NULL	NULL	0
115	4	2	1	170803	110655.40	108.54094704	34.22456092	0.00	0.0130	0.0270	-0.9980	1.29	NULL	NULL	0
116	4	2	1	170803	110655.50	108.54094704	34.22456093	0.00	0.0040	0.0230	-0.9950	1.29	NULL	NULL	0
117	4	2	1	170803	110655.60	108.54094705	34.22456092	0.00	0.0130	0.0060	-1.0060	1.26	NULL	NULL	0
118	4	2	1	170803	110655.70	108.54094703	34.22456091	0.00	0.0080	0.0120	-0.9910	1.26	NULL	NULL	0
119	4	2	1	170803	110655.80	108.54094704	34.22456093	0.00	0.0110	0.0210	-0.9950	1.26	NULL	NULL	0
120	4	2	1	170803	110655.90	108.54094705	34.22456092	0.00	0.0130	0.0160	-1.0010	1.26	NULL	NULL	0
121	4	2	1	170803	110656.00	108.54094706	34.22456093	0.00	0.0080	0.0190	-1.0040	1.26	NULL	NULL	0
122	4	2	1	170803	110656.10	108.54094704	34.22456092	0.00	0.0140	0.0210	-0.9980	1.26	NULL	NULL	0
123	4	2	1	170803	110656.20	108.54094704	34.22456093	0.00	0.0180	0.0170	-0.9940	1.29	NULL	NULL	0
124	4	2	1	170803	110656.30	108.54094705	34.22456092	0.00	0.0040	0.0210	-1.0070	1.29	NULL	NULL	0
125	4	2	1	170803	110656.40	108.54094705	34.22456093	0.00	0.0180	0.0110	-0.9890	1.29	NULL	NULL	0
126	4	2	1	170803	110656.50	108.54094705	34.22456093	0.00	0.0120	0.0110	-0.9970	1.28	NULL	NULL	0
127	4	2	1	170803	110656.60	108.54094704	34.22456092	0.00	0.0100	0.0190	-1.0070	1.28	NULL	NULL	0
128	4	2	1	170803	110656.70	108.54094705	34.22456093	0.00	0.0100	0.0140	-0.9980	1.28	NULL	NULL	0
129	4	2	1	170803	110656.80	108.54094706	34.22456093	0.00	0.0120	0.0170	-0.9900	1.29	NULL	NULL	0
130	4	2	1	170803	110656.90	108.54094704	34.22456093	0.00	0.0100	0.0250	-1.0060	1.29	NULL	NULL	0
131	4	2	1	170803	110657.00	108.54094706	34.22456093	0.00	0.0060	0.0120	-1.0060	1.29	NULL	NULL	0
132	4	2	1	170803	110657.10	108.54094705	34.22456092	0.00	0.0130	0.0160	-0.9890	1.26	NULL	NULL	0
133	4	2	1	170803	110657.20	108.54094706	34.22456094	0.00	0.0080	0.0210	-1.0000	1.26	NULL	NULL	0
134	4	2	1	170803	110657.30	108.54094707	34.22456093	0.00	0.0030	0.0150	-1.0040	1.26	NULL	NULL	0
135	4	2	1	170803	110657.40	108.54094707	34.22456094	0.00	0.0080	0.0220	-0.9970	1.29	NULL	NULL	0
136	4	2	1	170803	110657.50	108.54094706	34.22456093	0.00	0.0200	0.0120	-0.9990	1.29	NULL	NULL	0
137	4	2	1	170803	110657.60	108.54094707	34.22456094	0.00	0.0100	0.0120	-1.0060	1.29	NULL	NULL	0
138	4	2	1	170803	110657.70	108.54094707	34.22456094	0.00	0.0170	0.0180	-0.9920	1.29	NULL	NULL	0
139	4	2	1	170803	110657.80	108.54094707	34.22456092	0.00	0.0130	0.0150	-0.9950	1.27	NULL	NULL	0
140	4	2	1	170803	110657.90	108.54094707	34.22456093	0.00	0.0130	0.0160	-1.0070	1.27	NULL	NULL	0
141	4	2	1	170803	110658.00	108.54094707	34.22456094	0.00	0.0110	0.0250	-1.0010	1.25	NULL	NULL	0
142	4	2	1	170803	110658.10	108.54094708	34.22456093	0.00	0.0110	0.0200	-0.9950	1.25	NULL	NULL	0
143	4	2	1	170803	110658.20	108.54094708	34.22456093	0.00	0.0160	0.0140	-0.9960	1.25	NULL	NULL	0
144	4	2	1	170803	110658.30	108.54094708	34.22456093	0.00	0.0090	0.0210	-1.0010	1.25	NULL	NULL	0
145	4	2	1	170803	110658.40	108.54094708	34.22456093	0.00	0.0140	0.0180	-0.9990	1.28	NULL	NULL	0
146	4	2	1	170803	110658.50	108.54094707	34.22456093	0.00	0.0220	0.0110	-0.9980	1.28	NULL	NULL	0
147	4	2	1	170803	110658.60	108.54094709	34.22456092	0.00	0.0080	0.0170	-1.0060	1.29	NULL	NULL	0
148	4	2	1	170803	110658.70	108.54094709	34.22456093	0.00	0.0140	0.0190	-0.9970	1.29	NULL	NULL	0
149	4	2	1	170803	110658.80	108.54094709	34.22456093	0.00	0.0200	0.0180	-0.9860	1.29	NULL	NULL	0
150	4	2	1	170803	110658.90	108.54094709	34.22456093	0.00	0.0190	0.0230	-1.0040	1.29	NULL	NULL	0
151	4	2	1	170803	110659.00	108.54094708	34.22456093	0.00	0.0110	0.0220	-1.0070	1.26	NULL	NULL	0
152	4	2	1	170803	110659.10	108.54094709	34.22456093	0.00	0.0240	0.0140	-0.9920	1.26	NULL	NULL	0
153	4	2	1	170803	110659.20	108.54094709	34.22456092	0.00	0.0180	0.0180	-0.9920	1.26	NULL	NULL	0
154	4	2	1	170803	110659.30	108.54094708	34.22456094	0.00	0.0110	0.0150	-1.0070	1.25	NULL	NULL	0
155	4	2	1	170803	110659.40	108.54094708	34.22456094	0.00	0.0090	0.0140	-0.9920	1.25	NULL	NULL	0
156	4	2	1	170803	110659.50	108.54094710	34.22456093	0.00	0.0050	0.0180	-1.0000	1.25	NULL	NULL	0
157	4	2	1	170803	110659.60	108.54094710	34.22456095	0.00	0.0010	0.0120	-1.0060	1.28	NULL	NULL	0
158	4	2	1	170803	110659.70	108.54094709	34.22456094	0.00	0.0150	0.0190	-0.9890	1.28	NULL	NULL	0
159	4	2	1	170803	110659.80	108.54094710	34.22456094	0.00	0.0120	0.0200	-0.9920	1.28	NULL	NULL	0
160	4	2	1	170803	110659.90	108.54094710	34.22456094	0.00	0.0080	0.0210	-1.0090	1.25	NULL	NULL	0
161	4	2	1	170803	110700.00	108.54094710	34.22456094	0.00	0.0180	0.0190	-0.9980	1.25	NULL	NULL	0
162	4	2	1	170803	110700.10	108.54094710	34.22456093	0.00	0.0170	0.0170	-0.9970	1.25	NULL	NULL	0
163	4	2	1	170803	110700.20	108.54094710	34.22456095	0.00	0.0140	0.0160	-1.0070	1.25	NULL	NULL	0
164	4	2	1	170803	110700.30	108.54094711	34.22456093	0.00	0.0190	0.0150	-0.9970	1.25	NULL	NULL	0
165	4	2	1	170803	110700.40	108.54094711	34.22456094	0.00	0.0150	0.0200	-0.9940	1.25	NULL	NULL	0
166	4	2	1	170803	110700.50	108.54094710	34.22456094	0.00	0.0140	0.0140	-1.0080	1.28	NULL	NULL	0
167	4	2	1	170803	110700.60	108.54094712	34.22456095	0.00	0.0110	0.0150	-1.0010	1.28	NULL	NULL	0
168	4	2	1	170803	110700.70	108.54094712	34.22456094	0.00	0.0110	0.0230	-0.9930	1.28	NULL	NULL	0
169	4	2	1	170803	110700.80	108.54094711	34.22456093	0.00	0.0160	0.0120	-0.9920	1.28	NULL	NULL	0
170	4	2	1	170803	110700.90	108.54094712	34.22456093	0.00	0.0040	0.0190	-1.0050	1.28	NULL	NULL	0
171	4	2	1	170803	110701.00	108.54094711	34.22456094	0.00	0.0080	0.0240	-0.9990	1.28	NULL	NULL	0
172	4	2	1	170803	110701.10	108.54094711	34.22456094	0.00	0.0080	0.0110	-1.0010	1.29	NULL	NULL	0
173	4	2	1	170803	110701.20	108.54094711	34.22456093	0.00	0.0120	0.0160	-1.0020	1.29	NULL	NULL	0
174	4	2	1	170803	110701.30	108.54094712	34.22456094	0.00	0.0100	0.0200	-0.9970	1.29	NULL	NULL	0
175	4	2	1	170803	110701.40	108.54094711	34.22456094	0.00	0.0170	0.0130	-0.9960	1.26	NULL	NULL	0
176	4	2	1	170803	110701.50	108.54094711	34.22456094	0.00	0.0150	0.0130	-1.0010	1.26	NULL	NULL	0
177	4	2	1	170803	110701.60	108.54094712	34.22456094	0.00	0.0100	0.0210	-1.0050	1.26	NULL	NULL	0
178	4	2	1	170803	110701.70	108.54094711	34.22456094	0.00	0.0180	0.0190	-0.9970	1.26	NULL	NULL	0
179	4	2	1	170803	110701.80	108.54094712	34.22456095	0.00	0.0160	0.0180	-0.9940	1.25	NULL	NULL	0
180	4	2	1	170803	110701.90	108.54094711	34.22456094	0.00	0.0030	0.0240	-1.0030	1.25	NULL	NULL	0
181	4	2	1	170803	110702.00	108.54094712	34.22456094	0.00	0.0160	0.0190	-1.0010	1.29	NULL	NULL	0
182	4	2	1	170803	110702.10	108.54094712	34.22456094	0.00	0.0140	0.0120	-0.9990	1.29	NULL	NULL	0
183	4	2	1	170803	110702.20	108.54094712	34.22456094	0.00	0.0070	0.0210	-1.0070	1.29	NULL	NULL	0
184	4	2	1	170803	110702.30	108.54094712	34.22456094	0.00	0.0080	0.0140	-0.9980	1.29	NULL	NULL	0
185	4	2	1	170803	110702.40	108.54094711	34.22456093	0.00	0.0150	0.0140	-0.9890	1.27	NULL	NULL	0
186	4	2	1	170803	110702.50	108.54094712	34.22456094	0.00	0.0050	0.0210	-1.0050	1.27	NULL	NULL	0
187	4	2	1	170803	110702.60	108.54094712	34.22456094	0.00	0.0080	0.0150	-1.0030	1.25	NULL	NULL	0
188	4	2	1	170803	110702.70	108.54094713	34.22456094	0.00	0.0220	0.0180	-0.9930	1.25	NULL	NULL	0
189	4	2	1	170803	110702.80	108.54094713	34.22456094	0.00	0.0070	0.0230	-1.0010	1.25	NULL	NULL	0
190	4	2	1	170803	110702.90	108.54094712	34.22456094	0.00	0.0100	0.0190	-1.0080	1.25	NULL	NULL	0
191	4	2	1	170803	110703.00	108.54094714	34.22456094	0.00	0.0110	0.0190	-0.9920	1.24	NULL	NULL	0
192	4	2	1	170803	110703.10	108.54094713	34.22456094	0.00	0.0100	0.0200	-1.0040	1.24	NULL	NULL	0
193	4	2	1	170803	110703.20	108.54094713	34.22456095	0.00	0.0050	0.0100	-1.0080	1.24	NULL	NULL	0
194	4	2	1	170803	110703.30	108.54094713	34.22456096	0.00	0.0150	0.0160	-0.9880	1.28	NULL	NULL	0
195	4	2	1	170803	110703.40	108.54094714	34.22456094	0.00	0.0100	0.0160	-0.9980	1.28	NULL	NULL	0
196	4	2	1	170803	110703.50	108.54094714	34.22456095	0.00	0.0150	0.0180	-1.0010	1.28	NULL	NULL	0
197	4	2	1	170803	110703.60	108.54094713	34.22456094	0.00	0.0150	0.0200	-1.0020	1.28	NULL	NULL	0
198	4	2	1	170803	110703.70	108.54094714	34.22456094	0.00	0.0210	0.0210	-0.9960	1.28	NULL	NULL	0
199	4	2	1	170803	110703.80	108.54094714	34.22456094	0.00	0.0170	0.0170	-1.0010	1.28	NULL	NULL	0
200	4	2	1	170803	110703.90	108.54094713	34.22456095	0.00	0.0180	0.0190	-1.0010	1.25	NULL	NULL	0
201	4	2	1	170803	110704.00	108.54094713	34.22456102	0.00	0.0120	0.0210	-1.0000	1.25	NULL	NULL	0
202	4	2	1	170803	110704.10	108.54094714	34.22456103	0.00	0.0130	0.0140	-1.0060	1.25	NULL	NULL	0
203	4	2	1	170803	110704.20	108.54094713	34.22456102	0.00	0.0100	0.0150	-1.0060	1.28	NULL	NULL	0
204	4	2	1	170803	110704.30	108.54094713	34.22456102	0.00	0.0080	0.0170	-0.9930	1.28	NULL	NULL	0
205	4	2	1	170803	110704.40	108.54094714	34.22456102	0.00	0.0180	0.0130	-0.9900	1.28	NULL	NULL	0
206	4	2	1	170803	110704.50	108.54094713	34.22456103	0.00	0.0120	0.0230	-1.0040	1.28	NULL	NULL	0
207	4	2	1	170803	110704.60	108.54094713	34.22456102	0.00	0.0060	0.0170	-1.0010	1.28	NULL	NULL	0
208	4	2	1	170803	110704.70	108.54094714	34.22456103	0.00	0.0140	0.0120	-0.9960	1.28	NULL	NULL	0
209	4	2	1	170803	110704.80	108.54094713	34.22456103	0.00	0.0140	0.0220	-1.0030	1.29	NULL	NULL	0
210	4	2	1	170803	110704.90	108.54094714	34.22456104	0.00	0.0030	0.0240	-1.0010	1.29	NULL	NULL	0
211	4	2	1	170803	110705.00	108.54094714	34.22456102	0.00	0.0150	0.0120	-0.9910	1.29	NULL	NULL	0
212	4	2	1	170803	110705.10	108.54094714	34.22456103	0.00	0.0150	0.0120	-1.0030	1.27	NULL	NULL	0
213	4	2	1	170803	110705.20	108.54094714	34.22456103	0.00	0.0110	0.0220	-1.0090	1.27	NULL	NULL	0
214	4	2	1	170803	110705.30	108.54094715	34.22456103	0.00	0.0250	0.0140	-0.9940	1.27	NULL	NULL	0
215	4	2	1	170803	110705.40	108.54094714	34.22456103	0.00	0.0180	0.0110	-0.9880	1.28	NULL	NULL	0
216	4	2	1	170803	110705.50	108.54094714	34.22456104	0.00	-0.0070	0.0230	-1.0130	1.28	NULL	NULL	0
217	4	2	1	170803	110705.60	108.54094714	34.22456103	0.00	0.0100	0.0220	-0.9960	1.28	NULL	NULL	0
218	4	2	1	170803	110705.70	108.54094714	34.22456104	0.00	-0.0010	0.0140	-0.9930	1.28	NULL	NULL	0
219	4	2	1	170803	110705.80	108.54094714	34.22456104	0.00	-0.0070	0.0160	-1.0040	1.31	NULL	NULL	0
220	4	2	1	170803	110705.90	108.54094714	34.22456104	0.00	-0.0030	0.0180	-1.0050	1.31	NULL	NULL	0
221	4	2	1	170803	110706.00	108.54094716	34.22456104	0.00	0.0040	0.0180	-0.9880	1.24	NULL	NULL	0
222	4	2	1	170803	110706.10	108.54094714	34.22456105	0.00	0.0120	0.0120	-1.0000	1.24	NULL	NULL	0
223	4	2	1	170803	110706.20	108.54094716	34.22456104	0.00	0.0010	0.0160	-1.0100	1.24	NULL	NULL	0
224	4	2	1	170803	110706.30	108.54094715	34.22456105	0.00	0.0180	0.0170	-0.9970	1.24	NULL	NULL	0
225	4	2	1	170803	110706.40	108.54094715	34.22456105	0.00	0.0110	0.0110	-0.9950	1.18	NULL	NULL	0
226	4	2	1	170803	110706.50	108.54094716	34.22456105	0.00	0.0050	0.0240	-0.9960	1.18	NULL	NULL	0
227	4	2	1	170803	110706.60	108.54094716	34.22456105	0.00	0.0100	0.0210	-1.0020	0.99	NULL	NULL	0
228	4	2	1	170803	110706.70	108.54094715	34.22456105	0.00	0.0170	0.0130	-1.0070	0.99	NULL	NULL	0
229	4	2	1	170803	110706.80	108.54094716	34.22456105	0.00	-0.0010	0.0260	-1.0020	0.99	NULL	NULL	0
230	4	2	1	170803	110706.90	108.54094716	34.22456106	0.00	0.0220	0.0100	-0.9930	0.99	NULL	NULL	0
231	4	2	1	170803	110707.00	108.54094715	34.22456104	0.00	0.0210	0.0100	-0.9980	0.89	NULL	NULL	0
232	4	2	1	170803	110707.10	108.54094715	34.22456106	0.00	0.0080	0.0180	-0.9980	0.89	NULL	NULL	0
233	4	2	1	170803	110707.20	108.54094716	34.22456106	0.00	0.0150	0.0220	-1.0030	0.89	NULL	NULL	0
234	4	2	1	170803	110707.30	108.54094715	34.22456105	0.00	0.0120	0.0200	-0.9960	0.77	NULL	NULL	0
235	4	2	1	170803	110707.40	108.54094717	34.22456106	0.00	0.0170	0.0160	-1.0000	0.77	NULL	NULL	0
236	4	2	1	170803	110707.50	108.54094717	34.22456105	0.00	0.0110	0.0240	-0.9950	0.77	NULL	NULL	0
237	4	2	1	170803	110707.60	108.54094715	34.22456107	0.00	0.0190	0.0240	-1.0020	0.79	NULL	NULL	0
238	4	2	1	170803	110707.70	108.54094715	34.22456105	0.00	0.0110	0.0160	-0.9980	0.79	NULL	NULL	0
239	4	2	1	170803	110707.80	108.54094715	34.22456106	0.00	0.0130	0.0130	-0.9980	0.79	NULL	NULL	0
240	4	2	1	170803	110707.90	108.54094715	34.22456106	0.00	0.0060	0.0100	-1.0020	0.75	NULL	NULL	0
241	4	2	1	170803	110708.00	108.54094716	34.22456106	0.00	0.0200	0.0090	-0.9980	0.75	NULL	NULL	0
242	4	2	1	170803	110708.10	108.54094715	34.22456106	0.00	0.0070	0.0100	-0.9980	0.75	NULL	NULL	0
243	4	2	1	170803	110708.20	108.54094715	34.22456105	0.00	0.0140	0.0160	-1.0010	0.75	NULL	NULL	0
244	4	2	1	170803	110708.30	108.54094715	34.22456106	0.00	0.0030	0.0170	-0.9990	0.75	NULL	NULL	0
245	4	2	1	170803	110708.40	108.54094716	34.22456106	0.00	0.0080	0.0220	-1.0010	0.75	NULL	NULL	0
246	4	2	1	170803	110708.50	108.54094715	34.22456106	0.00	0.0000	0.0220	-1.0010	0.74	NULL	NULL	0
247	4	2	1	170803	110708.60	108.54094716	34.22456106	0.00	0.0050	0.0250	-1.0030	0.74	NULL	NULL	0
248	4	2	1	170803	110708.70	108.54094715	34.22456106	0.00	0.0020	0.0210	-1.0040	0.74	NULL	NULL	0
249	4	2	1	170803	110708.80	108.54094716	34.22456107	0.00	0.0030	0.0200	-1.0000	0.74	NULL	NULL	0
250	4	2	1	170803	110708.90	108.54094716	34.22456106	0.00	0.0000	0.0180	-1.0000	0.74	NULL	NULL	0
251	4	2	1	170803	110709.00	108.54094716	34.22456106	0.00	0.0120	0.0120	-1.0010	0.74	NULL	NULL	0
252	4	2	1	170803	110709.10	108.54094716	34.22456107	0.00	0.0120	0.0110	-0.9980	0.73	NULL	NULL	0
253	4	2	1	170803	110709.20	108.54094717	34.22456107	0.00	0.0070	0.0110	-1.0000	0.73	NULL	NULL	0
254	4	2	1	170803	110709.30	108.54094716	34.22456108	0.00	0.0150	0.0120	-0.9980	0.73	NULL	NULL	0
255	4	2	1	170803	110709.40	108.54094716	34.22456107	0.00	0.0070	0.0160	-1.0010	0.74	NULL	NULL	0
256	4	2	1	170803	110709.50	108.54094715	34.22456107	0.00	0.0120	0.0180	-1.0000	0.74	NULL	NULL	0
257	4	2	1	170803	110709.60	108.54094718	34.22456106	0.00	0.0080	0.0130	-0.9990	0.74	NULL	NULL	0
258	4	2	1	170803	110709.70	108.54094715	34.22456108	0.00	0.0080	0.0230	-1.0010	0.74	NULL	NULL	0
259	4	2	1	170803	110709.80	108.54094717	34.22456107	0.00	0.0140	0.0240	-0.9980	0.77	NULL	NULL	0
260	4	2	1	170803	110709.90	108.54094715	34.22456107	0.00	0.0050	0.0180	-1.0000	0.77	NULL	NULL	0
261	4	2	1	170803	110710.00	108.54094723	34.22456110	0.00	0.0210	0.0160	-0.9960	0.77	NULL	NULL	0
262	4	2	1	170803	110710.10	108.54094720	34.22456110	0.00	0.0150	0.0120	-0.9980	0.77	NULL	NULL	0
263	4	2	1	170803	110710.20	108.54094722	34.22456110	0.00	0.0170	0.0120	-1.0000	0.77	NULL	NULL	0
264	4	2	1	170803	110710.30	108.54094721	34.22456110	0.00	0.0170	0.0130	-0.9990	0.77	NULL	NULL	0
265	4	2	1	170803	110710.40	108.54094721	34.22456110	0.00	0.0030	0.0090	-1.0030	0.74	NULL	NULL	0
266	4	2	1	170803	110710.50	108.54094721	34.22456111	0.00	0.0080	0.0180	-0.9990	0.74	NULL	NULL	0
267	4	2	1	170803	110710.60	108.54094722	34.22456110	0.00	-0.0140	0.0140	-1.0010	0.75	NULL	NULL	0
268	4	2	1	170803	110710.70	108.54094721	34.22456111	0.00	0.0180	0.0200	-1.0050	0.75	NULL	NULL	0
269	4	2	1	170803	110710.80	108.54094721	34.22456111	0.00	-0.0070	0.0200	-1.0010	0.75	NULL	NULL	0
270	4	2	1	170803	110710.90	108.54094722	34.22456111	0.00	0.0340	0.0270	-1.0020	0.75	NULL	NULL	0
271	4	2	1	170803	110711.00	108.54094722	34.22456112	0.00	0.0420	0.0130	-1.0010	0.70	NULL	NULL	0
272	4	2	1	170803	110711.10	108.54094722	34.22456111	0.00	-0.0120	0.0260	-0.9960	0.70	NULL	NULL	0
273	4	2	1	170803	110711.20	108.54094723	34.22456112	0.00	0.0220	0.0220	-1.0030	0.70	NULL	NULL	0
274	4	2	1	170803	110711.30	108.54094722	34.22456111	0.00	0.0180	0.0200	-0.9990	0.76	NULL	NULL	0
275	4	2	1	170803	110711.40	108.54094720	34.22456112	0.00	0.0220	0.0150	-0.9980	0.76	NULL	NULL	0
276	4	2	1	170803	110711.50	108.54094723	34.22456111	0.00	0.0190	0.0120	-1.0010	0.76	NULL	NULL	0
277	4	2	1	170803	110711.60	108.54094722	34.22456111	0.00	0.0060	0.0100	-0.9990	0.77	NULL	NULL	0
278	4	2	1	170803	110711.70	108.54094721	34.22456112	0.00	0.0090	0.0120	-0.9970	0.77	NULL	NULL	0
279	4	2	1	170803	110711.80	108.54094722	34.22456112	0.00	0.0170	0.0130	-0.9980	0.77	NULL	NULL	0
280	4	2	1	170803	110711.90	108.54094722	34.22456112	0.00	0.0190	0.0140	-0.9980	0.76	NULL	NULL	0
281	4	2	1	170803	110712.00	108.54094722	34.22456113	0.00	0.0090	0.0200	-1.0030	0.76	NULL	NULL	0
282	4	2	1	170803	110712.10	108.54094723	34.22456111	0.00	0.0170	0.0250	-1.0000	0.76	NULL	NULL	0
283	4	2	1	170803	110712.20	108.54094723	34.22456113	0.00	0.0000	0.0240	-1.0000	0.74	NULL	NULL	0
284	4	2	1	170803	110712.30	108.54094723	34.22456112	0.00	0.0200	0.0280	-1.0050	0.74	NULL	NULL	0
285	4	2	1	170803	110712.40	108.54094724	34.22456112	0.00	0.0050	0.0230	-1.0010	0.74	NULL	NULL	0
286	4	2	1	170803	110712.50	108.54094723	34.22456112	0.00	0.0240	0.0220	-0.9980	0.74	NULL	NULL	0
287	4	2	1	170803	110712.60	108.54094725	34.22456112	0.00	0.0190	0.0220	-1.0000	0.74	NULL	NULL	0
288	4	2	1	170803	110712.70	108.54094724	34.22456113	0.00	0.0190	0.0160	-0.9970	0.74	NULL	NULL	0
289	4	2	1	170803	110712.80	108.54094725	34.22456113	0.00	0.0290	0.0110	-0.9980	0.76	NULL	NULL	0
290	4	2	1	170803	110712.90	108.54094725	34.22456112	0.00	0.0210	0.0080	-0.9980	0.76	NULL	NULL	0
291	4	2	1	170803	110713.00	108.54094725	34.22456112	0.00	0.0170	0.0140	-0.9990	0.76	NULL	NULL	0
292	4	2	1	170803	110713.10	108.54094724	34.22456112	0.00	0.0080	0.0190	-0.9980	0.78	NULL	NULL	0
293	4	2	1	170803	110713.20	108.54094724	34.22456113	0.00	0.0150	0.0200	-1.0000	0.78	NULL	NULL	0
294	4	2	1	170803	110713.30	108.54094724	34.22456112	0.00	0.0110	0.0240	-0.9970	0.78	NULL	NULL	0
295	4	2	1	170803	110713.40	108.54094723	34.22456113	0.00	0.0140	0.0270	-1.0000	0.77	NULL	NULL	0
296	4	2	1	170803	110713.50	108.54094724	34.22456112	0.00	0.0160	0.0250	-1.0010	0.77	NULL	NULL	0
297	4	2	1	170803	110713.60	108.54094725	34.22456113	0.00	0.0070	0.0210	-0.9980	0.77	NULL	NULL	0
298	4	2	1	170803	110713.70	108.54094725	34.22456112	0.00	0.0120	0.0180	-1.0020	0.77	NULL	NULL	0
299	4	2	1	170803	110713.80	108.54094724	34.22456114	0.00	0.0140	0.0140	-0.9970	0.74	NULL	NULL	0
300	4	2	1	170803	110713.90	108.54094726	34.22456113	0.00	0.0200	0.0120	-0.9980	0.74	NULL	NULL	0
301	4	2	1	170803	110714.00	108.54094725	34.22456112	0.00	0.0100	0.0100	-1.0000	0.74	NULL	NULL	0
302	4	2	1	170803	110714.10	108.54094725	34.22456113	0.00	0.0130	0.0140	-1.0000	0.74	NULL	NULL	0
303	4	2	1	170803	110714.20	108.54094725	34.22456112	0.00	0.0090	0.0130	-1.0000	0.74	NULL	NULL	0
304	4	2	1	170803	110714.30	108.54094724	34.22456113	0.00	0.0150	0.0150	-0.9990	0.74	NULL	NULL	0
305	4	2	1	170803	110714.40	108.54094725	34.22456112	0.00	-0.0010	0.0190	-1.0030	0.77	NULL	NULL	0
306	4	2	1	170803	110714.50	108.54094725	34.22456113	0.00	0.0160	0.0230	-1.0020	0.77	NULL	NULL	0
307	4	2	1	170803	110714.60	108.54094725	34.22456113	0.00	0.0300	0.0120	-0.9970	0.77	NULL	NULL	0
308	4	2	1	170803	110714.70	108.54094725	34.22456112	0.00	0.0260	0.0240	-0.9990	0.77	NULL	NULL	0
309	4	2	1	170803	110714.80	108.54094725	34.22456113	0.00	0.0210	0.0200	-0.9990	0.77	NULL	NULL	0
310	4	2	1	170803	110714.90	108.54094725	34.22456113	0.00	0.0200	0.0160	-1.0020	0.77	NULL	NULL	0
311	4	2	1	170803	110715.00	108.54094725	34.22456113	0.00	0.0160	0.0110	-0.9990	0.76	NULL	NULL	0
312	4	2	1	170803	110715.10	108.54094725	34.22456113	0.00	0.0010	0.0120	-0.9980	0.76	NULL	NULL	0
313	4	2	1	170803	110715.20	108.54094727	34.22456113	0.00	0.0040	0.0130	-0.9960	0.76	NULL	NULL	0
314	4	2	1	170803	110715.30	108.54094725	34.22456114	0.00	0.0030	0.0150	-0.9940	0.77	NULL	NULL	0
315	4	2	1	170803	110715.40	108.54094726	34.22456112	0.00	0.0070	0.0140	-0.9990	0.77	NULL	NULL	0
316	4	2	1	170803	110715.50	108.54094726	34.22456113	0.00	0.0120	0.0120	-1.0030	0.77	NULL	NULL	0
317	4	2	1	170803	110715.60	108.54094725	34.22456113	0.00	0.0170	0.0090	-0.9930	0.94	NULL	NULL	0
318	4	2	1	170803	110715.70	108.54094726	34.22456113	0.00	0.0210	0.0050	-0.9950	0.94	NULL	NULL	0
319	4	2	1	170803	110715.80	108.54094726	34.22456113	0.00	0.0200	0.0120	-1.0030	0.94	NULL	NULL	0
320	4	2	1	170803	110715.90	108.54094725	34.22456113	0.00	0.0120	0.0190	-1.0020	1.13	NULL	NULL	0
321	4	2	1	170803	110716.00	108.54094730	34.22456113	0.00	0.0100	0.0190	-0.9960	1.13	NULL	NULL	0
322	4	2	1	170803	110716.10	108.54094728	34.22456113	0.00	0.0140	0.0200	-0.9920	1.13	NULL	NULL	0
323	4	2	1	170803	110716.20	108.54094730	34.22456113	0.00	0.0130	0.0080	-1.0020	1.08	NULL	NULL	0
324	4	2	1	170803	110716.30	108.54094729	34.22456112	0.00	0.0130	0.0090	-0.9960	1.08	NULL	NULL	0
325	4	2	1	170803	110716.40	108.54094730	34.22456112	0.00	0.0070	0.0270	-1.0000	1.08	NULL	NULL	0
326	4	2	1	170803	110716.50	108.54094730	34.22456113	0.00	0.0210	0.0070	-0.9940	1.09	NULL	NULL	0
327	4	2	1	170803	110716.60	108.54094730	34.22456112	0.00	0.0200	0.0050	-0.9970	1.09	NULL	NULL	0
328	4	2	1	170803	110716.70	108.54094730	34.22456113	0.00	0.0160	0.0240	-0.9950	1.09	NULL	NULL	0
329	4	2	1	170803	110716.80	108.54094729	34.22456113	0.00	0.0250	0.0110	-0.9980	1.22	NULL	NULL	0
330	4	2	1	170803	110716.90	108.54094730	34.22456113	0.00	0.0060	0.0260	-1.0050	1.22	NULL	NULL	0
331	4	2	1	170803	110717.00	108.54094730	34.22456113	0.00	0.0210	0.0140	-0.9970	1.22	NULL	NULL	0
332	4	2	1	170803	110717.10	108.54094730	34.22456112	0.00	0.0060	0.0210	-1.0040	1.70	NULL	NULL	0
333	4	2	1	170803	110717.20	108.54094731	34.22456113	0.00	0.0150	0.0170	-0.9910	1.70	NULL	NULL	0
334	4	2	1	170803	110717.30	108.54094731	34.22456113	0.00	0.0110	0.0220	-1.0040	1.70	NULL	NULL	0
335	4	2	1	170803	110717.40	108.54094730	34.22456114	0.00	0.0160	0.0150	-0.9920	1.54	NULL	NULL	0
336	4	2	1	170803	110717.50	108.54094731	34.22456113	0.00	0.0150	0.0240	-1.0000	1.54	NULL	NULL	0
337	4	2	1	170803	110717.60	108.54094731	34.22456113	0.00	0.0130	0.0180	-0.9930	1.54	NULL	NULL	0
338	4	2	1	170803	110717.70	108.54094731	34.22456113	0.00	0.0130	0.0160	-1.0010	1.54	NULL	NULL	0
339	4	2	1	170803	110717.80	108.54094731	34.22456114	0.00	0.0110	0.0180	-1.0010	1.36	NULL	NULL	0
340	4	2	1	170803	110717.90	108.54094731	34.22456113	0.00	0.0070	0.0140	-1.0100	1.36	NULL	NULL	0
341	4	2	1	170803	110718.00	108.54094731	34.22456114	0.00	0.0160	0.0130	-0.9910	1.27	NULL	NULL	0
342	4	2	1	170803	110718.10	108.54094732	34.22456113	0.00	0.0140	0.0220	-0.9990	1.27	NULL	NULL	0
343	4	2	1	170803	110718.20	108.54094731	34.22456115	0.00	0.0080	0.0140	-1.0010	1.27	NULL	NULL	0
344	4	2	1	170803	110718.30	108.54094732	34.22456114	0.00	0.0080	0.0130	-1.0050	1.27	NULL	NULL	0
345	4	2	1	170803	110718.40	108.54094731	34.22456114	0.00	0.0200	0.0100	-0.9930	1.27	NULL	NULL	0
346	4	2	1	170803	110718.50	108.54094732	34.22456114	0.00	0.0160	0.0160	-0.9980	1.27	NULL	NULL	0
347	4	2	1	170803	110718.60	108.54094731	34.22456114	0.00	0.0110	0.0220	-0.9910	1.31	NULL	NULL	0
348	4	2	1	170803	110718.70	108.54094732	34.22456115	0.00	0.0100	0.0190	-1.0110	1.31	NULL	NULL	0
349	4	2	1	170803	110718.80	108.54094732	34.22456114	0.00	0.0090	0.0150	-1.0020	1.31	NULL	NULL	0
350	4	2	1	170803	110718.90	108.54094731	34.22456114	0.00	0.0230	0.0170	-0.9950	1.31	NULL	NULL	0
351	4	2	1	170803	110719.00	108.54094732	34.22456114	0.00	0.0060	0.0100	-1.0100	1.30	NULL	NULL	0
352	4	2	1	170803	110719.10	108.54094730	34.22456114	0.00	0.0260	0.0170	-0.9930	1.30	NULL	NULL	0
353	4	2	1	170803	110719.20	108.54094731	34.22456114	0.00	0.0170	0.0210	-0.9900	1.30	NULL	NULL	0
354	4	2	1	170803	110719.30	108.54094731	34.22456114	0.00	0.0170	0.0170	-1.0100	1.30	NULL	NULL	0
355	4	2	1	170803	110719.40	108.54094732	34.22456114	0.00	0.0130	0.0210	-0.9980	1.30	NULL	NULL	0
356	4	2	1	170803	110719.50	108.54094731	34.22456114	0.00	0.0100	0.0210	-0.9970	1.30	NULL	NULL	0
357	4	2	1	170803	110719.60	108.54094732	34.22456113	0.00	0.0200	0.0140	-1.0010	1.29	NULL	NULL	0
358	4	2	1	170803	110719.70	108.54094731	34.22456114	0.00	0.0040	0.0170	-0.9970	1.29	NULL	NULL	0
359	4	2	1	170803	110719.80	108.54094733	34.22456114	0.00	0.0130	0.0190	-0.9980	1.29	NULL	NULL	0
360	4	2	1	170803	110719.90	108.54094730	34.22456113	0.00	0.0130	0.0100	-0.9990	1.32	NULL	NULL	0
361	4	2	1	170803	110720.00	108.54094732	34.22456114	0.00	0.0090	0.0180	-1.0060	1.32	NULL	NULL	0
362	4	2	1	170803	110720.10	108.54094732	34.22456114	0.00	0.0130	0.0170	-0.9940	1.32	NULL	NULL	0
363	4	2	1	170803	110720.20	108.54094731	34.22456114	0.00	0.0210	0.0150	-0.9910	1.33	NULL	NULL	0
364	4	2	1	170803	110720.30	108.54094731	34.22456114	0.00	0.0110	0.0270	-1.0030	1.33	NULL	NULL	0
365	4	2	1	170803	110720.40	108.54094731	34.22456115	0.00	0.0170	0.0180	-1.0000	1.33	NULL	NULL	0
366	4	2	1	170803	110720.50	108.54094731	34.22456114	0.00	0.0200	0.0150	-0.9950	1.29	NULL	NULL	0
367	4	2	1	170803	110720.60	108.54094731	34.22456114	0.00	0.0190	0.0150	-0.9900	1.29	NULL	NULL	0
368	4	2	1	170803	110720.70	108.54094730	34.22456115	0.00	0.0140	0.0120	-1.0010	1.29	NULL	NULL	0
369	4	2	1	170803	110720.80	108.54094731	34.22456114	0.00	0.0160	0.0230	-0.9920	1.33	NULL	NULL	0
370	4	2	1	170803	110720.90	108.54094731	34.22456115	0.00	0.0140	0.0150	-1.0040	1.33	NULL	NULL	0
371	4	2	1	170803	110721.00	108.54094730	34.22456114	0.00	0.0180	0.0140	-1.0030	1.33	NULL	NULL	0
372	4	2	1	170803	110721.10	108.54094730	34.22456115	0.00	0.0150	0.0240	-0.9910	1.33	NULL	NULL	0
373	4	2	1	170803	110721.20	108.54094731	34.22456114	0.00	0.0230	0.0110	-0.9930	1.33	NULL	NULL	0
374	4	2	1	170803	110721.30	108.54094730	34.22456115	0.00	0.0080	0.0200	-1.0040	1.33	NULL	NULL	0
375	4	2	1	170803	110721.40	108.54094731	34.22456116	0.00	0.0090	0.0230	-1.0030	1.30	NULL	NULL	0
376	4	2	1	170803	110721.50	108.54094730	34.22456114	0.00	0.0110	0.0130	-0.9970	1.30	NULL	NULL	0
377	4	2	1	170803	110721.60	108.54094730	34.22456115	0.00	0.0090	0.0180	-1.0030	1.30	NULL	NULL	0
378	4	2	1	170803	110721.70	108.54094730	34.22456114	0.00	0.0030	0.0170	-1.0010	1.30	NULL	NULL	0
379	4	2	1	170803	110721.80	108.54094729	34.22456116	0.00	0.0100	0.0130	-0.9940	1.29	NULL	NULL	0
380	4	2	1	170803	110721.90	108.54094730	34.22456115	0.00	0.0120	0.0190	-0.9980	1.29	NULL	NULL	0
381	4	2	1	170803	110722.00	108.54094731	34.22456115	0.00	0.0040	0.0160	-1.0070	1.32	NULL	NULL	0
382	4	2	1	170803	110722.10	108.54094731	34.22456116	0.00	0.0190	0.0160	-0.9900	1.32	NULL	NULL	0
383	4	2	1	170803	110722.20	108.54094731	34.22456115	0.00	0.0150	0.0220	-0.9930	1.32	NULL	NULL	0
384	4	2	1	170803	110722.30	108.54094730	34.22456115	0.00	0.0150	0.0200	-1.0090	1.32	NULL	NULL	0
385	4	2	1	170803	110722.40	108.54094732	34.22456115	0.00	0.0130	0.0220	-0.9970	1.29	NULL	NULL	0
386	4	2	1	170803	110722.50	108.54094731	34.22456115	0.00	0.0160	0.0190	-1.0000	1.29	NULL	NULL	0
387	4	2	1	170803	110722.60	108.54094732	34.22456115	0.00	0.0050	0.0120	-1.0060	1.30	NULL	NULL	0
388	4	2	1	170803	110722.70	108.54094730	34.22456115	0.00	0.0060	0.0160	-0.9960	1.30	NULL	NULL	0
389	4	2	1	170803	110722.80	108.54094732	34.22456116	0.00	0.0150	0.0170	-0.9940	1.30	NULL	NULL	0
390	4	2	1	170803	110722.90	108.54094730	34.22456115	0.00	0.0130	0.0130	-1.0030	1.30	NULL	NULL	0
391	4	2	1	170803	110723.00	108.54094731	34.22456115	0.00	0.0170	0.0190	-1.0000	1.29	NULL	NULL	0
392	4	2	1	170803	110723.10	108.54094731	34.22456115	0.00	0.0080	0.0230	-0.9910	1.29	NULL	NULL	0
393	4	2	1	170803	110723.20	108.54094732	34.22456116	0.00	0.0240	0.0140	-0.9930	1.29	NULL	NULL	0
394	4	2	1	170803	110723.30	108.54094732	34.22456117	0.00	0.0100	0.0220	-1.0040	1.28	NULL	NULL	0
395	4	2	1	170803	110723.40	108.54094731	34.22456116	0.00	0.0060	0.0190	-1.0040	1.28	NULL	NULL	0
396	4	2	1	170803	110723.50	108.54094732	34.22456116	0.00	0.0160	0.0090	-0.9990	1.28	NULL	NULL	0
397	4	2	1	170803	110723.60	108.54094731	34.22456116	0.00	0.0040	0.0190	-1.0080	1.31	NULL	NULL	0
398	4	2	1	170803	110723.70	108.54094732	34.22456115	0.00	0.0050	0.0110	-1.0020	1.31	NULL	NULL	0
399	4	2	1	170803	110723.80	108.54094734	34.22456116	0.00	0.0150	0.0170	-0.9910	1.31	NULL	NULL	0
400	4	2	1	170803	110723.90	108.54094731	34.22456116	0.00	0.0060	0.0190	-1.0040	1.31	NULL	NULL	0
401	4	2	1	170803	110724.00	108.54094732	34.22456116	0.00	0.0070	0.0170	-1.0030	1.31	NULL	NULL	0
402	4	2	1	170803	110724.10	108.54094732	34.22456116	0.00	0.0150	0.0200	-0.9900	1.31	NULL	NULL	0
403	4	2	1	170803	110724.20	108.54094733	34.22456116	0.00	0.0070	0.0180	-0.9930	1.31	NULL	NULL	0
404	4	2	1	170803	110724.30	108.54094732	34.22456115	0.00	0.0080	0.0170	-1.0050	1.31	NULL	NULL	0
405	4	2	1	170803	110724.40	108.54094732	34.22456117	0.00	0.0060	0.0240	-0.9960	1.31	NULL	NULL	0
406	4	2	1	170803	110724.50	108.54094732	34.22456115	0.00	0.0160	0.0080	-1.0000	1.26	NULL	NULL	0
407	4	2	1	170803	110724.60	108.54094733	34.22456116	0.00	0.0100	0.0140	-1.0030	1.26	NULL	NULL	0
408	4	2	1	170803	110724.70	108.54094732	34.22456117	0.00	0.0160	0.0210	-0.9980	1.26	NULL	NULL	0
409	4	2	1	170803	110724.80	108.54094733	34.22456115	0.00	0.0160	0.0110	-0.9910	1.33	NULL	NULL	0
410	4	2	1	170803	110724.90	108.54094732	34.22456116	0.00	0.0120	0.0160	-1.0060	1.33	NULL	NULL	0
411	4	2	1	170803	110725.00	108.54094732	34.22456117	0.00	0.0130	0.0200	-1.0040	1.33	NULL	NULL	0
412	4	2	1	170803	110725.10	108.54094732	34.22456115	0.00	0.0190	0.0170	-0.9940	1.33	NULL	NULL	0
413	4	2	1	170803	110725.20	108.54094732	34.22456117	0.00	0.0110	0.0200	-0.9970	1.33	NULL	NULL	0
414	4	2	1	170803	110725.30	108.54094732	34.22456117	0.00	0.0020	0.0190	-1.0080	1.33	NULL	NULL	0
415	4	2	1	170803	110725.40	108.54094732	34.22456117	0.00	0.0140	0.0170	-0.9930	1.29	NULL	NULL	0
416	4	2	1	170803	110725.50	108.54094732	34.22456116	0.00	0.0110	0.0180	-0.9990	1.29	NULL	NULL	0
417	4	2	1	170803	110725.60	108.54094732	34.22456118	0.00	0.0050	0.0100	-1.0080	1.29	NULL	NULL	0
418	4	2	1	170803	110725.70	108.54094733	34.22456116	0.00	0.0140	0.0140	-0.9900	1.29	NULL	NULL	0
419	4	2	1	170803	110725.80	108.54094733	34.22456117	0.00	0.0150	0.0200	-0.9920	1.29	NULL	NULL	0
420	4	2	1	170803	110725.90	108.54094732	34.22456117	0.00	0.0080	0.0200	-1.0090	1.29	NULL	NULL	0
421	4	2	1	170803	110726.00	108.54094733	34.22456117	0.00	0.0090	0.0230	-1.0000	1.31	NULL	NULL	0
422	4	2	1	170803	110726.10	108.54094734	34.22456117	0.00	0.0090	0.0210	-0.9970	1.31	NULL	NULL	0
423	4	2	1	170803	110726.20	108.54094733	34.22456118	0.00	0.0150	0.0140	-1.0020	1.31	NULL	NULL	0
424	4	2	1	170803	110726.30	108.54094734	34.22456117	0.00	0.0140	0.0190	-0.9980	1.31	NULL	NULL	0
425	4	2	1	170803	110726.40	108.54094733	34.22456118	0.00	0.0140	0.0150	-0.9940	1.32	NULL	NULL	0
426	4	2	1	170803	110726.50	108.54094734	34.22456118	0.00	0.0250	0.0120	-1.0040	1.32	NULL	NULL	0
427	4	2	1	170803	110726.60	108.54094734	34.22456119	0.00	0.0090	0.0190	-1.0040	1.33	NULL	NULL	0
428	4	2	1	170803	110726.70	108.54094733	34.22456118	0.00	0.0210	0.0190	-0.9960	1.33	NULL	NULL	0
429	4	2	1	170803	110726.80	108.54094735	34.22456118	0.00	0.0220	0.0170	-0.9890	1.33	NULL	NULL	0
430	4	2	1	170803	110726.90	108.54094734	34.22456119	0.00	0.0090	0.0250	-1.0060	1.33	NULL	NULL	0
431	4	2	1	170803	110727.00	108.54094733	34.22456119	0.00	0.0150	0.0190	-1.0010	1.31	NULL	NULL	0
432	4	2	1	170803	110727.10	108.54094733	34.22456119	0.00	0.0080	0.0130	-0.9950	1.31	NULL	NULL	0
433	4	2	1	170803	110727.20	108.54094735	34.22456121	0.00	0.0040	0.0160	-1.0100	1.31	NULL	NULL	0
434	4	2	1	170803	110727.30	108.54094735	34.22456121	0.00	0.0030	0.0110	-0.9950	1.31	NULL	NULL	0
435	4	2	1	170803	110727.40	108.54094734	34.22456119	0.00	0.0110	0.0200	-0.9890	1.31	NULL	NULL	0
436	4	2	1	170803	110727.50	108.54094733	34.22456121	0.00	0.0050	0.0180	-1.0050	1.31	NULL	NULL	0
437	4	2	1	170803	110727.60	108.54094735	34.22456121	0.00	0.0130	0.0140	-1.0010	1.33	NULL	NULL	0
438	4	2	1	170803	110727.70	108.54094733	34.22456121	0.00	0.0130	0.0250	-0.9910	1.33	NULL	NULL	0
439	4	2	1	170803	110727.80	108.54094733	34.22456122	0.00	0.0200	0.0140	-0.9990	1.33	NULL	NULL	0
440	4	2	1	170803	110727.90	108.54094735	34.22456121	0.00	0.0160	0.0190	-1.0030	1.33	NULL	NULL	0
441	4	2	1	170803	110728.00	108.54094728	34.22456119	0.00	0.0070	0.0230	-1.0020	1.33	NULL	NULL	0
442	4	2	1	170803	110728.10	108.54094728	34.22456119	0.00	0.0150	0.0100	-1.0020	1.33	NULL	NULL	0
443	4	2	1	170803	110728.20	108.54094729	34.22456120	0.00	0.0070	0.0160	-1.0030	1.30	NULL	NULL	0
444	4	2	1	170803	110728.30	108.54094729	34.22456119	0.00	0.0060	0.0180	-0.9970	1.30	NULL	NULL	0
445	4	2	1	170803	110728.40	108.54094729	34.22456120	0.00	0.0210	0.0110	-0.9890	1.30	NULL	NULL	0
446	4	2	1	170803	110728.50	108.54094729	34.22456120	0.00	0.0110	0.0230	-0.9990	1.29	NULL	NULL	0
447	4	2	1	170803	110728.60	108.54094729	34.22456120	0.00	0.0110	0.0210	-1.0050	1.29	NULL	NULL	0
448	4	2	1	170803	110728.70	108.54094728	34.22456120	0.00	0.0270	0.0160	-0.9890	1.29	NULL	NULL	0
449	4	2	1	170803	110728.80	108.54094729	34.22456120	0.00	0.0190	0.0220	-1.0030	1.29	NULL	NULL	0
450	4	2	1	170803	110728.90	108.54094728	34.22456121	0.00	0.0170	0.0170	-1.0060	1.29	NULL	NULL	0
451	4	2	1	170803	110729.00	108.54094730	34.22456119	0.00	0.0220	0.0180	-0.9940	1.29	NULL	NULL	0
452	4	2	1	170803	110729.10	108.54094728	34.22456120	0.00	0.0060	0.0160	-1.0040	1.29	NULL	NULL	0
453	4	2	1	170803	110729.20	108.54094730	34.22456120	0.00	0.0150	0.0110	-1.0070	1.29	NULL	NULL	0
454	4	2	1	170803	110729.30	108.54094728	34.22456121	0.00	0.0100	0.0180	-0.9890	1.29	NULL	NULL	0
455	4	2	1	170803	110729.40	108.54094730	34.22456121	0.00	0.0130	0.0170	-0.9950	1.29	NULL	NULL	0
456	4	2	1	170803	110729.50	108.54094729	34.22456121	0.00	0.0060	0.0160	-1.0040	1.29	NULL	NULL	0
457	4	2	1	170803	110729.60	108.54094729	34.22456120	0.00	0.0100	0.0250	-1.0000	1.29	NULL	NULL	0
458	4	2	1	170803	110729.70	108.54094730	34.22456121	0.00	0.0110	0.0180	-0.9990	1.29	NULL	NULL	0
459	4	2	1	170803	110729.80	108.54094729	34.22456121	0.00	0.0090	0.0170	-1.0020	1.32	NULL	NULL	0
460	4	2	1	170803	110729.90	108.54094727	34.22456121	0.00	0.0040	0.0220	-1.0000	1.32	NULL	NULL	0
461	4	2	1	170803	110730.00	108.54094730	34.22456121	0.00	0.0130	0.0110	-0.9960	1.33	NULL	NULL	0
462	4	2	1	170803	110730.10	108.54094729	34.22456121	0.00	0.0090	0.0140	-0.9990	1.33	NULL	NULL	0
463	4	2	1	170803	110730.20	108.54094729	34.22456121	0.00	0.0090	0.0160	-1.0080	1.33	NULL	NULL	0
464	4	2	1	170803	110730.30	108.54094728	34.22456121	0.00	0.0160	0.0150	-0.9890	1.33	NULL	NULL	0
465	4	2	1	170803	110730.40	108.54094729	34.22456121	0.00	0.0150	0.0160	-0.9940	1.31	NULL	NULL	0
466	4	2	1	170803	110730.50	108.54094729	34.22456121	0.00	-0.0030	0.0190	-1.0110	1.31	NULL	NULL	0
467	4	2	1	170803	110730.60	108.54094730	34.22456121	0.00	0.0200	0.0200	-0.9950	1.26	NULL	NULL	0
468	4	2	1	170803	110730.70	108.54094730	34.22456120	0.00	0.0120	0.0170	-0.9990	1.26	NULL	NULL	0
469	4	2	1	170803	110730.80	108.54094729	34.22456121	0.00	0.0000	0.0150	-1.0110	1.26	NULL	NULL	0
470	4	2	1	170803	110730.90	108.54094730	34.22456121	0.00	0.0160	0.0160	-0.9910	1.26	NULL	NULL	0
471	4	2	1	170803	110731.00	108.54094730	34.22456120	0.00	-0.0010	0.0180	-0.9970	1.32	NULL	NULL	0
472	4	2	1	170803	110731.10	108.54094730	34.22456120	0.00	0.0130	0.0140	-1.0080	1.32	NULL	NULL	0
473	4	2	1	170803	110731.20	108.54094730	34.22456121	0.00	0.0130	0.0110	-1.0040	1.32	NULL	NULL	0
474	4	2	1	170803	110731.30	108.54094731	34.22456121	0.00	0.0170	0.0200	-0.9960	1.33	NULL	NULL	0
475	4	2	1	170803	110731.40	108.54094729	34.22456122	0.00	0.0100	0.0140	-0.9930	1.33	NULL	NULL	0
476	4	2	1	170803	110731.50	108.54094731	34.22456120	0.00	0.0080	0.0250	-1.0010	1.33	NULL	NULL	0
477	4	2	1	170803	110731.60	108.54094729	34.22456122	0.00	0.0090	0.0200	-0.9960	1.33	NULL	NULL	0
478	4	2	1	170803	110731.70	108.54094730	34.22456121	0.00	0.0140	0.0120	-1.0010	1.33	NULL	NULL	0
479	4	2	1	170803	110731.80	108.54094730	34.22456122	0.00	0.0050	0.0210	-1.0080	1.33	NULL	NULL	0
480	4	2	1	170803	110731.90	108.54094730	34.22456121	0.00	0.0160	0.0140	-0.9960	1.30	NULL	NULL	0
481	4	2	1	170803	110732.00	108.54094731	34.22456121	0.00	0.0170	0.0140	-0.9880	1.30	NULL	NULL	0
482	4	2	1	170803	110732.10	108.54094730	34.22456122	0.00	0.0160	0.0230	-1.0080	1.30	NULL	NULL	0
483	4	2	1	170803	110732.20	108.54094729	34.22456122	0.00	0.0170	0.0150	-1.0000	1.32	NULL	NULL	0
484	4	2	1	170803	110732.30	108.54094731	34.22456121	0.00	0.0280	0.0220	-0.9940	1.32	NULL	NULL	0
485	4	2	1	170803	110732.40	108.54094731	34.22456122	0.00	0.0130	0.0170	-1.0060	1.32	NULL	NULL	0
486	4	2	1	170803	110732.50	108.54094731	34.22456121	0.00	0.0220	0.0180	-1.0020	1.31	NULL	NULL	0
487	4	2	1	170803	110732.60	108.54094730	34.22456121	0.00	0.0080	0.0250	-0.9960	1.31	NULL	NULL	0
488	4	2	1	170803	110732.70	108.54094730	34.22456122	0.00	0.0140	0.0120	-1.0070	1.31	NULL	NULL	0
489	4	2	1	170803	110732.80	108.54094732	34.22456121	0.00	0.0070	0.0170	-1.0030	1.29	NULL	NULL	0
490	4	2	1	170803	110732.90	108.54094730	34.22456122	0.00	0.0150	0.0200	-0.9930	1.29	NULL	NULL	0
491	4	2	1	170803	110733.00	108.54094730	34.22456122	0.00	0.0190	0.0090	-0.9950	1.29	NULL	NULL	0
492	4	2	1	170803	110733.10	108.54094731	34.22456123	0.00	0.0090	0.0210	-1.0000	1.30	NULL	NULL	0
493	4	2	1	170803	110733.20	108.54094731	34.22456122	0.00	0.0110	0.0200	-1.0010	1.30	NULL	NULL	0
494	4	2	1	170803	110733.30	108.54094731	34.22456123	0.00	0.0150	0.0150	-0.9950	1.30	NULL	NULL	0
495	4	2	1	170803	110733.40	108.54094730	34.22456122	0.00	0.0090	0.0200	-1.0020	1.30	NULL	NULL	0
496	4	2	1	170803	110733.50	108.54094730	34.22456123	0.00	0.0130	0.0170	-1.0010	1.30	NULL	NULL	0
497	4	2	1	170803	110733.60	108.54094731	34.22456122	0.00	0.0120	0.0140	-0.9930	1.30	NULL	NULL	0
498	4	2	1	170803	110733.70	108.54094730	34.22456122	0.00	0.0120	0.0160	-1.0030	1.30	NULL	NULL	0
499	4	2	1	170803	110733.80	108.54094730	34.22456122	0.00	0.0120	0.0190	-1.0060	1.29	NULL	NULL	0
500	4	2	1	170803	110733.90	108.54094730	34.22456123	0.00	0.0170	0.0150	-0.9940	1.29	NULL	NULL	0
501	4	2	1	170803	110734.00	108.54094723	34.22456124	0.00	0.0170	0.0180	-0.9950	1.29	NULL	NULL	0
502	4	2	1	170803	110734.10	108.54094722	34.22456124	0.00	0.0080	0.0250	-1.0000	1.29	NULL	NULL	0
503	4	2	1	170803	110734.20	108.54094721	34.22456124	0.00	0.0110	0.0190	-1.0030	1.29	NULL	NULL	0
504	4	2	1	170803	110734.30	108.54094722	34.22456125	0.00	0.0070	0.0110	-1.0010	1.29	NULL	NULL	0
505	4	2	1	170803	110734.40	108.54094724	34.22456124	0.00	0.0040	0.0180	-1.0070	1.32	NULL	NULL	0
506	4	2	1	170803	110734.50	108.54094721	34.22456124	0.00	0.0080	0.0160	-0.9930	1.32	NULL	NULL	0
507	4	2	1	170803	110734.60	108.54094723	34.22456124	0.00	0.0090	0.0200	-0.9960	1.32	NULL	NULL	0
508	4	2	1	170803	110734.70	108.54094722	34.22456124	0.00	0.0120	0.0220	-1.0010	1.32	NULL	NULL	0
509	4	2	1	170803	110734.80	108.54094723	34.22456123	0.00	0.0010	0.0230	-0.9960	1.32	NULL	NULL	0
510	4	2	1	170803	110734.90	108.54094722	34.22456124	0.00	0.0100	0.0140	-1.0090	1.32	NULL	NULL	0
511	4	2	1	170803	110735.00	108.54094723	34.22456124	0.00	0.0060	0.0170	-1.0050	1.30	NULL	NULL	0
512	4	2	1	170803	110735.10	108.54094722	34.22456124	0.00	0.0100	0.0170	-0.9920	1.30	NULL	NULL	0
513	4	2	1	170803	110735.20	108.54094722	34.22456125	0.00	0.0140	0.0100	-0.9990	1.30	NULL	NULL	0
514	4	2	1	170803	110735.30	108.54094722	34.22456125	0.00	0.0080	0.0150	-0.9980	1.32	NULL	NULL	0
515	4	2	1	170803	110735.40	108.54094723	34.22456125	0.00	0.0090	0.0260	-0.9920	1.32	NULL	NULL	0
516	4	2	1	170803	110735.50	108.54094723	34.22456125	0.00	0.0130	0.0170	-1.0080	1.32	NULL	NULL	0
517	4	2	1	170803	110735.60	108.54094723	34.22456125	0.00	0.0130	0.0170	-1.0060	1.30	NULL	NULL	0
518	4	2	1	170803	110735.70	108.54094724	34.22456124	0.00	0.0100	0.0210	-0.9960	1.30	NULL	NULL	0
519	4	2	1	170803	110735.80	108.54094722	34.22456125	0.00	0.0160	0.0120	-0.9960	1.30	NULL	NULL	0
520	4	2	1	170803	110735.90	108.54094723	34.22456125	0.00	0.0080	0.0170	-1.0020	1.32	NULL	NULL	0
521	4	2	1	170803	110736.00	108.54094723	34.22456124	0.00	0.0070	0.0170	-1.0040	1.32	NULL	NULL	0
522	4	2	1	170803	110736.10	108.54094724	34.22456125	0.00	0.0220	0.0110	-0.9930	1.32	NULL	NULL	0
523	4	2	1	170803	110736.20	108.54094723	34.22456125	0.00	0.0130	0.0200	-1.0020	1.34	NULL	NULL	0
524	4	2	1	170803	110736.30	108.54094724	34.22456125	0.00	0.0160	0.0210	-0.9990	1.34	NULL	NULL	0
525	4	2	1	170803	110736.40	108.54094724	34.22456125	0.00	0.0070	0.0180	-1.0060	1.34	NULL	NULL	0
526	4	2	1	170803	110736.50	108.54094723	34.22456126	0.00	0.0020	0.0220	-1.0080	1.30	NULL	NULL	0
527	4	2	1	170803	110736.60	108.54094724	34.22456125	0.00	0.0110	0.0150	-1.0030	1.30	NULL	NULL	0
528	4	2	1	170803	110736.70	108.54094725	34.22456125	0.00	0.0120	0.0160	-0.9920	1.30	NULL	NULL	0
529	4	2	1	170803	110736.80	108.54094724	34.22456125	0.00	0.0160	0.0210	-0.9920	1.33	NULL	NULL	0
530	4	2	1	170803	110736.90	108.54094723	34.22456126	0.00	0.0120	0.0140	-0.9980	1.33	NULL	NULL	0
531	4	2	1	170803	110737.00	108.54094724	34.22456124	0.00	0.0110	0.0180	-0.9960	1.33	NULL	NULL	0
532	4	2	1	170803	110737.10	108.54094724	34.22456126	0.00	0.0080	0.0160	-1.0030	1.31	NULL	NULL	0
533	4	2	1	170803	110737.20	108.54094724	34.22456126	0.00	0.0150	0.0170	-1.0010	1.31	NULL	NULL	0
534	4	2	1	170803	110737.30	108.54094725	34.22456126	0.00	0.0080	0.0230	-0.9960	1.31	NULL	NULL	0
535	4	2	1	170803	110737.40	108.54094724	34.22456126	0.00	0.0040	0.0230	-0.9980	1.29	NULL	NULL	0
536	4	2	1	170803	110737.50	108.54094723	34.22456126	0.00	0.0060	0.0180	-1.0040	1.29	NULL	NULL	0
537	4	2	1	170803	110737.60	108.54094725	34.22456126	0.00	0.0060	0.0200	-1.0080	1.29	NULL	NULL	0
538	4	2	1	170803	110737.70	108.54094725	34.22456126	0.00	0.0160	0.0100	-0.9950	1.29	NULL	NULL	0
539	4	2	1	170803	110737.80	108.54094724	34.22456126	0.00	0.0070	0.0180	-1.0010	1.30	NULL	NULL	0
540	4	2	1	170803	110737.90	108.54094725	34.22456125	0.00	0.0080	0.0190	-1.0030	1.30	NULL	NULL	0
541	4	2	1	170803	110738.00	108.54094724	34.22456125	0.00	0.0200	0.0160	-0.9880	1.27	NULL	NULL	0
542	4	2	1	170803	110738.10	108.54094725	34.22456125	0.00	0.0170	0.0230	-1.0000	1.27	NULL	NULL	0
543	4	2	1	170803	110738.20	108.54094724	34.22456125	0.00	0.0080	0.0180	-1.0080	1.27	NULL	NULL	0
544	4	2	1	170803	110738.30	108.54094725	34.22456126	0.00	0.0180	0.0170	-0.9900	1.27	NULL	NULL	0
545	4	2	1	170803	110738.40	108.54094724	34.22456125	0.00	0.0120	0.0220	-0.9990	1.26	NULL	NULL	0
546	4	2	1	170803	110738.50	108.54094726	34.22456125	0.00	0.0060	0.0130	-1.0090	1.26	NULL	NULL	0
547	4	2	1	170803	110738.60	108.54094725	34.22456126	0.00	0.0120	0.0190	-0.9990	1.29	NULL	NULL	0
548	4	2	1	170803	110738.70	108.54094724	34.22456125	0.00	0.0130	0.0150	-0.9960	1.29	NULL	NULL	0
549	4	2	1	170803	110738.80	108.54094723	34.22456125	0.00	0.0180	0.0110	-1.0030	1.29	NULL	NULL	0
550	4	2	1	170803	110738.90	108.54094725	34.22456126	0.00	0.0240	0.0220	-0.9900	1.29	NULL	NULL	0
551	4	2	1	170803	110739.00	108.54094724	34.22456126	0.00	0.0180	0.0200	-0.9920	1.26	NULL	NULL	0
552	4	2	1	170803	110739.10	108.54094725	34.22456126	0.00	0.0180	0.0230	-1.0070	1.26	NULL	NULL	0
553	4	2	1	170803	110739.20	108.54094725	34.22456126	0.00	0.0190	0.0230	-1.0000	1.26	NULL	NULL	0
554	4	2	1	170803	110739.30	108.54094725	34.22456127	0.00	0.0170	0.0180	-0.9970	1.26	NULL	NULL	0
555	4	2	1	170803	110739.40	108.54094724	34.22456126	0.00	0.0240	0.0130	-0.9990	1.26	NULL	NULL	0
556	4	2	1	170803	110739.50	108.54094726	34.22456126	0.00	0.0080	0.0200	-0.9970	1.26	NULL	NULL	0
557	4	2	1	170803	110739.60	108.54094724	34.22456127	0.00	0.0090	0.0180	-1.0000	1.28	NULL	NULL	0
558	4	2	1	170803	110739.70	108.54094724	34.22456126	0.00	0.0060	0.0100	-0.9990	1.28	NULL	NULL	0
559	4	2	1	170803	110739.80	108.54094725	34.22456127	0.00	0.0110	0.0170	-1.0000	1.28	NULL	NULL	0
560	4	2	1	170803	110739.90	108.54094725	34.22456125	0.00	0.0070	0.0210	-0.9950	1.26	NULL	NULL	0
561	4	2	1	170803	110740.00	108.54094726	34.22456126	0.00	0.0180	0.0180	-0.9880	1.26	NULL	NULL	0
562	4	2	1	170803	110740.10	108.54094725	34.22456126	0.00	0.0150	0.0220	-1.0050	1.26	NULL	NULL	0
563	4	2	1	170803	110740.20	108.54094724	34.22456126	0.00	0.0100	0.0200	-1.0070	1.26	NULL	NULL	0
564	4	2	1	170803	110740.30	108.54094725	34.22456125	0.00	0.0250	0.0100	-0.9940	1.26	NULL	NULL	0
565	4	2	1	170803	110740.40	108.54094725	34.22456125	0.00	0.0090	0.0170	-1.0030	1.26	NULL	NULL	0
566	4	2	1	170803	110740.50	108.54094724	34.22456126	0.00	0.0090	0.0150	-1.0040	1.26	NULL	NULL	0
567	4	2	1	170803	110740.60	108.54094725	34.22456126	0.00	0.0200	0.0200	-0.9850	1.26	NULL	NULL	0
568	4	2	1	170803	110740.70	108.54094725	34.22456125	0.00	0.0190	0.0200	-1.0020	1.26	NULL	NULL	0
569	4	2	1	170803	110740.80	108.54094725	34.22456124	0.00	0.0120	0.0150	-1.0060	1.25	NULL	NULL	0
570	4	2	1	170803	110740.90	108.54094724	34.22456126	0.00	0.0210	0.0220	-0.9880	1.25	NULL	NULL	0
571	4	2	1	170803	110741.00	108.54094725	34.22456126	0.00	0.0240	0.0240	-0.9960	1.25	NULL	NULL	0
572	4	2	1	170803	110741.10	108.54094726	34.22456125	0.00	0.0090	0.0160	-1.0110	1.25	NULL	NULL	0
573	4	2	1	170803	110741.20	108.54094725	34.22456126	0.00	0.0200	0.0190	-0.9990	1.25	NULL	NULL	0
574	4	2	1	170803	110741.30	108.54094725	34.22456127	0.00	0.0150	0.0130	-0.9950	1.25	NULL	NULL	0
575	4	2	1	170803	110741.40	108.54094726	34.22456126	0.00	0.0100	0.0170	-1.0070	1.27	NULL	NULL	0
576	4	2	1	170803	110741.50	108.54094725	34.22456126	0.00	0.0160	0.0170	-0.9970	1.27	NULL	NULL	0
577	4	2	1	170803	110741.60	108.54094726	34.22456126	0.00	0.0080	0.0190	-0.9920	1.27	NULL	NULL	0
578	4	2	1	170803	110741.70	108.54094726	34.22456126	0.00	0.0080	0.0190	-1.0080	1.27	NULL	NULL	0
579	4	2	1	170803	110741.80	108.54094726	34.22456125	0.00	0.0050	0.0150	-1.0000	1.27	NULL	NULL	0
580	4	2	1	170803	110741.90	108.54094726	34.22456125	0.00	0.0090	0.0240	-0.9950	1.27	NULL	NULL	0
581	4	2	1	170803	110742.00	108.54094725	34.22456126	0.00	0.0100	0.0140	-0.9990	1.27	NULL	NULL	0
582	4	2	1	170803	110742.10	108.54094726	34.22456125	0.00	0.0030	0.0130	-1.0020	1.27	NULL	NULL	0
583	4	2	1	170803	110742.20	108.54094726	34.22456127	0.00	0.0130	0.0210	-0.9980	1.27	NULL	NULL	0
584	4	2	1	170803	110742.30	108.54094725	34.22456125	0.00	0.0050	0.0130	-1.0000	1.27	NULL	NULL	0
585	4	2	1	170803	110742.40	108.54094726	34.22456126	0.00	0.0050	0.0210	-0.9970	1.23	NULL	NULL	0
586	4	2	1	170803	110742.50	108.54094726	34.22456126	0.00	0.0090	0.0220	-0.9890	1.23	NULL	NULL	0
587	4	2	1	170803	110742.60	108.54094725	34.22456126	0.00	0.0100	0.0160	-0.9980	1.24	NULL	NULL	0
588	4	2	1	170803	110742.70	108.54094728	34.22456124	0.00	0.0100	0.0200	-1.0040	1.24	NULL	NULL	0
589	4	2	1	170803	110742.80	108.54094726	34.22456126	0.00	0.0040	0.0250	-1.0010	1.24	NULL	NULL	0
590	4	2	1	170803	110742.90	108.54094728	34.22456125	0.00	0.0130	0.0330	-1.0000	1.24	NULL	NULL	0
591	4	2	1	170803	110743.00	108.54094726	34.22456126	0.00	0.0260	0.0180	-0.9880	1.27	NULL	NULL	0
592	4	2	1	170803	110743.10	108.54094728	34.22456126	0.00	0.0160	0.0170	-1.0030	1.27	NULL	NULL	0
593	4	2	1	170803	110743.20	108.54094726	34.22456126	0.00	0.0220	0.0230	-0.9880	1.27	NULL	NULL	0
594	4	2	1	170803	110743.30	108.54094727	34.22456127	0.00	0.0130	0.0140	-1.0020	1.28	NULL	NULL	0
595	4	2	1	170803	110743.40	108.54094726	34.22456126	0.00	0.0100	0.0260	-1.0020	1.28	NULL	NULL	0
596	4	2	1	170803	110743.50	108.54094728	34.22456125	0.00	0.0220	0.0200	-1.0000	1.28	NULL	NULL	0
597	4	2	1	170803	110743.60	108.54094727	34.22456127	0.00	0.0160	0.0220	-1.0000	1.26	NULL	NULL	0
598	4	2	1	170803	110743.70	108.54094728	34.22456127	0.00	0.0270	0.0130	-1.0000	1.26	NULL	NULL	0
599	4	2	1	170803	110743.80	108.54094728	34.22456127	0.00	0.0150	0.0210	-1.0060	1.26	NULL	NULL	0
600	4	2	1	170803	110743.90	108.54094728	34.22456125	0.00	0.0230	0.0150	-1.0000	1.25	NULL	NULL	0
601	4	2	1	170803	110744.00	108.54094729	34.22456126	0.00	0.0140	0.0120	-1.0030	1.25	NULL	NULL	0
602	4	2	1	170803	110744.10	108.54094728	34.22456126	0.00	0.0080	0.0170	-1.0040	1.25	NULL	NULL	0
603	4	2	1	170803	110744.20	108.54094728	34.22456126	0.00	0.0130	0.0130	-0.9890	1.28	NULL	NULL	0
604	4	2	1	170803	110744.30	108.54094729	34.22456127	0.00	0.0050	0.0270	-0.9990	1.28	NULL	NULL	0
605	4	2	1	170803	110744.40	108.54094728	34.22456126	0.00	0.0070	0.0140	-1.0080	1.28	NULL	NULL	0
606	4	2	1	170803	110744.50	108.54094728	34.22456127	0.00	0.0140	0.0210	-0.9870	1.28	NULL	NULL	0
607	4	2	1	170803	110744.60	108.54094730	34.22456127	0.00	0.0110	0.0230	-0.9990	1.28	NULL	NULL	0
608	4	2	1	170803	110744.70	108.54094729	34.22456127	0.00	0.0030	0.0140	-1.0060	1.28	NULL	NULL	0
609	4	2	1	170803	110744.80	108.54094729	34.22456127	0.00	0.0110	0.0210	-0.9980	1.26	NULL	NULL	0
610	4	2	1	170803	110744.90	108.54094730	34.22456126	0.00	0.0140	0.0100	-0.9950	1.26	NULL	NULL	0
611	4	2	1	170803	110745.00	108.54094729	34.22456126	0.00	0.0060	0.0130	-1.0090	1.26	NULL	NULL	0
612	4	2	1	170803	110745.10	108.54094730	34.22456127	0.00	0.0170	0.0160	-0.9900	1.27	NULL	NULL	0
613	4	2	1	170803	110745.20	108.54094731	34.22456127	0.00	0.0110	0.0130	-1.0070	1.27	NULL	NULL	0
614	4	2	1	170803	110745.30	108.54094730	34.22456128	0.00	0.0110	0.0220	-1.0070	1.27	NULL	NULL	0
615	4	2	1	170803	110745.40	108.54094729	34.22456125	0.00	0.0110	0.0190	-0.9980	1.28	NULL	NULL	0
616	4	2	1	170803	110745.50	108.54094730	34.22456127	0.00	0.0140	0.0210	-0.9930	1.28	NULL	NULL	0
617	4	2	1	170803	110745.60	108.54094730	34.22456126	0.00	0.0120	0.0150	-1.0040	1.28	NULL	NULL	0
618	4	2	1	170803	110745.70	108.54094730	34.22456127	0.00	0.0080	0.0170	-0.9990	1.28	NULL	NULL	0
619	4	2	1	170803	110745.80	108.54094731	34.22456125	0.00	0.0090	0.0140	-0.9950	1.28	NULL	NULL	0
620	4	2	1	170803	110745.90	108.54094730	34.22456126	0.00	0.0090	0.0170	-1.0040	1.28	NULL	NULL	0
621	4	2	1	170803	110746.00	108.54094731	34.22456126	0.00	0.0120	0.0120	-1.0010	1.26	NULL	NULL	0
622	4	2	1	170803	110746.10	108.54094731	34.22456126	0.00	0.0120	0.0230	-0.9880	1.26	NULL	NULL	0
623	4	2	1	170803	110746.20	108.54094732	34.22456124	0.00	0.0140	0.0240	-0.9940	1.26	NULL	NULL	0
624	4	2	1	170803	110746.30	108.54094731	34.22456127	0.00	0.0120	0.0110	-1.0030	1.26	NULL	NULL	0
625	4	2	1	170803	110746.40	108.54094730	34.22456125	0.00	0.0100	0.0180	-1.0020	1.25	NULL	NULL	0
626	4	2	1	170803	110746.50	108.54094731	34.22456126	0.00	-0.0140	0.0150	-1.0070	1.25	NULL	NULL	0
627	4	2	1	170803	110746.60	108.54094731	34.22456125	0.00	0.0050	0.0160	-1.0090	1.26	NULL	NULL	0
628	4	2	1	170803	110746.70	108.54094732	34.22456125	0.00	-0.0190	0.0060	-0.9900	1.26	NULL	NULL	0
629	4	2	1	170803	110746.80	108.54094732	34.22456124	0.00	-0.0110	0.0100	-0.9870	1.26	NULL	NULL	0
630	4	2	1	170803	110746.90	108.54094731	34.22456125	0.00	-0.0050	0.0220	-1.0070	1.26	NULL	NULL	0
631	4	2	1	170803	110747.00	108.54094732	34.22456125	0.00	-0.0100	0.0220	-1.0060	1.20	NULL	NULL	0
632	4	2	1	170803	110747.10	108.54094731	34.22456125	0.00	0.0250	0.0210	-0.9890	1.20	NULL	NULL	0
633	4	2	1	170803	110747.20	108.54094733	34.22456125	0.00	0.0110	0.0110	-0.9920	1.20	NULL	NULL	0
634	4	2	1	170803	110747.30	108.54094732	34.22456125	0.00	0.0160	0.0160	-1.0120	1.05	NULL	NULL	0
635	4	2	1	170803	110747.40	108.54094731	34.22456125	0.00	0.0200	0.0190	-1.0020	1.05	NULL	NULL	0
636	4	2	1	170803	110747.50	108.54094732	34.22456125	0.00	0.0120	0.0150	-0.9990	1.05	NULL	NULL	0
637	4	2	1	170803	110747.60	108.54094732	34.22456125	0.00	0.0100	0.0210	-1.0080	0.92	NULL	NULL	0
638	4	2	1	170803	110747.70	108.54094732	34.22456124	0.00	0.0150	0.0250	-0.9940	0.92	NULL	NULL	0
639	4	2	1	170803	110747.80	108.54094733	34.22456126	0.00	0.0090	0.0260	-1.0000	0.92	NULL	NULL	0
640	4	2	1	170803	110747.90	108.54094734	34.22456124	0.00	0.0120	0.0230	-0.9950	0.82	NULL	NULL	0
641	4	2	1	170803	110748.00	108.54094733	34.22456125	0.00	0.0050	0.0180	-1.0040	0.82	NULL	NULL	0
642	4	2	1	170803	110748.10	108.54094732	34.22456125	0.00	0.0120	0.0160	-0.9980	0.82	NULL	NULL	0
643	4	2	1	170803	110748.20	108.54094735	34.22456124	0.00	0.0060	0.0100	-1.0000	0.74	NULL	NULL	0
644	4	2	1	170803	110748.30	108.54094733	34.22456124	0.00	0.0110	0.0080	-0.9970	0.74	NULL	NULL	0
645	4	2	1	170803	110748.40	108.54094734	34.22456124	0.00	0.0150	0.0130	-0.9970	0.74	NULL	NULL	0
646	4	2	1	170803	110748.50	108.54094735	34.22456126	0.00	0.0140	0.0120	-0.9970	0.72	NULL	NULL	0
647	4	2	1	170803	110748.60	108.54094733	34.22456124	0.00	0.0140	0.0160	-0.9960	0.72	NULL	NULL	0
648	4	2	1	170803	110748.70	108.54094734	34.22456124	0.00	0.0170	0.0160	-0.9970	0.72	NULL	NULL	0
649	4	2	1	170803	110748.80	108.54094734	34.22456124	0.00	0.0080	0.0190	-1.0010	0.71	NULL	NULL	0
650	4	2	1	170803	110748.90	108.54094734	34.22456123	0.00	0.0120	0.0210	-1.0020	0.71	NULL	NULL	0
651	4	2	1	170803	110749.00	108.54094734	34.22456124	0.00	0.0070	0.0210	-1.0020	0.71	NULL	NULL	0
652	4	2	1	170803	110749.10	108.54094734	34.22456123	0.00	0.0070	0.0200	-1.0060	0.71	NULL	NULL	0
653	4	2	1	170803	110749.20	108.54094734	34.22456124	0.00	0.0020	0.0220	-1.0000	0.71	NULL	NULL	0
654	4	2	1	170803	110749.30	108.54094734	34.22456123	0.00	0.0030	0.0270	-1.0050	0.71	NULL	NULL	0
655	4	2	1	170803	110749.40	108.54094734	34.22456123	0.00	0.0040	0.0200	-1.0040	0.70	NULL	NULL	0
656	4	2	1	170803	110749.50	108.54094734	34.22456123	0.00	0.0030	0.0230	-0.9990	0.70	NULL	NULL	0
657	4	2	1	170803	110749.60	108.54094735	34.22456123	0.00	0.0030	0.0180	-1.0060	0.70	NULL	NULL	0
658	4	2	1	170803	110749.70	108.54094734	34.22456123	0.00	0.0070	0.0250	-0.9950	0.70	NULL	NULL	0
659	4	2	1	170803	110749.80	108.54094735	34.22456123	0.00	0.0110	0.0200	-1.0040	0.70	NULL	NULL	0
660	4	2	1	170803	110749.90	108.54094735	34.22456122	0.00	0.0180	0.0210	-1.0010	0.70	NULL	NULL	0
661	4	2	1	170803	110750.00	108.54094734	34.22456122	0.00	0.0180	0.0250	-1.0050	0.69	NULL	NULL	0
662	4	2	1	170803	110750.10	108.54094734	34.22456123	0.00	0.0150	0.0230	-1.0030	0.69	NULL	NULL	0
663	4	2	1	170803	110750.20	108.54094734	34.22456122	0.00	0.0170	0.0120	-0.9970	0.69	NULL	NULL	0
664	4	2	1	170803	110750.30	108.54094735	34.22456123	0.00	0.0090	0.0240	-1.0040	0.69	NULL	NULL	0
665	4	2	1	170803	110750.40	108.54094734	34.22456122	0.00	0.0060	0.0230	-1.0040	0.68	NULL	NULL	0
666	4	2	1	170803	110750.50	108.54094734	34.22456122	0.00	-0.0060	0.0240	-1.0030	0.68	NULL	NULL	0
667	4	2	1	170803	110750.60	108.54094735	34.22456122	0.00	0.0060	0.0240	-1.0000	0.72	NULL	NULL	0
668	4	2	1	170803	110750.70	108.54094734	34.22456122	0.00	0.0050	0.0200	-1.0010	0.72	NULL	NULL	0
669	4	2	1	170803	110750.80	108.54094735	34.22456122	0.00	0.0130	0.0180	-0.9990	0.72	NULL	NULL	0
670	4	2	1	170803	110750.90	108.54094734	34.22456121	0.00	0.0100	0.0170	-0.9980	0.72	NULL	NULL	0
671	4	2	1	170803	110751.00	108.54094734	34.22456121	0.00	0.0110	0.0130	-0.9970	0.73	NULL	NULL	0
672	4	2	1	170803	110751.10	108.54094734	34.22456121	0.00	0.0180	0.0100	-1.0010	0.73	NULL	NULL	0
673	4	2	1	170803	110751.20	108.54094734	34.22456120	0.00	0.0130	0.0120	-0.9960	0.73	NULL	NULL	0
674	4	2	1	170803	110751.30	108.54094735	34.22456121	0.00	0.0100	0.0090	-0.9950	0.71	NULL	NULL	0
675	4	2	1	170803	110751.40	108.54094733	34.22456120	0.00	0.0250	0.0080	-0.9960	0.71	NULL	NULL	0
676	4	2	1	170803	110751.50	108.54094734	34.22456121	0.00	0.0200	0.0110	-0.9930	0.71	NULL	NULL	0
677	4	2	1	170803	110751.60	108.54094733	34.22456121	0.00	0.0190	0.0090	-0.9960	0.71	NULL	NULL	0
678	4	2	1	170803	110751.70	108.54094734	34.22456120	0.00	0.0120	0.0180	-0.9990	0.71	NULL	NULL	0
679	4	2	1	170803	110751.80	108.54094734	34.22456120	0.00	0.0110	0.0200	-0.9980	0.71	NULL	NULL	0
680	4	2	1	170803	110751.90	108.54094733	34.22456121	0.00	-0.0010	0.0240	-1.0010	0.75	NULL	NULL	0
681	4	2	1	170803	110752.00	108.54094735	34.22456121	0.00	0.0110	0.0250	-0.9970	0.75	NULL	NULL	0
682	4	2	1	170803	110752.10	108.54094735	34.22456120	0.00	0.0010	0.0220	-1.0010	0.75	NULL	NULL	0
683	4	2	1	170803	110752.20	108.54094734	34.22456119	0.00	0.0090	0.0190	-0.9980	0.77	NULL	NULL	0
684	4	2	1	170803	110752.30	108.54094735	34.22456120	0.00	0.0030	0.0190	-0.9950	0.77	NULL	NULL	0
685	4	2	1	170803	110752.40	108.54094735	34.22456119	0.00	0.0130	0.0220	-0.9980	0.77	NULL	NULL	0
686	4	2	1	170803	110752.50	108.54094735	34.22456121	0.00	0.0240	0.0160	-0.9950	0.77	NULL	NULL	0
687	4	2	1	170803	110752.60	108.54094735	34.22456120	0.00	0.0200	0.0110	-0.9970	0.77	NULL	NULL	0
688	4	2	1	170803	110752.70	108.54094736	34.22456120	0.00	0.0290	0.0120	-0.9960	0.77	NULL	NULL	0
689	4	2	1	170803	110752.80	108.54094735	34.22456119	0.00	0.0400	0.0130	-0.9970	0.75	NULL	NULL	0
690	4	2	1	170803	110752.90	108.54094734	34.22456120	0.00	0.0260	0.0080	-0.9970	0.75	NULL	NULL	0
691	4	2	1	170803	110753.00	108.54094735	34.22456119	0.00	0.0310	0.0160	-0.9980	0.75	NULL	NULL	0
692	4	2	1	170803	110753.10	108.54094735	34.22456120	0.00	0.0070	0.0180	-0.9980	0.73	NULL	NULL	0
693	4	2	1	170803	110753.20	108.54094736	34.22456120	0.00	0.0070	0.0090	-0.9990	0.73	NULL	NULL	0
694	4	2	1	170803	110753.30	108.54094735	34.22456120	0.00	-0.0040	0.0250	-1.0020	0.73	NULL	NULL	0
695	4	2	1	170803	110753.40	108.54094735	34.22456119	0.00	0.0100	0.0250	-1.0000	0.77	NULL	NULL	0
696	4	2	1	170803	110753.50	108.54094735	34.22456121	0.00	0.0030	0.0220	-1.0010	0.77	NULL	NULL	0
697	4	2	1	170803	110753.60	108.54094736	34.22456119	0.00	-0.0000	0.0170	-1.0000	0.77	NULL	NULL	0
698	4	2	1	170803	110753.70	108.54094736	34.22456120	0.00	0.0090	0.0160	-1.0000	0.77	NULL	NULL	0
699	4	2	1	170803	110753.80	108.54094736	34.22456120	0.00	0.0140	0.0130	-0.9980	0.80	NULL	NULL	0
700	4	2	1	170803	110753.90	108.54094735	34.22456120	0.00	0.0160	0.0090	-0.9990	0.80	NULL	NULL	0
701	4	2	1	170803	110754.00	108.54094735	34.22456120	0.00	0.0050	0.0110	-1.0000	0.80	NULL	NULL	0
702	4	2	1	170803	110754.10	108.54094736	34.22456119	0.00	-0.0000	0.0150	-0.9970	0.80	NULL	NULL	0
703	4	2	1	170803	110754.20	108.54094735	34.22456120	0.00	0.0070	0.0180	-1.0010	0.80	NULL	NULL	0
704	4	2	1	170803	110754.30	108.54094736	34.22456120	0.00	0.0030	0.0200	-0.9960	0.80	NULL	NULL	0
705	4	2	1	170803	110754.40	108.54094736	34.22456120	0.00	-0.0030	0.0220	-1.0010	0.75	NULL	NULL	0
706	4	2	1	170803	110754.50	108.54094736	34.22456119	0.00	0.0020	0.0250	-0.9990	0.75	NULL	NULL	0
707	4	2	1	170803	110754.60	108.54094736	34.22456120	0.00	-0.0050	0.0220	-1.0000	0.75	NULL	NULL	0
708	4	2	1	170803	110754.70	108.54094736	34.22456120	0.00	0.0060	0.0210	-0.9960	0.75	NULL	NULL	0
709	4	2	1	170803	110754.80	108.54094735	34.22456119	0.00	0.0060	0.0150	-0.9940	0.75	NULL	NULL	0
710	4	2	1	170803	110754.90	108.54094736	34.22456120	0.00	0.0240	0.0130	-1.0010	0.75	NULL	NULL	0
711	4	2	1	170803	110755.00	108.54094735	34.22456124	0.00	0.0140	0.0100	-0.9960	0.74	NULL	NULL	0
712	4	2	1	170803	110755.10	108.54094734	34.22456124	0.00	0.0160	0.0140	-1.0000	0.74	NULL	NULL	0
713	4	2	1	170803	110755.20	108.54094735	34.22456123	0.00	0.0190	0.0140	-1.0000	0.74	NULL	NULL	0
714	4	2	1	170803	110755.30	108.54094733	34.22456124	0.00	0.0060	0.0200	-1.0010	0.80	NULL	NULL	0
715	4	2	1	170803	110755.40	108.54094735	34.22456125	0.00	0.0050	0.0220	-1.0000	0.80	NULL	NULL	0
716	4	2	1	170803	110755.50	108.54094735	34.22456124	0.00	0.0010	0.0270	-1.0030	0.80	NULL	NULL	0
717	4	2	1	170803	110755.60	108.54094734	34.22456125	0.00	-0.0010	0.0230	-0.9990	0.81	NULL	NULL	0
718	4	2	1	170803	110755.70	108.54094734	34.22456125	0.00	0.0060	0.0200	-1.0020	0.81	NULL	NULL	0
719	4	2	1	170803	110755.80	108.54094736	34.22456124	0.00	0.0100	0.0170	-1.0000	0.81	NULL	NULL	0
720	4	2	1	170803	110755.90	108.54094733	34.22456125	0.00	0.0230	0.0170	-0.9960	0.75	NULL	NULL	0
721	4	2	1	170803	110756.00	108.54094735	34.22456124	0.00	0.0130	0.0100	-1.0020	0.75	NULL	NULL	0
722	4	2	1	170803	110756.10	108.54094735	34.22456124	0.00	0.0190	0.0150	-0.9970	0.75	NULL	NULL	0
723	4	2	1	170803	110756.20	108.54094734	34.22456124	0.00	0.0080	0.0150	-1.0010	0.74	NULL	NULL	0
724	4	2	1	170803	110756.30	108.54094734	34.22456125	0.00	0.0080	0.0160	-0.9960	0.74	NULL	NULL	0
725	4	2	1	170803	110756.40	108.54094734	34.22456125	0.00	0.0070	0.0160	-0.9950	0.74	NULL	NULL	0
726	4	2	1	170803	110756.50	108.54094735	34.22456124	0.00	0.0150	0.0120	-1.0040	0.77	NULL	NULL	0
727	4	2	1	170803	110756.60	108.54094735	34.22456125	0.00	0.0050	0.0220	-0.9960	0.77	NULL	NULL	0
728	4	2	1	170803	110756.70	108.54094734	34.22456124	0.00	0.0080	0.0210	-0.9940	0.77	NULL	NULL	0
729	4	2	1	170803	110756.80	108.54094733	34.22456125	0.00	0.0180	0.0130	-0.9990	1.15	NULL	NULL	0
730	4	2	1	170803	110756.90	108.54094734	34.22456125	0.00	0.0170	0.0090	-0.9970	1.15	NULL	NULL	0
731	4	2	1	170803	110757.00	108.54094735	34.22456124	0.00	0.0010	0.0190	-1.0030	1.15	NULL	NULL	0
732	4	2	1	170803	110757.10	108.54094735	34.22456124	0.00	0.0030	0.0200	-1.0030	1.07	NULL	NULL	0
733	4	2	1	170803	110757.20	108.54094733	34.22456124	0.00	0.0100	0.0240	-0.9960	1.07	NULL	NULL	0
734	4	2	1	170803	110757.30	108.54094735	34.22456123	0.00	0.0140	0.0220	-0.9970	1.07	NULL	NULL	0
735	4	2	1	170803	110757.40	108.54094733	34.22456125	0.00	0.0110	0.0170	-1.0000	1.10	NULL	NULL	0
736	4	2	1	170803	110757.50	108.54094735	34.22456124	0.00	0.0110	0.0240	-0.9940	1.10	NULL	NULL	0
737	4	2	1	170803	110757.60	108.54094734	34.22456125	0.00	0.0180	0.0190	-0.9910	1.10	NULL	NULL	0
738	4	2	1	170803	110757.70	108.54094734	34.22456125	0.00	0.0090	0.0260	-1.0050	1.10	NULL	NULL	0
739	4	2	1	170803	110757.80	108.54094735	34.22456124	0.00	0.0120	0.0170	-1.0030	1.20	NULL	NULL	0
740	4	2	1	170803	110757.90	108.54094735	34.22456124	0.00	0.0160	0.0140	-0.9970	1.20	NULL	NULL	0
741	4	2	1	170803	110758.00	108.54094729	34.22456133	0.00	0.0140	0.0260	-1.0060	1.43	NULL	NULL	0
742	4	2	1	170803	110758.10	108.54094731	34.22456134	0.00	0.0260	0.0130	-0.9880	1.43	NULL	NULL	0
743	4	2	1	170803	110758.20	108.54094734	34.22456125	0.00	0.0120	0.0230	-1.0010	1.43	NULL	NULL	0
744	4	2	1	170803	110758.30	108.54094734	34.22456125	0.00	0.0080	0.0170	-1.0040	1.43	NULL	NULL	0
745	4	2	1	170803	110758.40	108.54094733	34.22456123	0.00	0.0160	0.0220	-0.9950	1.65	NULL	NULL	0
746	4	2	1	170803	110758.50	108.54094734	34.22456124	0.00	0.0010	0.0170	-1.0050	1.65	NULL	NULL	0
747	4	2	1	170803	110758.60	108.54094730	34.22456133	0.00	0.0150	0.0140	-0.9990	1.35	NULL	NULL	0
748	4	2	1	170803	110758.70	108.54094731	34.22456133	0.00	0.0120	0.0140	-0.9970	1.35	NULL	NULL	0
749	4	2	1	170803	110758.80	108.54094729	34.22456132	0.00	0.0130	0.0160	-1.0040	1.35	NULL	NULL	0
750	4	2	1	170803	110758.90	108.54094731	34.22456132	0.00	0.0200	0.0150	-1.0000	1.35	NULL	NULL	0
751	4	2	1	170803	110759.00	108.54094729	34.22456133	0.00	0.0110	0.0180	-0.9990	1.26	NULL	NULL	0
752	4	2	1	170803	110759.10	108.54094730	34.22456133	0.00	0.0120	0.0230	-0.9990	1.26	NULL	NULL	0
753	4	2	1	170803	110759.20	108.54094730	34.22456135	0.00	0.0140	0.0170	-0.9980	1.26	NULL	NULL	0
754	4	2	1	170803	110759.30	108.54094729	34.22456135	0.00	0.0080	0.0210	-0.9970	1.27	NULL	NULL	0
755	4	2	1	170803	110759.40	108.54094734	34.22456125	0.00	0.0040	0.0180	-0.9960	1.27	NULL	NULL	0
756	4	2	1	170803	110759.50	108.54094734	34.22456124	0.00	0.0090	0.0120	-1.0070	1.27	NULL	NULL	0
757	4	2	1	170803	110759.60	108.54094735	34.22456125	0.00	0.0070	0.0190	-1.0030	1.32	NULL	NULL	0
758	4	2	1	170803	110759.70	108.54094733	34.22456124	0.00	0.0140	0.0130	-0.9970	1.32	NULL	NULL	0
759	4	2	1	170803	110759.80	108.54094729	34.22456135	0.00	0.0130	0.0130	-0.9970	1.32	NULL	NULL	0
760	4	2	1	170803	110759.90	108.54094730	34.22456134	0.00	0.0140	0.0250	-0.9890	1.33	NULL	NULL	0
761	4	2	1	170803	110800.00	108.54094728	34.22456137	0.00	0.0180	0.0150	-0.9920	1.33	NULL	NULL	0
762	4	2	1	170803	110800.10	108.54094729	34.22456138	0.00	0.0080	0.0110	-1.0060	1.33	NULL	NULL	0
763	4	2	1	170803	110800.20	108.54094729	34.22456135	0.00	0.0100	0.0310	-1.0010	1.32	NULL	NULL	0
764	4	2	1	170803	110800.30	108.54094729	34.22456135	0.00	0.0210	0.0110	-1.0000	1.32	NULL	NULL	0
765	4	2	1	170803	110800.40	108.54094728	34.22456136	0.00	0.0040	0.0160	-1.0010	1.32	NULL	NULL	0
766	4	2	1	170803	110800.50	108.54094730	34.22456136	0.00	0.0090	0.0330	-0.9970	1.33	NULL	NULL	0
767	4	2	1	170803	110800.60	108.54094732	34.22456131	0.00	0.0180	0.0010	-0.9880	1.33	NULL	NULL	0
768	4	2	1	170803	110800.70	108.54094730	34.22456133	0.00	0.0140	0.0190	-0.9970	1.33	NULL	NULL	0
769	4	2	1	170803	110800.80	108.54094734	34.22456124	0.00	0.0120	0.0210	-1.0160	1.30	NULL	NULL	0
770	4	2	1	170803	110800.90	108.54094735	34.22456123	0.00	0.0050	0.0100	-0.9880	1.30	NULL	NULL	0
771	4	2	1	170803	110801.00	108.54094731	34.22456133	0.00	0.0150	0.0310	-0.9930	1.30	NULL	NULL	0
772	4	2	1	170803	110801.10	108.54094731	34.22456132	0.00	0.0060	0.0260	-1.0120	1.30	NULL	NULL	0
773	4	2	1	170803	110801.20	108.54094729	34.22456135	0.00	0.0140	0.0170	-0.9920	1.30	NULL	NULL	0
774	4	2	1	170803	110801.30	108.54094729	34.22456135	0.00	0.0070	0.0250	-0.9980	1.30	NULL	NULL	0
775	4	2	1	170803	110801.40	108.54094730	34.22456134	0.00	0.0170	0.0060	-1.0140	1.32	NULL	NULL	0
776	4	2	1	170803	110801.50	108.54094730	34.22456134	0.00	0.0180	0.0100	-0.9870	1.32	NULL	NULL	0
777	4	2	1	170803	110801.60	108.54094731	34.22456134	0.00	0.0090	0.0270	-0.9890	1.32	NULL	NULL	0
778	4	2	1	170803	110801.70	108.54094731	34.22456133	0.00	0.0290	0.0060	-1.0150	1.32	NULL	NULL	0
779	4	2	1	170803	110801.80	108.54094730	34.22456133	0.00	0.0070	0.0280	-0.9940	1.29	NULL	NULL	0
780	4	2	1	170803	110801.90	108.54094732	34.22456133	0.00	0.0190	0.0300	-0.9970	1.29	NULL	NULL	0
781	4	2	1	170803	110802.00	108.54094735	34.22456124	0.00	0.0250	0.0060	-1.0080	1.30	NULL	NULL	0
782	4	2	1	170803	110802.10	108.54094736	34.22456124	0.00	0.0100	0.0200	-1.0040	1.30	NULL	NULL	0
783	4	2	1	170803	110802.20	108.54094730	34.22456136	0.00	0.0050	0.0180	-1.0040	1.30	NULL	NULL	0
784	4	2	1	170803	110802.30	108.54094730	34.22456135	0.00	0.0200	0.0090	-1.0000	1.30	NULL	NULL	0
785	4	2	1	170803	110802.40	108.54094732	34.22456133	0.00	0.0080	0.0180	-1.0070	1.32	NULL	NULL	0
786	4	2	1	170803	110802.50	108.54094731	34.22456134	0.00	0.0150	0.0130	-0.9950	1.32	NULL	NULL	0
787	4	2	1	170803	110802.60	108.54094735	34.22456125	0.00	0.0220	0.0140	-0.9860	1.32	NULL	NULL	0
788	4	2	1	170803	110802.70	108.54094734	34.22456125	0.00	0.0120	0.0250	-1.0050	1.32	NULL	NULL	0
789	4	2	1	170803	110802.80	108.54094731	34.22456135	0.00	0.0140	0.0180	-1.0040	1.32	NULL	NULL	0
790	4	2	1	170803	110802.90	108.54094729	34.22456135	0.00	0.0210	0.0180	-0.9950	1.32	NULL	NULL	0
791	4	2	1	170803	110803.00	108.54094731	34.22456135	0.00	0.0110	0.0180	-1.0020	1.30	NULL	NULL	0
792	4	2	1	170803	110803.10	108.54094731	34.22456135	0.00	0.0110	0.0130	-1.0040	1.30	NULL	NULL	0
793	4	2	1	170803	110803.20	108.54094730	34.22456135	0.00	0.0150	0.0200	-0.9960	1.30	NULL	NULL	0
794	4	2	1	170803	110803.30	108.54094730	34.22456137	0.00	0.0220	0.0150	-1.0030	1.30	NULL	NULL	0
795	4	2	1	170803	110803.40	108.54094731	34.22456139	0.00	0.0080	0.0150	-1.0000	1.30	NULL	NULL	0
796	4	2	1	170803	110803.50	108.54094730	34.22456137	0.00	0.0070	0.0230	-0.9960	1.30	NULL	NULL	0
797	4	2	1	170803	110803.60	108.54094732	34.22456136	0.00	0.0190	0.0130	-0.9870	1.33	NULL	NULL	0
798	4	2	1	170803	110803.70	108.54094731	34.22456137	0.00	-0.0010	0.0200	-1.0040	1.33	NULL	NULL	0
799	4	2	1	170803	110803.80	108.54094732	34.22456137	0.00	0.0130	0.0260	-1.0040	1.33	NULL	NULL	0
800	4	2	1	170803	110803.90	108.54094731	34.22456136	0.00	0.0070	0.0150	-0.9960	1.30	NULL	NULL	0
801	4	2	1	170803	110804.00	108.54094730	34.22456138	0.00	0.0100	0.0190	-0.9970	1.30	NULL	NULL	0
802	4	2	1	170803	110804.10	108.54094731	34.22456137	0.00	0.0080	0.0150	-1.0070	1.30	NULL	NULL	0
803	4	2	1	170803	110804.20	108.54094730	34.22456140	0.00	0.0100	0.0230	-1.0060	1.29	NULL	NULL	0
804	4	2	1	170803	110804.30	108.54094729	34.22456140	0.00	0.0160	0.0170	-0.9960	1.29	NULL	NULL	0
805	4	2	1	170803	110804.40	108.54094732	34.22456138	0.00	0.0180	0.0170	-0.9930	1.29	NULL	NULL	0
806	4	2	1	170803	110804.50	108.54094731	34.22456141	0.00	0.0160	0.0230	-0.9890	1.32	NULL	NULL	0
807	4	2	1	170803	110804.60	108.54094730	34.22456139	0.00	0.0210	0.0220	-0.9930	1.32	NULL	NULL	0
808	4	2	1	170803	110804.70	108.54094733	34.22456138	0.00	0.0180	0.0140	-1.0100	1.32	NULL	NULL	0
809	4	2	1	170803	110804.80	108.54094730	34.22456140	0.00	0.0090	0.0270	-1.0020	1.32	NULL	NULL	0
810	4	2	1	170803	110804.90	108.54094732	34.22456139	0.00	0.0120	0.0160	-0.9990	1.32	NULL	NULL	0
811	4	2	1	170803	110805.00	108.54094732	34.22456137	0.00	0.0160	0.0140	-0.9970	1.32	NULL	NULL	0
812	4	2	1	170803	110805.10	108.54094731	34.22456137	0.00	0.0090	0.0190	-0.9990	1.30	NULL	NULL	0
813	4	2	1	170803	110805.20	108.54094732	34.22456139	0.00	0.0150	0.0120	-0.9950	1.30	NULL	NULL	0
814	4	2	1	170803	110805.30	108.54094731	34.22456139	0.00	0.0170	0.0190	-0.9960	1.30	NULL	NULL	0
815	4	2	1	170803	110805.40	108.54094730	34.22456139	0.00	0.0110	0.0180	-1.0050	1.26	NULL	NULL	0
816	4	2	1	170803	110805.50	108.54094732	34.22456139	0.00	0.0180	0.0170	-1.0000	1.26	NULL	NULL	0
817	4	2	1	170803	110805.60	108.54094730	34.22456141	0.00	0.0180	0.0210	-0.9880	1.26	NULL	NULL	0
818	4	2	1	170803	110805.70	108.54094729	34.22456142	0.00	0.0060	0.0220	-1.0100	1.26	NULL	NULL	0
819	4	2	1	170803	110805.80	108.54094731	34.22456139	0.00	0.0070	0.0170	-1.0030	1.30	NULL	NULL	0
820	4	2	1	170803	110805.90	108.54094731	34.22456140	0.00	0.0120	0.0170	-0.9930	1.30	NULL	NULL	0
821	4	2	1	170803	110806.00	108.54094730	34.22456141	0.00	0.0110	0.0130	-1.0070	1.33	NULL	NULL	0
822	4	2	1	170803	110806.10	108.54094733	34.22456138	0.00	0.0200	0.0160	-0.9970	1.33	NULL	NULL	0
823	4	2	1	170803	110806.20	108.54094730	34.22456140	0.00	0.0130	0.0190	-0.9950	1.33	NULL	NULL	0
824	4	2	1	170803	110806.30	108.54094731	34.22456140	0.00	0.0160	0.0160	-1.0070	1.33	NULL	NULL	0
825	4	2	1	170803	110806.40	108.54094732	34.22456140	0.00	0.0100	0.0200	-1.0000	1.30	NULL	NULL	0
826	4	2	1	170803	110806.50	108.54094731	34.22456140	0.00	0.0150	0.0240	-0.9920	1.30	NULL	NULL	0
827	4	2	1	170803	110806.60	108.54094730	34.22456142	0.00	0.0160	0.0210	-0.9920	1.29	NULL	NULL	0
828	4	2	1	170803	110806.70	108.54094731	34.22456141	0.00	0.0110	0.0140	-1.0050	1.29	NULL	NULL	0
829	4	2	1	170803	110806.80	108.54094731	34.22456141	0.00	0.0050	0.0190	-1.0040	1.29	NULL	NULL	0
830	4	2	1	170803	110806.90	108.54094730	34.22456141	0.00	0.0160	0.0090	-0.9960	1.29	NULL	NULL	0
831	4	2	1	170803	110807.00	108.54094731	34.22456141	0.00	0.0100	0.0170	-0.9960	1.32	NULL	NULL	0
832	4	2	1	170803	110807.10	108.54094729	34.22456141	0.00	0.0110	0.0190	-0.9990	1.32	NULL	NULL	0
833	4	2	1	170803	110807.20	108.54094730	34.22456142	0.00	0.0270	0.0150	-0.9870	1.32	NULL	NULL	0
834	4	2	1	170803	110807.30	108.54094731	34.22456141	0.00	0.0160	0.0250	-1.0000	1.33	NULL	NULL	0
835	4	2	1	170803	110807.40	108.54094729	34.22456141	0.00	0.0210	0.0170	-1.0100	1.33	NULL	NULL	0
836	4	2	1	170803	110807.50	108.54094731	34.22456140	0.00	0.0220	0.0180	-0.9930	1.33	NULL	NULL	0
837	4	2	1	170803	110807.60	108.54094731	34.22456143	0.00	0.0180	0.0210	-1.0010	1.31	NULL	NULL	0
838	4	2	1	170803	110807.70	108.54094730	34.22456142	0.00	0.0140	0.0150	-1.0140	1.31	NULL	NULL	0
839	4	2	1	170803	110807.80	108.54094729	34.22456144	0.00	0.0090	0.0190	-0.9950	1.31	NULL	NULL	0
840	4	2	1	170803	110807.90	108.54094729	34.22456144	0.00	0.0090	0.0180	-0.9990	1.30	NULL	NULL	0
841	4	2	1	170803	110808.00	108.54094732	34.22456140	0.00	0.0140	0.0080	-1.0020	1.30	NULL	NULL	0
842	4	2	1	170803	110808.10	108.54094732	34.22456143	0.00	0.0120	0.0270	-0.9880	1.30	NULL	NULL	0
843	4	2	1	170803	110808.20	108.54094730	34.22456141	0.00	0.0150	0.0170	-1.0010	1.29	NULL	NULL	0
844	4	2	1	170803	110808.30	108.54094731	34.22456141	0.00	0.0140	0.0150	-1.0060	1.29	NULL	NULL	0
845	4	2	1	170803	110808.40	108.54094732	34.22456142	0.00	0.0080	0.0270	-1.0030	1.29	NULL	NULL	0
846	4	2	1	170803	110808.50	108.54094729	34.22456143	0.00	0.0120	0.0140	-0.9980	1.32	NULL	NULL	0
847	4	2	1	170803	110808.60	108.54094731	34.22456141	0.00	0.0210	0.0170	-0.9950	1.32	NULL	NULL	0
848	4	2	1	170803	110808.70	108.54094732	34.22456142	0.00	0.0110	0.0180	-1.0040	1.32	NULL	NULL	0
849	4	2	1	170803	110808.80	108.54094729	34.22456141	0.00	0.0150	0.0130	-1.0010	1.30	NULL	NULL	0
850	4	2	1	170803	110808.90	108.54094733	34.22456139	0.00	0.0220	0.0160	-0.9910	1.30	NULL	NULL	0
851	4	2	1	170803	110809.00	108.54094730	34.22456144	0.00	0.0100	0.0160	-1.0100	1.30	NULL	NULL	0
852	4	2	1	170803	110809.10	108.54094729	34.22456145	0.00	0.0180	0.0160	-0.9940	1.29	NULL	NULL	0
853	4	2	1	170803	110809.20	108.54094733	34.22456141	0.00	0.0180	0.0250	-0.9910	1.29	NULL	NULL	0
854	4	2	1	170803	110809.30	108.54094731	34.22456142	0.00	0.0120	0.0170	-1.0100	1.29	NULL	NULL	0
855	4	2	1	170803	110809.40	108.54094730	34.22456143	0.00	0.0120	0.0220	-1.0040	1.29	NULL	NULL	0
856	4	2	1	170803	110809.50	108.54094731	34.22456143	0.00	0.0130	0.0180	-0.9910	1.29	NULL	NULL	0
857	4	2	1	170803	110809.60	108.54094730	34.22456143	0.00	0.0100	0.0250	-0.9910	1.29	NULL	NULL	0
858	4	2	1	170803	110809.70	108.54094730	34.22456143	0.00	0.0060	0.0180	-0.9970	1.29	NULL	NULL	0
859	4	2	1	170803	110809.80	108.54094730	34.22456145	0.00	0.0110	0.0140	-0.9950	1.33	NULL	NULL	0
860	4	2	1	170803	110809.90	108.54094730	34.22456145	0.00	0.0190	0.0180	-1.0010	1.33	NULL	NULL	0
861	4	2	1	170803	110810.00	108.54094729	34.22456144	0.00	0.0090	0.0190	-0.9980	1.30	NULL	NULL	0
862	4	2	1	170803	110810.10	108.54094730	34.22456144	0.00	0.0160	0.0230	-1.0000	1.30	NULL	NULL	0
863	4	2	1	170803	110810.20	108.54094730	34.22456144	0.00	0.0240	0.0190	-0.9880	1.30	NULL	NULL	0
864	4	2	1	170803	110810.30	108.54094729	34.22456144	0.00	0.0110	0.0190	-1.0060	1.30	NULL	NULL	0
865	4	2	1	170803	110810.40	108.54094730	34.22456144	0.00	0.0140	0.0180	-1.0110	1.28	NULL	NULL	0
866	4	2	1	170803	110810.50	108.54094730	34.22456145	0.00	0.0170	0.0130	-0.9920	1.28	NULL	NULL	0
867	4	2	1	170803	110810.60	108.54094729	34.22456144	0.00	0.0080	0.0160	-1.0040	1.32	NULL	NULL	0
868	4	2	1	170803	110810.70	108.54094730	34.22456145	0.00	0.0130	0.0170	-1.0020	1.32	NULL	NULL	0
869	4	2	1	170803	110810.80	108.54094730	34.22456144	0.00	0.0180	0.0180	-0.9870	1.32	NULL	NULL	0
870	4	2	1	170803	110810.90	108.54094729	34.22456146	0.00	0.0220	0.0210	-1.0040	1.32	NULL	NULL	0
871	4	2	1	170803	110811.00	108.54094731	34.22456143	0.00	0.0090	0.0170	-1.0040	1.30	NULL	NULL	0
872	4	2	1	170803	110811.10	108.54094728	34.22456144	0.00	0.0140	0.0220	-0.9920	1.30	NULL	NULL	0
873	4	2	1	170803	110811.20	108.54094731	34.22456144	0.00	0.0140	0.0180	-0.9970	1.30	NULL	NULL	0
874	4	2	1	170803	110811.30	108.54094731	34.22456143	0.00	0.0070	0.0120	-1.0060	1.29	NULL	NULL	0
875	4	2	1	170803	110811.40	108.54094729	34.22456144	0.00	0.0100	0.0220	-1.0020	1.29	NULL	NULL	0
876	4	2	1	170803	110811.50	108.54094731	34.22456144	0.00	0.0210	0.0100	-0.9950	1.29	NULL	NULL	0
877	4	2	1	170803	110811.60	108.54094729	34.22456145	0.00	0.0110	0.0160	-1.0010	1.30	NULL	NULL	0
878	4	2	1	170803	110811.70	108.54094729	34.22456146	0.00	0.0160	0.0230	-0.9950	1.30	NULL	NULL	0
879	4	2	1	170803	110811.80	108.54094730	34.22456145	0.00	0.0220	0.0150	-0.9920	1.30	NULL	NULL	0
880	4	2	1	170803	110811.90	108.54094729	34.22456145	0.00	0.0140	0.0240	-1.0020	1.33	NULL	NULL	0
881	4	2	1	170803	110812.00	108.54094728	34.22456145	0.00	0.0220	0.0190	-1.0060	1.33	NULL	NULL	0
882	4	2	1	170803	110812.10	108.54094729	34.22456146	0.00	0.0200	0.0170	-0.9940	1.33	NULL	NULL	0
883	4	2	1	170803	110812.20	108.54094728	34.22456146	0.00	0.0200	0.0210	-0.9980	1.33	NULL	NULL	0
884	4	2	1	170803	110812.30	108.54094729	34.22456146	0.00	0.0090	0.0130	-1.0110	1.33	NULL	NULL	0
885	4	2	1	170803	110812.40	108.54094726	34.22456149	0.00	0.0140	0.0160	-0.9950	1.33	NULL	NULL	0
886	4	2	1	170803	110812.50	108.54094726	34.22456148	0.00	0.0090	0.0200	-1.0010	1.31	NULL	NULL	0
887	4	2	1	170803	110812.60	108.54094728	34.22456146	0.00	0.0160	0.0090	-1.0020	1.31	NULL	NULL	0
888	4	2	1	170803	110812.70	108.54094728	34.22456148	0.00	0.0140	0.0240	-0.9910	1.31	NULL	NULL	0
889	4	2	1	170803	110812.80	108.54094728	34.22456145	0.00	0.0100	0.0180	-0.9940	1.29	NULL	NULL	0
890	4	2	1	170803	110812.90	108.54094729	34.22456147	0.00	0.0070	0.0170	-1.0070	1.29	NULL	NULL	0
891	4	2	1	170803	110813.00	108.54094727	34.22456146	0.00	0.0010	0.0260	-1.0020	1.29	NULL	NULL	0
892	4	2	1	170803	110813.10	108.54094727	34.22456147	0.00	0.0130	0.0140	-0.9980	1.29	NULL	NULL	0
893	4	2	1	170803	110813.20	108.54094727	34.22456145	0.00	0.0160	0.0170	-0.9960	1.29	NULL	NULL	0
894	4	2	1	170803	110813.30	108.54094730	34.22456144	0.00	0.0120	0.0200	-1.0010	1.29	NULL	NULL	0
895	4	2	1	170803	110813.40	108.54094726	34.22456148	0.00	0.0150	0.0130	-0.9980	1.31	NULL	NULL	0
896	4	2	1	170803	110813.50	108.54094728	34.22456147	0.00	0.0160	0.0180	-0.9930	1.31	NULL	NULL	0
897	4	2	1	170803	110813.60	108.54094727	34.22456149	0.00	0.0170	0.0180	-1.0080	1.31	NULL	NULL	0
898	4	2	1	170803	110813.70	108.54094726	34.22456147	0.00	0.0210	0.0190	-0.9920	1.31	NULL	NULL	0
899	4	2	1	170803	110813.80	108.54094730	34.22456146	0.00	0.0150	0.0260	-0.9920	1.30	NULL	NULL	0
900	4	2	1	170803	110813.90	108.54094728	34.22456146	0.00	0.0170	0.0150	-1.0120	1.30	NULL	NULL	0
901	4	2	1	170803	110814.00	108.54094727	34.22456146	0.00	0.0080	0.0240	-1.0020	1.33	NULL	NULL	0
902	4	2	1	170803	110814.10	108.54094726	34.22456146	0.00	0.0170	0.0150	-0.9980	1.33	NULL	NULL	0
903	4	2	1	170803	110814.20	108.54094728	34.22456146	0.00	0.0150	0.0080	-1.0020	1.33	NULL	NULL	0
904	4	2	1	170803	110814.30	108.54094727	34.22456146	0.00	0.0140	0.0200	-0.9940	1.33	NULL	NULL	0
905	4	2	1	170803	110814.40	108.54094728	34.22456147	0.00	0.0200	0.0150	-0.9940	1.33	NULL	NULL	0
906	4	2	1	170803	110814.50	108.54094727	34.22456146	0.00	0.0180	0.0190	-0.9980	1.33	NULL	NULL	0
907	4	2	1	170803	110814.60	108.54094726	34.22456147	0.00	0.0140	0.0200	-1.0050	1.30	NULL	NULL	0
908	4	2	1	170803	110814.70	108.54094726	34.22456147	0.00	0.0160	0.0180	-1.0000	1.30	NULL	NULL	0
909	4	2	1	170803	110814.80	108.54094727	34.22456147	0.00	0.0200	0.0210	-0.9890	1.30	NULL	NULL	0
910	4	2	1	170803	110814.90	108.54094727	34.22456146	0.00	0.0080	0.0200	-1.0080	1.30	NULL	NULL	0
911	4	2	1	170803	110815.00	108.54094726	34.22456149	0.00	0.0170	0.0140	-1.0020	1.27	NULL	NULL	0
912	4	2	1	170803	110815.10	108.54094726	34.22456147	0.00	0.0240	0.0170	-0.9900	1.27	NULL	NULL	0
913	4	2	1	170803	110815.20	108.54094726	34.22456150	0.00	0.0110	0.0140	-1.0050	1.27	NULL	NULL	0
914	4	2	1	170803	110815.30	108.54094726	34.22456149	0.00	0.0260	0.0190	-0.9960	1.29	NULL	NULL	0
915	4	2	1	170803	110815.40	108.54094727	34.22456148	0.00	0.0230	0.0240	-0.9870	1.29	NULL	NULL	0
916	4	2	1	170803	110815.50	108.54094725	34.22456148	0.00	0.0210	0.0240	-1.0110	1.29	NULL	NULL	0
917	4	2	1	170803	110815.60	108.54094726	34.22456149	0.00	0.0210	0.0180	-1.0000	1.30	NULL	NULL	0
918	4	2	1	170803	110815.70	108.54094725	34.22456148	0.00	0.0220	0.0180	-0.9940	1.30	NULL	NULL	0
919	4	2	1	170803	110815.80	108.54094727	34.22456148	0.00	0.0190	0.0170	-1.0010	1.30	NULL	NULL	0
920	4	2	1	170803	110815.90	108.54094727	34.22456148	0.00	0.0150	0.0120	-1.0020	1.26	NULL	NULL	0
921	4	2	1	170803	110816.00	108.54094725	34.22456155	0.00	0.0110	0.0250	-0.9960	1.26	NULL	NULL	0
922	4	2	1	170803	110816.10	108.54094726	34.22456155	0.00	0.0190	0.0140	-1.0000	1.26	NULL	NULL	0
923	4	2	1	170803	110816.20	108.54094725	34.22456158	0.00	0.0230	0.0170	-0.9980	1.29	NULL	NULL	0
924	4	2	1	170803	110816.30	108.54094724	34.22456157	0.00	0.0220	0.0230	-0.9930	1.29	NULL	NULL	0
925	4	2	1	170803	110816.40	108.54094724	34.22456159	0.00	0.0240	0.0220	-0.9970	1.29	NULL	NULL	0
926	4	2	1	170803	110816.50	108.54094724	34.22456158	0.00	0.0150	0.0140	-1.0080	1.26	NULL	NULL	0
927	4	2	1	170803	110816.60	108.54094725	34.22456157	0.00	0.0120	0.0220	-1.0030	1.26	NULL	NULL	0
928	4	2	1	170803	110816.70	108.54094725	34.22456158	0.00	0.0100	0.0140	-0.9990	1.26	NULL	NULL	0
929	4	2	1	170803	110816.80	108.54094723	34.22456158	0.00	0.0120	0.0120	-1.0030	1.26	NULL	NULL	0
930	4	2	1	170803	110816.90	108.54094724	34.22456159	0.00	0.0100	0.0130	-1.0100	1.26	NULL	NULL	0
931	4	2	1	170803	110817.00	108.54094724	34.22456159	0.00	0.0150	0.0190	-1.0000	1.26	NULL	NULL	0
932	4	2	1	170803	110817.10	108.54094723	34.22456159	0.00	0.0160	0.0150	-1.0050	1.29	NULL	NULL	0
933	4	2	1	170803	110817.20	108.54094723	34.22456158	0.00	0.0130	0.0220	-1.0000	1.29	NULL	NULL	0
934	4	2	1	170803	110817.30	108.54094722	34.22456159	0.00	0.0210	0.0150	-0.9920	1.29	NULL	NULL	0
935	4	2	1	170803	110817.40	108.54094724	34.22456159	0.00	0.0140	0.0150	-1.0100	1.29	NULL	NULL	0
936	4	2	1	170803	110817.50	108.54094725	34.22456158	0.00	0.0110	0.0150	-0.9980	1.29	NULL	NULL	0
937	4	2	1	170803	110817.60	108.54094723	34.22456158	0.00	0.0190	0.0140	-0.9890	1.29	NULL	NULL	0
938	4	2	1	170803	110817.70	108.54094724	34.22456158	0.00	0.0140	0.0210	-1.0020	1.29	NULL	NULL	0
939	4	2	1	170803	110817.80	108.54094722	34.22456160	0.00	0.0120	0.0220	-1.0050	1.26	NULL	NULL	0
940	4	2	1	170803	110817.90	108.54094721	34.22456160	0.00	0.0190	0.0200	-0.9940	1.26	NULL	NULL	0
941	4	2	1	170803	110818.00	108.54094724	34.22456158	0.00	0.0240	0.0170	-0.9980	1.25	NULL	NULL	0
942	4	2	1	170803	110818.10	108.54094724	34.22456158	0.00	0.0190	0.0180	-1.0040	1.25	NULL	NULL	0
943	4	2	1	170803	110818.20	108.54094725	34.22456157	0.00	0.0220	0.0130	-0.9950	1.25	NULL	NULL	0
944	4	2	1	170803	110818.30	108.54094723	34.22456157	0.00	0.0200	0.0150	-0.9960	1.25	NULL	NULL	0
945	4	2	1	170803	110818.40	108.54094723	34.22456159	0.00	0.0050	0.0170	-1.0070	1.29	NULL	NULL	0
946	4	2	1	170803	110818.50	108.54094722	34.22456159	0.00	0.0170	0.0180	-0.9970	1.29	NULL	NULL	0
947	4	2	1	170803	110818.60	108.54094723	34.22456159	0.00	0.0120	0.0200	-0.9880	1.28	NULL	NULL	0
948	4	2	1	170803	110818.70	108.54094722	34.22456158	0.00	0.0070	0.0230	-1.0110	1.28	NULL	NULL	0
949	4	2	1	170803	110818.80	108.54094724	34.22456158	0.00	0.0130	0.0180	-0.9940	1.28	NULL	NULL	0
950	4	2	1	170803	110818.90	108.54094722	34.22456158	0.00	0.0110	0.0130	-0.9980	1.28	NULL	NULL	0
951	4	2	1	170803	110819.00	108.54094723	34.22456157	0.00	0.0070	0.0150	-1.0130	1.26	NULL	NULL	0
952	4	2	1	170803	110819.10	108.54094722	34.22456158	0.00	0.0150	0.0130	-0.9920	1.26	NULL	NULL	0
953	4	2	1	170803	110819.20	108.54094722	34.22456159	0.00	0.0230	0.0150	-0.9910	1.26	NULL	NULL	0
954	4	2	1	170803	110819.30	108.54094722	34.22456159	0.00	0.0130	0.0200	-1.0060	1.26	NULL	NULL	0
955	4	2	1	170803	110819.40	108.54094721	34.22456162	0.00	0.0190	0.0180	-1.0020	1.26	NULL	NULL	0
956	4	2	1	170803	110819.50	108.54094722	34.22456162	0.00	0.0230	0.0230	-0.9920	1.26	NULL	NULL	0
957	4	2	1	170803	110819.60	108.54094721	34.22456161	0.00	0.0130	0.0200	-1.0040	1.22	NULL	NULL	0
958	4	2	1	170803	110819.70	108.54094722	34.22456160	0.00	0.0160	0.0160	-1.0020	1.22	NULL	NULL	0
959	4	2	1	170803	110819.80	108.54094721	34.22456161	0.00	0.0150	0.0240	-0.9950	1.22	NULL	NULL	0
960	4	2	1	170803	110819.90	108.54094721	34.22456161	0.00	0.0080	0.0120	-1.0050	1.28	NULL	NULL	0
961	4	2	1	170803	110820.00	108.54094723	34.22456159	0.00	0.0130	0.0160	-1.0060	1.28	NULL	NULL	0
962	4	2	1	170803	110820.10	108.54094722	34.22456160	0.00	0.0130	0.0190	-0.9860	1.28	NULL	NULL	0
963	4	2	1	170803	110820.20	108.54094721	34.22456159	0.00	0.0200	0.0130	-0.9980	1.27	NULL	NULL	0
964	4	2	1	170803	110820.30	108.54094723	34.22456159	0.00	0.0100	0.0200	-1.0010	1.27	NULL	NULL	0
965	4	2	1	170803	110820.40	108.54094722	34.22456159	0.00	0.0170	0.0220	-0.9990	1.27	NULL	NULL	0
966	4	2	1	170803	110820.50	108.54094722	34.22456159	0.00	0.0110	0.0190	-1.0010	1.26	NULL	NULL	0
967	4	2	1	170803	110820.60	108.54094721	34.22456160	0.00	0.0150	0.0190	-1.0010	1.26	NULL	NULL	0
968	4	2	1	170803	110820.70	108.54094720	34.22456162	0.00	0.0110	0.0210	-0.9970	1.26	NULL	NULL	0
969	4	2	1	170803	110820.80	108.54094722	34.22456159	0.00	0.0140	0.0160	-0.9980	1.25	NULL	NULL	0
970	4	2	1	170803	110820.90	108.54094721	34.22456159	0.00	0.0180	0.0100	-1.0050	1.25	NULL	NULL	0
971	4	2	1	170803	110821.00	108.54094722	34.22456159	0.00	0.0040	0.0200	-1.0060	1.25	NULL	NULL	0
972	4	2	1	170803	110821.10	108.54094720	34.22456158	0.00	0.0180	0.0160	-0.9960	1.28	NULL	NULL	0
973	4	2	1	170803	110821.20	108.54094721	34.22456160	0.00	0.0210	0.0150	-0.9910	1.28	NULL	NULL	0
974	4	2	1	170803	110821.30	108.54094721	34.22456160	0.00	0.0110	0.0210	-1.0000	1.28	NULL	NULL	0
975	4	2	1	170803	110821.40	108.54094720	34.22456162	0.00	0.0150	0.0230	-0.9980	1.29	NULL	NULL	0
976	4	2	1	170803	110821.50	108.54094720	34.22456161	0.00	0.0160	0.0150	-0.9960	1.29	NULL	NULL	0
977	4	2	1	170803	110821.60	108.54094721	34.22456159	0.00	0.0130	0.0200	-1.0080	1.29	NULL	NULL	0
978	4	2	1	170803	110821.70	108.54094721	34.22456160	0.00	0.0140	0.0160	-1.0010	1.29	NULL	NULL	0
979	4	2	1	170803	110821.80	108.54094715	34.22456171	0.00	0.0230	0.0150	-0.9880	1.26	NULL	NULL	0
980	4	2	1	170803	110821.90	108.54094714	34.22456171	0.00	0.0080	0.0190	-1.0070	1.26	NULL	NULL	0
981	4	2	1	170803	110822.00	108.54094720	34.22456161	0.00	0.0180	0.0110	-1.0030	1.28	NULL	NULL	0
982	4	2	1	170803	110822.10	108.54094719	34.22456160	0.00	0.0200	0.0210	-0.9880	1.28	NULL	NULL	0
983	4	2	1	170803	110822.20	108.54094720	34.22456159	0.00	0.0100	0.0170	-0.9960	1.28	NULL	NULL	0
984	4	2	1	170803	110822.30	108.54094718	34.22456161	0.00	0.0120	0.0200	-1.0090	1.28	NULL	NULL	0
985	4	2	1	170803	110822.40	108.54094720	34.22456160	0.00	0.0140	0.0250	-0.9850	1.28	NULL	NULL	0
986	4	2	1	170803	110822.50	108.54094720	34.22456161	0.00	0.0070	0.0190	-1.0100	1.28	NULL	NULL	0
987	4	2	1	170803	110822.60	108.54094718	34.22456160	0.00	0.0130	0.0140	-1.0070	1.29	NULL	NULL	0
988	4	2	1	170803	110822.70	108.54094718	34.22456162	0.00	0.0110	0.0130	-0.9890	1.29	NULL	NULL	0
989	4	2	1	170803	110822.80	108.54094719	34.22456161	0.00	0.0120	0.0160	-1.0000	1.29	NULL	NULL	0
990	4	2	1	170803	110822.90	108.54094719	34.22456161	0.00	0.0110	0.0130	-1.0020	1.29	NULL	NULL	0
991	4	2	1	170803	110823.00	108.54094717	34.22456161	0.00	0.0120	0.0180	-1.0000	1.26	NULL	NULL	0
992	4	2	1	170803	110823.10	108.54094719	34.22456161	0.00	0.0130	0.0180	-0.9950	1.26	NULL	NULL	0
993	4	2	1	170803	110823.20	108.54094718	34.22456158	0.00	0.0210	0.0190	-0.9990	1.26	NULL	NULL	0
