931	4	2	1	170803	082220.00	108.53990795	34.22530864	25.90	0.0310	-0.0460	-0.9840	2.65	NULL	NULL	0
932	4	2	1	170803	082220.10	108.53990365	34.22530696	25.90	0.0240	-0.0440	-0.9670	2.65	NULL	NULL	0
933	4	2	1	170803	082220.20	108.53989935	34.22530529	25.90	-0.0200	-0.0380	-0.9930	2.65	NULL	NULL	0
934	4	2	1	170803	082220.30	108.53989503	34.22530361	25.90	0.0270	-0.0120	-0.9910	2.65	NULL	NULL	0
935	4	2	1	170803	082220.40	108.53989068	34.22530195	25.90	0.0190	-0.0630	-1.0230	2.79	NULL	NULL	0
936	4	2	1	170803	082220.50	108.53988634	34.22530024	25.90	0.0460	-0.0160	-0.9890	2.79	NULL	NULL	0
937	4	2	1	170803	082220.60	108.53988195	34.22529856	25.90	0.0460	-0.0020	-1.0370	1.99	NULL	NULL	0
938	4	2	1	170803	082220.70	108.53987755	34.22529684	25.90	0.0510	-0.0770	-0.9810	1.99	NULL	NULL	0
939	4	2	1	170803	082220.80	108.53987308	34.22529517	25.90	0.0350	-0.0410	-0.9540	1.99	NULL	NULL	0
940	4	2	1	170803	082220.90	108.53986866	34.22529348	25.90	0.0360	-0.0410	-0.9910	1.99	NULL	NULL	0
941	4	2	1	170803	082221.00	108.53986419	34.22529177	25.90	0.0480	-0.0610	-0.9460	1.75	NULL	NULL	0
942	4	2	1	170803	082221.10	108.53985971	34.22529003	25.90	0.0570	-0.0360	-0.9430	1.75	NULL	NULL	0
943	4	2	1	170803	082221.20	108.53985521	34.22528830	25.90	0.0350	-0.0130	-0.9820	1.75	NULL	NULL	0
944	4	2	1	170803	082221.30	108.53985073	34.22528657	25.90	0.0270	-0.0270	-1.0330	1.88	NULL	NULL	0
945	4	2	1	170803	082221.40	108.53984622	34.22528486	25.90	0.0370	-0.0540	-1.0000	1.88	NULL	NULL	0
946	4	2	1	170803	082221.50	108.53984168	34.22528314	25.90	0.0550	-0.0700	-0.9530	1.88	NULL	NULL	0
947	4	2	1	170803	082221.60	108.53983719	34.22528137	25.90	-0.0150	-0.0300	-1.0110	1.86	NULL	NULL	0
948	4	2	1	170803	082221.70	108.53983268	34.22527965	25.90	-0.0350	0.0070	-0.9950	1.86	NULL	NULL	0
949	4	2	1	170803	082221.80	108.53982819	34.22527793	25.90	0.0150	-0.0510	-1.0170	1.86	NULL	NULL	0
950	4	2	1	170803	082221.90	108.53982369	34.22527621	25.90	0.0010	-0.0420	-0.9400	1.84	NULL	NULL	0
951	4	2	1	170803	082222.00	108.53981924	34.22527449	25.90	0.0020	-0.0300	-1.0370	1.84	NULL	NULL	0
952	4	2	1	170803	082222.10	108.53981479	34.22527277	25.90	-0.0240	-0.1310	-1.0140	1.84	NULL	NULL	0
953	4	2	1	170803	082222.20	108.53981038	34.22527104	25.90	0.0370	0.0310	-1.0260	0.00	NULL	NULL	0
954	4	2	1	170803	082222.30	108.53980595	34.22526933	25.90	-0.0340	-0.0550	-1.0350	0.00	NULL	NULL	0
955	4	2	1	170803	082222.40	108.53980154	34.22526764	25.90	-0.0060	-0.0760	-0.9600	0.00	NULL	NULL	0
956	4	2	1	170803	082222.50	108.53979717	34.22526594	25.90	-0.0370	-0.0040	-0.9480	0.00	NULL	NULL	0
957	4	2	1	170803	082222.60	108.53979280	34.22526428	25.90	0.0260	-0.0560	-1.0110	0.00	NULL	NULL	0
958	4	2	1	170803	082222.70	108.53978845	34.22526263	25.90	-0.0180	-0.0300	-1.0250	0.00	NULL	NULL	0
959	4	2	1	170803	082222.80	108.53978407	34.22526099	25.90	0.0140	-0.0250	-1.0070	0.00	NULL	NULL	0
960	4	2	1	170803	082222.90	108.53977980	34.22525930	25.90	-0.0850	-0.0490	-1.0790	0.00	NULL	NULL	0
961	4	2	1	170803	082223.00	108.53977545	34.22525768	25.90	-0.0040	-0.0740	-0.9020	0.00	NULL	NULL	0
962	4	2	1	170803	082223.10	108.53977115	34.22525604	25.90	-0.0820	-0.0100	-0.9640	20.48	NULL	NULL	0
963	4	2	1	170803	082223.20	108.53976688	34.22525441	25.90	-0.0600	-0.0370	-1.0410	20.48	NULL	NULL	0
964	4	2	1	170803	082223.30	108.53976262	34.22525284	24.05	-0.0750	-0.0550	-0.9760	20.48	NULL	NULL	0
965	4	2	1	170803	082223.40	108.53975835	34.22525124	24.05	-0.1040	-0.0270	-1.0930	1.96	NULL	NULL	0
966	4	2	1	170803	082223.50	108.53975411	34.22524964	24.05	-0.0860	-0.0480	-0.9920	1.96	NULL	NULL	0
967	4	2	1	170803	082223.60	108.53974987	34.22524808	24.05	-0.0450	-0.0580	-1.0010	1.96	NULL	NULL	0
968	4	2	1	170803	082223.70	108.53974561	34.22524650	24.05	0.1280	-0.0420	-0.9420	1.86	NULL	NULL	0
969	4	2	1	170803	082223.80	108.53974134	34.22524494	24.05	0.0130	-0.0230	-0.9850	1.86	NULL	NULL	0
970	4	2	1	170803	082223.90	108.53973709	34.22524331	24.05	0.0660	-0.0270	-1.0030	1.86	NULL	NULL	0
971	4	2	1	170803	082224.00	108.53973285	34.22524172	24.05	0.0930	-0.0330	-0.9730	1.75	NULL	NULL	0
972	4	2	1	170803	082224.10	108.53972857	34.22524018	24.05	0.0680	-0.0170	-1.0110	1.75	NULL	NULL	0
973	4	2	1	170803	082224.20	108.53972427	34.22523861	24.05	0.0280	-0.0260	-0.9910	1.75	NULL	NULL	0
974	4	2	1	170803	082224.30	108.53972001	34.22523702	24.05	-0.0380	-0.0810	-0.9890	1.75	NULL	NULL	0
975	4	2	1	170803	082224.40	108.53971574	34.22523544	24.05	-0.0250	-0.0300	-0.9840	2.63	NULL	NULL	0
976	4	2	1	170803	082224.50	108.53971144	34.22523387	24.05	-0.0250	-0.0420	-0.9870	2.63	NULL	NULL	0
977	4	2	1	170803	082224.60	108.53970706	34.22523238	25.90	-0.0710	-0.0870	-1.0220	3.87	NULL	NULL	0
978	4	2	1	170803	082224.70	108.53970280	34.22523079	24.05	0.0490	-0.1150	-0.9890	3.87	NULL	NULL	0
979	4	2	1	170803	082224.80	108.53969853	34.22522917	25.90	-0.0200	0.0150	-1.0390	3.87	NULL	NULL	0
980	4	2	1	170803	082224.90	108.53969418	34.22522763	25.90	0.0160	-0.0660	-0.9660	3.87	NULL	NULL	0
981	4	2	1	170803	082225.00	108.53968911	34.22522690	24.05	0.0090	-0.0890	-1.0060	3.87	NULL	NULL	0
982	4	2	1	170803	082225.10	108.53968482	34.22522533	24.05	-0.0420	-0.0670	-1.0360	3.87	NULL	NULL	0
983	4	2	1	170803	082225.20	108.53968128	34.22522295	24.05	-0.0190	-0.0440	-0.9870	3.87	NULL	NULL	0
984	4	2	1	170803	082225.30	108.53967693	34.22522143	25.90	0.0150	-0.0150	-0.9940	3.64	NULL	NULL	0
985	4	2	1	170803	082225.40	108.53967263	34.22521984	25.90	0.0460	-0.0790	-0.9880	3.64	NULL	NULL	0
986	4	2	1	170803	082225.50	108.53966827	34.22521826	25.90	0.0880	-0.0100	-1.0010	3.64	NULL	NULL	0
987	4	2	1	170803	082225.60	108.53966367	34.22521695	25.90	0.1010	-0.0570	-0.9830	2.73	NULL	NULL	0
988	4	2	1	170803	082225.70	108.53965926	34.22521541	25.90	0.0130	-0.0350	-1.0750	2.73	NULL	NULL	0
989	4	2	1	170803	082225.80	108.53965525	34.22521367	25.90	0.0880	-0.0450	-1.0120	2.73	NULL	NULL	0
990	4	2	1	170803	082225.90	108.53965088	34.22521206	25.90	-0.0580	-0.0670	-0.9960	2.85	NULL	NULL	0
991	4	2	1	170803	082226.00	108.53964648	34.22521052	25.90	-0.0260	-0.0930	-1.0090	2.85	NULL	NULL	0
992	4	2	1	170803	082226.10	108.53964206	34.22520892	25.90	-0.0620	-0.0840	-1.0400	2.85	NULL	NULL	0
993	4	2	1	170803	082226.20	108.53963754	34.22520717	25.90	-0.0390	-0.0750	-0.9430	2.85	NULL	NULL	0
994	4	2	1	170803	082226.30	108.53963303	34.22520557	25.90	0.0620	-0.0980	-1.0360	2.85	NULL	NULL	0
995	4	2	1	170803	082226.40	108.53962855	34.22520394	25.90	0.0010	-0.0120	-1.0220	2.85	NULL	NULL	0
996	4	2	1	170803	082226.50	108.53962401	34.22520228	25.90	0.0620	-0.0360	-0.9870	3.17	NULL	NULL	0
997	4	2	1	170803	082226.60	108.53961941	34.22520044	25.90	0.0050	-0.0710	-0.9930	3.17	NULL	NULL	0
998	4	2	1	170803	082226.70	108.53961490	34.22519879	25.90	0.0070	-0.0440	-0.9910	3.17	NULL	NULL	0
999	4	2	1	170803	082226.80	108.53961047	34.22519738	25.90	0.0220	-0.0480	-0.9920	2.39	NULL	NULL	0
1000	4	2	1	170803	082226.90	108.53960596	34.22519573	25.90	0.0170	-0.0130	-0.9490	2.39	NULL	NULL	0
1001	4	2	1	170803	082227.00	108.53960137	34.22519388	25.90	-0.0150	-0.0360	-1.0450	2.39	NULL	NULL	0
1002	4	2	1	170803	082227.10	108.53959684	34.22519223	25.90	-0.0610	-0.0540	-1.0140	1.92	NULL	NULL	0
1003	4	2	1	170803	082227.20	108.53959241	34.22519076	25.90	-0.0210	-0.0640	-1.0570	1.92	NULL	NULL	0
1004	4	2	1	170803	082227.30	108.53958792	34.22518911	25.90	-0.0060	-0.0660	-1.0650	1.92	NULL	NULL	0
1005	4	2	1	170803	082227.40	108.53958340	34.22518753	25.90	-0.0380	-0.0740	-1.0640	1.78	NULL	NULL	0
1006	4	2	1	170803	082227.50	108.53957891	34.22518588	25.90	-0.0340	-0.0440	-0.9680	1.78	NULL	NULL	0
1007	4	2	1	170803	082227.60	108.53957445	34.22518423	25.90	0.0180	0.0120	-0.9370	1.78	NULL	NULL	0
1008	4	2	1	170803	082227.70	108.53956995	34.22518263	25.90	-0.0300	-0.0420	-1.0400	1.78	NULL	NULL	0
1009	4	2	1	170803	082227.80	108.53956551	34.22518102	25.90	0.0130	-0.0150	-1.0030	1.84	NULL	NULL	0
1010	4	2	1	170803	082227.90	108.53956109	34.22517941	25.90	-0.0180	-0.0340	-0.9930	1.84	NULL	NULL	0
1011	4	2	1	170803	082228.00	108.53955640	34.22517788	25.90	-0.0070	-0.0350	-1.0210	1.84	NULL	NULL	0
1012	4	2	1	170803	082228.10	108.53955184	34.22517634	25.90	-0.0670	-0.0550	-1.0160	1.72	NULL	NULL	0
1013	4	2	1	170803	082228.20	108.53954736	34.22517478	25.90	-0.0130	-0.1080	-0.9730	1.72	NULL	NULL	0
1014	4	2	1	170803	082228.30	108.53954287	34.22517317	25.90	-0.0120	-0.0340	-1.0390	1.72	NULL	NULL	0
1015	4	2	1	170803	082228.40	108.53953843	34.22517171	25.90	-0.0150	-0.1420	-1.0000	1.76	NULL	NULL	0
1016	4	2	1	170803	082228.50	108.53953390	34.22517009	25.90	0.0160	0.0330	-0.9970	1.76	NULL	NULL	0
1017	4	2	1	170803	082228.60	108.53952933	34.22516852	25.90	0.0400	0.0380	-1.0170	1.76	NULL	NULL	0
1018	4	2	1	170803	082228.70	108.53952478	34.22516695	25.90	-0.0030	-0.0310	-0.9950	1.76	NULL	NULL	0
1019	4	2	1	170803	082228.80	108.53952036	34.22516540	25.90	0.0250	-0.0490	-0.9880	2.74	NULL	NULL	0
1020	4	2	1	170803	082228.90	108.53951580	34.22516383	25.90	0.0450	-0.0130	-0.9860	2.74	NULL	NULL	0
1021	4	2	1	170803	082229.00	108.53951134	34.22516232	25.90	0.0250	-0.0260	-0.9850	3.46	NULL	NULL	0
1022	4	2	1	170803	082229.10	108.53950669	34.22516079	25.90	0.0050	-0.0180	-0.9680	3.46	NULL	NULL	0
1023	4	2	1	170803	082229.20	108.53950161	34.22515874	25.90	0.0080	-0.0560	-1.0380	3.46	NULL	NULL	0
1024	4	2	1	170803	082229.30	108.53949707	34.22515713	25.90	-0.0270	-0.0030	-0.9730	3.46	NULL	NULL	0
1025	4	2	1	170803	082229.40	108.53949236	34.22515550	25.90	0.0070	-0.0350	-1.0010	4.57	NULL	NULL	0
1026	4	2	1	170803	082229.50	108.53948780	34.22515396	25.90	0.0050	-0.0810	-0.9840	4.57	NULL	NULL	0
1027	4	2	1	170803	082229.60	108.53948318	34.22515131	25.90	-0.0350	-0.0710	-0.9720	4.57	NULL	NULL	0
1028	4	2	1	170803	082229.70	108.53947861	34.22514987	25.90	0.0130	0.0070	-0.9960	5.13	NULL	NULL	0
1029	4	2	1	170803	082229.80	108.53947505	34.22514854	25.90	-0.0320	0.0170	-0.9310	5.13	NULL	NULL	0
1030	4	2	1	170803	082229.90	108.53947041	34.22514718	25.90	0.1250	-0.0930	-0.9930	5.13	NULL	NULL	0
1031	4	2	1	170803	082230.00	108.53946604	34.22514736	25.90	0.0200	-0.0100	-0.9800	4.45	NULL	NULL	0
1032	4	2	1	170803	082230.10	108.53946144	34.22514581	25.90	0.1070	-0.0680	-0.9950	4.45	NULL	NULL	0
1033	4	2	1	170803	082230.20	108.53945642	34.22514333	25.90	0.1040	-0.0980	-0.9930	4.45	NULL	NULL	0
1034	4	2	1	170803	082230.30	108.53945190	34.22514186	25.90	0.0930	-0.0760	-0.9790	3.58	NULL	NULL	0
1035	4	2	1	170803	082230.40	108.53944738	34.22514031	25.90	0.0860	-0.0270	-0.9950	3.58	NULL	NULL	0
1036	4	2	1	170803	082230.50	108.53944269	34.22513880	25.90	0.0430	-0.0780	-0.9710	3.58	NULL	NULL	0
1037	4	2	1	170803	082230.60	108.53943824	34.22513745	25.90	0.0150	-0.1010	-1.0450	2.82	NULL	NULL	0
1038	4	2	1	170803	082230.70	108.53943369	34.22513597	25.90	-0.0340	-0.0900	-1.0200	2.82	NULL	NULL	0
1039	4	2	1	170803	082230.80	108.53942903	34.22513513	25.90	-0.0290	0.0050	-1.0240	2.82	NULL	NULL	0
1040	4	2	1	170803	082230.90	108.53942438	34.22513363	25.90	-0.0090	-0.0920	-0.9960	2.53	NULL	NULL	0
1041	4	2	1	170803	082231.00	108.53941958	34.22513163	25.90	0.0380	-0.0040	-0.9680	2.53	NULL	NULL	0
1042	4	2	1	170803	082231.10	108.53941488	34.22513009	27.75	0.0280	-0.0660	-0.9320	2.53	NULL	NULL	0
1043	4	2	1	170803	082231.20	108.53941016	34.22512852	27.75	0.0520	-0.0920	-0.9440	2.29	NULL	NULL	0
1044	4	2	1	170803	082231.30	108.53940547	34.22512692	27.75	0.0130	-0.0860	-1.0180	2.29	NULL	NULL	0
1045	4	2	1	170803	082231.40	108.53940116	34.22512575	27.75	0.0490	-0.0680	-1.0540	2.29	NULL	NULL	0
1046	4	2	1	170803	082231.50	108.53939640	34.22512416	27.75	-0.0250	-0.1310	-1.0260	1.87	NULL	NULL	0
1047	4	2	1	170803	082231.60	108.53939173	34.22512235	27.75	0.0460	-0.0940	-1.0240	1.87	NULL	NULL	0
1048	4	2	1	170803	082231.70	108.53938692	34.22512072	27.75	-0.0180	-0.0040	-0.9580	1.87	NULL	NULL	0
1049	4	2	1	170803	082231.80	108.53938199	34.22511873	27.75	-0.0230	-0.1150	-1.0130	1.88	NULL	NULL	0
1050	4	2	1	170803	082231.90	108.53937717	34.22511707	27.75	-0.0370	-0.0570	-0.9510	1.88	NULL	NULL	0
1051	4	2	1	170803	082232.00	108.53937218	34.22511574	27.75	-0.0150	-0.0600	-1.0210	1.88	NULL	NULL	0
1052	4	2	1	170803	082232.10	108.53936737	34.22511408	27.75	0.0510	-0.0580	-0.9380	1.81	NULL	NULL	0
1053	4	2	1	170803	082232.20	108.53936253	34.22511253	27.75	-0.0110	-0.0750	-1.0120	1.81	NULL	NULL	0
1054	4	2	1	170803	082232.30	108.53935767	34.22511087	27.75	0.0310	-0.0810	-0.9960	1.81	NULL	NULL	0
1055	4	2	1	170803	082232.40	108.53935282	34.22510915	27.75	-0.0100	-0.0230	-0.9800	1.68	NULL	NULL	0
1056	4	2	1	170803	082232.50	108.53934799	34.22510755	27.75	-0.0060	-0.0620	-1.0160	1.68	NULL	NULL	0
1057	4	2	1	170803	082232.60	108.53934308	34.22510585	27.75	-0.0380	-0.0660	-0.9510	1.68	NULL	NULL	0
1058	4	2	1	170803	082232.70	108.53933821	34.22510422	27.75	0.0820	-0.0550	-0.9880	1.74	NULL	NULL	0
1059	4	2	1	170803	082232.80	108.53933342	34.22510281	27.75	0.0220	-0.1020	-1.0020	1.74	NULL	NULL	0
1060	4	2	1	170803	082232.90	108.53932856	34.22510122	27.75	-0.0230	0.0090	-0.9710	1.74	NULL	NULL	0
1061	4	2	1	170803	082233.00	108.53932373	34.22509964	27.75	0.0090	-0.0490	-1.0040	2.36	NULL	NULL	0
1062	4	2	1	170803	082233.10	108.53931892	34.22509805	27.75	0.0080	-0.0530	-0.9530	2.36	NULL	NULL	0
1063	4	2	1	170803	082233.20	108.53931411	34.22509644	27.75	-0.0890	-0.0300	-0.9900	2.36	NULL	NULL	0
1064	4	2	1	170803	082233.30	108.53930930	34.22509487	27.75	0.0100	-0.0390	-0.9960	2.36	NULL	NULL	0
1065	4	2	1	170803	082233.40	108.53930479	34.22509278	27.75	-0.0520	-0.0170	-0.9780	3.66	NULL	NULL	0
1066	4	2	1	170803	082233.50	108.53929995	34.22509129	27.75	0.0300	-0.0550	-0.9960	3.66	NULL	NULL	0
1067	4	2	1	170803	082233.60	108.53929512	34.22508971	27.75	0.0960	-0.0550	-1.0250	3.66	NULL	NULL	0
1068	4	2	1	170803	082233.70	108.53929028	34.22508821	27.75	0.0300	-0.0120	-0.9740	4.34	NULL	NULL	0
1069	4	2	1	170803	082233.80	108.53928541	34.22508681	27.75	0.0250	-0.0660	-0.9590	4.34	NULL	NULL	0
1070	4	2	1	170803	082233.90	108.53928057	34.22508529	27.75	0.1580	-0.0380	-1.0140	4.34	NULL	NULL	0
1071	4	2	1	170803	082234.00	108.53927570	34.22508385	27.75	-0.0700	-0.0050	-0.9940	4.38	NULL	NULL	0
1072	4	2	1	170803	082234.10	108.53927077	34.22508237	27.75	0.1350	-0.0700	-1.0100	4.38	NULL	NULL	0
1073	4	2	1	170803	082234.20	108.53926585	34.22508089	27.75	0.1310	-0.1040	-0.9990	4.38	NULL	NULL	0
1074	4	2	1	170803	082234.30	108.53926094	34.22507936	27.75	0.0990	-0.0800	-0.9790	4.38	NULL	NULL	0
1075	4	2	1	170803	082234.40	108.53925590	34.22507771	27.75	0.1090	-0.0510	-1.0300	4.38	NULL	NULL	0
1076	4	2	1	170803	082234.50	108.53925095	34.22507620	27.75	0.0460	-0.0820	-1.0320	4.38	NULL	NULL	0
1077	4	2	1	170803	082234.60	108.53924597	34.22507465	27.75	0.0710	-0.0350	-1.0280	3.45	NULL	NULL	0
1078	4	2	1	170803	082234.70	108.53924099	34.22507311	27.75	0.0340	-0.0240	-0.9990	3.45	NULL	NULL	0
1079	4	2	1	170803	082234.80	108.53923602	34.22507156	27.75	0.0530	-0.0590	-0.9880	3.45	NULL	NULL	0
1080	4	2	1	170803	082234.90	108.53923104	34.22507004	27.75	0.0230	-0.0870	-0.9390	2.51	NULL	NULL	0
1081	4	2	1	170803	082235.00	108.53922607	34.22506850	27.75	-0.0040	-0.0390	-1.0040	2.51	NULL	NULL	0
1082	4	2	1	170803	082235.10	108.53922115	34.22506694	27.75	-0.0500	-0.0090	-1.0020	2.51	NULL	NULL	0
1083	4	2	1	170803	082235.20	108.53921615	34.22506541	27.75	-0.0170	-0.0660	-0.9560	2.08	NULL	NULL	0
1084	4	2	1	170803	082235.30	108.53921123	34.22506386	27.75	-0.0150	-0.0940	-0.9680	2.08	NULL	NULL	0
1085	4	2	1	170803	082235.40	108.53920627	34.22506233	27.75	-0.0230	-0.0250	-0.9440	2.08	NULL	NULL	0
1086	4	2	1	170803	082235.50	108.53920135	34.22506078	27.75	0.0640	-0.1200	-0.9280	1.83	NULL	NULL	0
1087	4	2	1	170803	082235.60	108.53919645	34.22505926	27.75	0.0160	-0.0270	-1.0050	1.83	NULL	NULL	0
1088	4	2	1	170803	082235.70	108.53919156	34.22505773	27.75	0.0210	-0.0660	-0.9840	1.83	NULL	NULL	0
1089	4	2	1	170803	082235.80	108.53918668	34.22505618	27.75	-0.0050	-0.0260	-1.0120	1.65	NULL	NULL	0
1090	4	2	1	170803	082235.90	108.53918179	34.22505467	27.75	0.0140	-0.0540	-1.0590	1.65	NULL	NULL	0
1091	4	2	1	170803	082236.00	108.53917691	34.22505316	27.75	-0.0170	-0.0260	-0.9670	1.65	NULL	NULL	0
1092	4	2	1	170803	082236.10	108.53917201	34.22505164	27.75	0.1400	-0.0250	-1.0400	1.65	NULL	NULL	0
1093	4	2	1	170803	082236.20	108.53916707	34.22505012	27.75	0.1410	-0.0690	-0.9820	1.79	NULL	NULL	0
1094	4	2	1	170803	082236.30	108.53916214	34.22504862	27.75	0.0180	-0.0360	-0.9640	1.79	NULL	NULL	0
1095	4	2	1	170803	082236.40	108.53915719	34.22504709	27.75	0.0180	-0.0100	-1.0430	2.17	NULL	NULL	0
1096	4	2	1	170803	082236.50	108.53915220	34.22504557	27.75	-0.0440	0.0190	-1.0260	2.17	NULL	NULL	0
1097	4	2	1	170803	082236.60	108.53914720	34.22504403	27.75	0.0560	-0.0400	-1.0010	2.17	NULL	NULL	0
1098	4	2	1	170803	082236.70	108.53914220	34.22504248	27.75	0.0310	0.0030	-0.9840	2.17	NULL	NULL	0
1099	4	2	1	170803	082236.80	108.53913715	34.22504097	27.75	-0.0100	-0.0210	-0.9330	2.26	NULL	NULL	0
1100	4	2	1	170803	082236.90	108.53913214	34.22503941	27.75	0.0890	0.0260	-0.9660	2.26	NULL	NULL	0
1101	4	2	1	170803	082237.00	108.53912711	34.22503792	27.75	-0.0410	0.0530	-1.0600	2.13	NULL	NULL	0
1102	4	2	1	170803	082237.10	108.53912205	34.22503640	29.60	-0.0010	-0.0520	-1.0720	2.13	NULL	NULL	0
1103	4	2	1	170803	082237.20	108.53911697	34.22503487	29.60	-0.0000	-0.0790	-0.9840	2.13	NULL	NULL	0
1104	4	2	1	170803	082237.30	108.53911190	34.22503335	29.60	-0.0390	-0.0140	-1.0290	2.13	NULL	NULL	0
1105	4	2	1	170803	082237.40	108.53910686	34.22503185	27.75	-0.0010	-0.0420	-0.9780	2.25	NULL	NULL	0
1106	4	2	1	170803	082237.50	108.53910180	34.22503034	29.60	-0.0050	-0.0370	-0.9720	2.25	NULL	NULL	0
1107	4	2	1	170803	082237.60	108.53909683	34.22502895	27.75	0.0020	0.0080	-0.9890	2.25	NULL	NULL	0
1108	4	2	1	170803	082237.70	108.53909182	34.22502745	27.75	-0.0530	-0.0460	-1.0320	2.61	NULL	NULL	0
1109	4	2	1	170803	082237.80	108.53908680	34.22502586	27.75	-0.0390	-0.0530	-1.0270	2.61	NULL	NULL	0
1110	4	2	1	170803	082237.90	108.53908176	34.22502439	27.75	-0.1180	-0.0380	-0.9990	2.61	NULL	NULL	0
1111	4	2	1	170803	082238.00	108.53907682	34.22502291	27.75	0.0500	-0.0030	-0.9880	2.55	NULL	NULL	0
1112	4	2	1	170803	082238.10	108.53907183	34.22502144	27.75	-0.0890	-0.0290	-0.9470	2.55	NULL	NULL	0
1113	4	2	1	170803	082238.20	108.53906693	34.22502014	27.75	-0.0100	-0.0650	-0.9770	2.55	NULL	NULL	0
1114	4	2	1	170803	082238.30	108.53906198	34.22501870	27.75	-0.0070	-0.0140	-0.9600	2.68	NULL	NULL	0
1115	4	2	1	170803	082238.40	108.53905700	34.22501726	27.75	-0.0100	-0.0440	-1.0310	2.68	NULL	NULL	0
1116	4	2	1	170803	082238.50	108.53905204	34.22501584	27.75	-0.0140	-0.0120	-1.0230	2.68	NULL	NULL	0
1117	4	2	1	170803	082238.60	108.53904701	34.22501442	27.75	-0.1250	-0.0260	-1.0730	2.70	NULL	NULL	0
1118	4	2	1	170803	082238.70	108.53904198	34.22501295	27.75	0.0500	-0.0210	-0.9900	2.70	NULL	NULL	0
1119	4	2	1	170803	082238.80	108.53903691	34.22501146	27.75	0.0060	-0.0070	-0.9900	2.70	NULL	NULL	0
1120	4	2	1	170803	082238.90	108.53903181	34.22501000	29.60	0.0920	-0.0440	-1.0180	2.05	NULL	NULL	0
1121	4	2	1	170803	082239.00	108.53902661	34.22500843	29.60	0.0660	-0.0920	-0.9490	2.05	NULL	NULL	0
1122	4	2	1	170803	082239.10	108.53902145	34.22500696	29.60	0.0410	-0.0300	-0.9760	2.05	NULL	NULL	0
1123	4	2	1	170803	082239.20	108.53901629	34.22500557	29.60	0.0490	-0.0310	-0.9980	2.08	NULL	NULL	0
1124	4	2	1	170803	082239.30	108.53901109	34.22500412	29.60	0.0240	-0.0320	-1.0000	2.08	NULL	NULL	0
1125	4	2	1	170803	082239.40	108.53900584	34.22500273	29.60	0.0400	-0.0630	-1.0590	2.08	NULL	NULL	0
1126	4	2	1	170803	082239.50	108.53900059	34.22500130	29.60	0.0130	0.0020	-0.9690	2.04	NULL	NULL	0
1127	4	2	1	170803	082239.60	108.53899531	34.22499981	29.60	-0.0480	-0.0580	-1.0330	2.04	NULL	NULL	0
1128	4	2	1	170803	082239.70	108.53899006	34.22499836	29.60	-0.0020	-0.0330	-0.9970	2.04	NULL	NULL	0
1129	4	2	1	170803	082239.80	108.53898480	34.22499693	29.60	-0.0030	0.0180	-0.9660	1.77	NULL	NULL	0
1130	4	2	1	170803	082239.90	108.53897955	34.22499548	29.60	-0.0450	-0.0600	-1.0180	1.77	NULL	NULL	0
1131	4	2	1	170803	082240.00	108.53897428	34.22499405	29.60	0.0300	-0.0470	-0.9880	1.77	NULL	NULL	0
1132	4	2	1	170803	082240.10	108.53896903	34.22499260	29.60	0.0410	-0.0660	-1.0370	1.77	NULL	NULL	0
1133	4	2	1	170803	082240.20	108.53896322	34.22499171	29.60	0.0350	-0.0100	-1.0130	1.70	NULL	NULL	0
1134	4	2	1	170803	082240.30	108.53895796	34.22499025	29.60	0.0160	-0.0020	-1.0280	1.70	NULL	NULL	0
1135	4	2	1	170803	082240.40	108.53895272	34.22498893	29.60	-0.0530	-0.0490	-0.9750	1.80	NULL	NULL	0
1136	4	2	1	170803	082240.50	108.53894751	34.22498748	29.60	-0.0300	-0.0730	-0.9880	1.80	NULL	NULL	0
1137	4	2	1	170803	082240.60	108.53894229	34.22498600	29.60	-0.0490	-0.0570	-0.9420	1.80	NULL	NULL	0
1138	4	2	1	170803	082240.70	108.53893713	34.22498455	29.60	0.0240	-0.0350	-1.0520	1.80	NULL	NULL	0
1139	4	2	1	170803	082240.80	108.53893193	34.22498302	29.60	-0.0280	-0.0710	-0.9710	1.90	NULL	NULL	0
1140	4	2	1	170803	082240.90	108.53892680	34.22498157	29.60	0.1000	-0.0090	-0.9860	1.90	NULL	NULL	0
1141	4	2	1	170803	082241.00	108.53892167	34.22498014	29.60	-0.1220	-0.0350	-0.9800	2.07	NULL	NULL	0
1142	4	2	1	170803	082241.10	108.53891656	34.22497866	29.60	0.0150	-0.0330	-0.9940	2.07	NULL	NULL	0
1143	4	2	1	170803	082241.20	108.53891154	34.22497714	27.75	-0.0150	-0.0160	-0.9830	2.07	NULL	NULL	0
1144	4	2	1	170803	082241.30	108.53890649	34.22497572	27.75	-0.0420	-0.0080	-0.9840	2.07	NULL	NULL	0
1145	4	2	1	170803	082241.40	108.53890148	34.22497423	27.75	0.0000	-0.0500	-1.0250	2.33	NULL	NULL	0
1146	4	2	1	170803	082241.50	108.53889647	34.22497279	27.75	-0.0130	-0.0560	-1.0250	2.33	NULL	NULL	0
1147	4	2	1	170803	082241.60	108.53889151	34.22497134	27.75	-0.0390	0.0810	-0.9880	2.33	NULL	NULL	0
1148	4	2	1	170803	082241.70	108.53888651	34.22496991	27.75	0.0300	0.0270	-1.0550	2.21	NULL	NULL	0
1149	4	2	1	170803	082241.80	108.53888156	34.22496850	27.75	-0.0180	-0.0170	-0.9910	2.21	NULL	NULL	0
1150	4	2	1	170803	082241.90	108.53887665	34.22496709	27.75	-0.0310	-0.0480	-1.0310	2.21	NULL	NULL	0
1151	4	2	1	170803	082242.00	108.53887178	34.22496570	27.75	-0.1000	-0.0110	-0.9530	2.03	NULL	NULL	0
1152	4	2	1	170803	082242.10	108.53886697	34.22496436	27.75	-0.0110	0.0340	-0.9630	2.03	NULL	NULL	0
1153	4	2	1	170803	082242.20	108.53886219	34.22496302	27.75	-0.0790	0.0040	-1.0580	2.03	NULL	NULL	0
1154	4	2	1	170803	082242.30	108.53885744	34.22496170	25.90	-0.0530	-0.0470	-0.9770	2.09	NULL	NULL	0
1155	4	2	1	170803	082242.40	108.53885273	34.22496040	25.90	0.0570	-0.0270	-0.9620	2.09	NULL	NULL	0
1156	4	2	1	170803	082242.50	108.53884797	34.22495908	25.90	0.0180	-0.0100	-1.0220	2.09	NULL	NULL	0
1157	4	2	1	170803	082242.60	108.53884327	34.22495777	25.90	0.0060	0.0210	-1.0410	2.83	NULL	NULL	0
1158	4	2	1	170803	082242.70	108.53883857	34.22495650	25.90	0.0300	-0.0220	-1.0000	2.83	NULL	NULL	0
1159	4	2	1	170803	082242.80	108.53883385	34.22495519	25.90	0.0610	0.0200	-0.9710	2.83	NULL	NULL	0
1160	4	2	1	170803	082242.90	108.53882919	34.22495393	25.90	-0.0120	0.0390	-1.0240	3.23	NULL	NULL	0
1161	4	2	1	170803	082243.00	108.53882452	34.22495265	25.90	0.0200	0.0280	-0.9900	3.23	NULL	NULL	0
1162	4	2	1	170803	082243.10	108.53881988	34.22495138	25.90	-0.0040	-0.0420	-1.0130	3.23	NULL	NULL	0
1163	4	2	1	170803	082243.20	108.53881524	34.22495013	25.90	0.0780	-0.0070	-1.0420	3.58	NULL	NULL	0
1164	4	2	1	170803	082243.30	108.53881060	34.22494889	25.90	-0.0090	-0.0710	-1.0070	3.58	NULL	NULL	0
1165	4	2	1	170803	082243.40	108.53880598	34.22494763	25.90	0.0410	0.0400	-1.0250	3.58	NULL	NULL	0
1166	4	2	1	170803	082243.50	108.53880135	34.22494638	25.90	-0.0450	-0.0010	-1.0010	85.47	NULL	NULL	0
1167	4	2	1	170803	082243.60	108.53879676	34.22494512	25.90	-0.0280	-0.0250	-0.9730	85.47	NULL	NULL	0
1168	4	2	1	170803	082243.70	108.53879213	34.22494387	25.90	-0.1020	-0.0010	-0.9440	85.47	NULL	NULL	0
1169	4	2	1	170803	082243.80	108.53878742	34.22494267	25.90	0.0160	-0.0080	-0.9570	85.07	NULL	NULL	0
1170	4	2	1	170803	082243.90	108.53878284	34.22494145	25.90	0.0460	-0.0160	-1.0320	85.07	NULL	NULL	0
1171	4	2	1	170803	082244.00	108.53877833	34.22494010	25.90	0.0280	-0.0350	-1.0220	85.07	NULL	NULL	0
1172	4	2	1	170803	082244.10	108.53877371	34.22493885	25.90	-0.0100	0.0160	-1.0100	85.07	NULL	NULL	0
1173	4	2	1	170803	082244.20	108.53876911	34.22493759	25.90	-0.0350	-0.0170	-1.0670	85.07	NULL	NULL	0
1174	4	2	1	170803	082244.30	108.53876447	34.22493632	25.90	-0.0640	-0.0400	-0.9960	85.07	NULL	NULL	0
1175	4	2	1	170803	082244.40	108.53875978	34.22493507	25.90	-0.0390	0.0150	-1.0400	2.38	NULL	NULL	0
1176	4	2	1	170803	082244.50	108.53875515	34.22493382	25.90	-0.0280	-0.0250	-0.9940	2.38	NULL	NULL	0
1177	4	2	1	170803	082244.60	108.53875049	34.22493254	25.90	-0.0550	-0.0400	-1.0010	2.38	NULL	NULL	0
1178	4	2	1	170803	082244.70	108.53874584	34.22493128	25.90	0.0370	-0.0250	-1.0290	1.71	NULL	NULL	0
1179	4	2	1	170803	082244.80	108.53874124	34.22492995	25.90	0.0330	-0.0480	-0.9940	1.71	NULL	NULL	0
1180	4	2	1	170803	082244.90	108.53873660	34.22492871	25.90	0.0450	-0.0180	-1.0020	1.71	NULL	NULL	0
1181	4	2	1	170803	082245.00	108.53873194	34.22492742	25.90	-0.0130	0.0140	-0.9910	1.80	NULL	NULL	0
1182	4	2	1	170803	082245.10	108.53872730	34.22492614	25.90	0.0280	-0.0280	-0.9910	1.80	NULL	NULL	0
1183	4	2	1	170803	082245.20	108.53872266	34.22492483	25.90	0.0470	0.0250	-0.9830	1.80	NULL	NULL	0
1184	4	2	1	170803	082245.30	108.53871804	34.22492355	25.90	-0.0010	0.0240	-1.0650	1.80	NULL	NULL	0
1185	4	2	1	170803	082245.40	108.53871338	34.22492225	25.90	-0.0020	-0.0040	-0.9840	1.61	NULL	NULL	0
1186	4	2	1	170803	082245.50	108.53870873	34.22492096	25.90	-0.0440	-0.0270	-0.9480	1.61	NULL	NULL	0
1187	4	2	1	170803	082245.60	108.53870410	34.22491962	25.90	-0.0200	-0.0220	-0.9830	1.61	NULL	NULL	0
1188	4	2	1	170803	082245.70	108.53869949	34.22491834	25.90	0.0320	-0.0740	-0.9650	1.65	NULL	NULL	0
1189	4	2	1	170803	082245.80	108.53869485	34.22491704	25.90	0.0190	0.0220	-1.0130	1.65	NULL	NULL	0
1190	4	2	1	170803	082245.90	108.53869024	34.22491573	25.90	0.0390	-0.0990	-1.0430	1.65	NULL	NULL	0
1191	4	2	1	170803	082246.00	108.53868542	34.22491448	25.90	0.0560	0.0130	-0.9750	1.63	NULL	NULL	0
1192	4	2	1	170803	082246.10	108.53868082	34.22491320	25.90	-0.0470	-0.0320	-0.9820	1.63	NULL	NULL	0
1193	4	2	1	170803	082246.20	108.53867621	34.22491185	25.90	-0.0070	-0.0020	-1.0240	1.63	NULL	NULL	0
1194	4	2	1	170803	082246.30	108.53867159	34.22491057	25.90	-0.0760	0.0970	-1.0440	1.78	NULL	NULL	0
1195	4	2	1	170803	082246.40	108.53866712	34.22490939	25.90	-0.0370	0.0150	-1.0380	1.78	NULL	NULL	0
1196	4	2	1	170803	082246.50	108.53866253	34.22490811	25.90	-0.0060	-0.0650	-0.9750	1.78	NULL	NULL	0
1197	4	2	1	170803	082246.60	108.53865793	34.22490679	25.90	-0.0780	-0.0140	-0.9870	2.57	NULL	NULL	0
1198	4	2	1	170803	082246.70	108.53865336	34.22490548	25.90	-0.0660	0.0360	-0.9750	2.57	NULL	NULL	0
1199	4	2	1	170803	082246.80	108.53864879	34.22490419	25.90	-0.1080	0.0230	-0.9950	2.57	NULL	NULL	0
1200	4	2	1	170803	082246.90	108.53864425	34.22490290	25.90	-0.0580	0.0410	-1.0550	2.86	NULL	NULL	0
1201	4	2	1	170803	082247.00	108.53863978	34.22490155	25.90	-0.0410	-0.0550	-0.9320	2.86	NULL	NULL	0
1202	4	2	1	170803	082247.10	108.53863524	34.22490029	25.90	-0.0330	0.0490	-0.9900	2.86	NULL	NULL	0
1203	4	2	1	170803	082247.20	108.53863072	34.22489905	25.90	0.0710	0.0090	-0.9800	2.98	NULL	NULL	0
1204	4	2	1	170803	082247.30	108.53862620	34.22489777	25.90	-0.0010	-0.0480	-0.9320	2.98	NULL	NULL	0
1205	4	2	1	170803	082247.40	108.53862174	34.22489646	25.90	-0.0240	-0.0520	-0.9980	2.98	NULL	NULL	0
1206	4	2	1	170803	082247.50	108.53861724	34.22489521	25.90	-0.1220	-0.0080	-1.0000	2.47	NULL	NULL	0
1207	4	2	1	170803	082247.60	108.53861282	34.22489395	25.90	-0.0520	-0.0110	-0.9870	2.47	NULL	NULL	0
1208	4	2	1	170803	082247.70	108.53860834	34.22489266	25.90	0.0150	-0.0080	-0.9630	2.47	NULL	NULL	0
1209	4	2	1	170803	082247.80	108.53860381	34.22489150	25.90	-0.0200	0.0360	-1.0460	2.26	NULL	NULL	0
1210	4	2	1	170803	082247.90	108.53859935	34.22489024	25.90	0.0940	-0.0620	-1.0080	2.26	NULL	NULL	0
1211	4	2	1	170803	082248.00	108.53859492	34.22488895	25.90	-0.0450	0.0040	-0.9860	2.26	NULL	NULL	0
1212	4	2	1	170803	082248.10	108.53859044	34.22488768	25.90	-0.0180	-0.0120	-0.9340	2.26	NULL	NULL	0
1213	4	2	1	170803	082248.20	108.53858597	34.22488646	24.05	0.0150	-0.0250	-0.9770	3.24	NULL	NULL	0
1214	4	2	1	170803	082248.30	108.53858151	34.22488526	24.05	-0.0080	-0.0160	-0.9310	3.24	NULL	NULL	0
1215	4	2	1	170803	082248.40	108.53857740	34.22488402	24.05	-0.0360	-0.0630	-1.0310	3.52	NULL	NULL	0
1216	4	2	1	170803	082248.50	108.53857299	34.22488277	24.05	-0.0260	0.0570	-0.9900	3.52	NULL	NULL	0
1217	4	2	1	170803	082248.60	108.53856854	34.22488154	24.05	-0.0270	-0.0450	-1.0090	3.52	NULL	NULL	0
1218	4	2	1	170803	082248.70	108.53856412	34.22488031	24.05	0.0090	-0.0120	-1.0240	3.52	NULL	NULL	0
1219	4	2	1	170803	082248.80	108.53855975	34.22487937	24.05	-0.0680	-0.0270	-0.9690	3.50	NULL	NULL	0
1220	4	2	1	170803	082248.90	108.53855534	34.22487812	24.05	-0.0400	0.0400	-1.0170	3.50	NULL	NULL	0
1221	4	2	1	170803	082249.00	108.53855092	34.22487685	24.05	0.0750	-0.0250	-0.9630	3.51	NULL	NULL	0
1222	4	2	1	170803	082249.10	108.53854649	34.22487568	24.05	-0.0600	0.0090	-0.9640	3.51	NULL	NULL	0
1223	4	2	1	170803	082249.20	108.53854219	34.22487443	24.05	-0.0590	-0.0050	-1.0170	3.51	NULL	NULL	0
1224	4	2	1	170803	082249.30	108.53853780	34.22487320	24.05	-0.0390	0.0050	-1.0080	3.51	NULL	NULL	0
1225	4	2	1	170803	082249.40	108.53853252	34.22487249	24.05	0.0940	0.0090	-1.0710	3.08	NULL	NULL	0
1226	4	2	1	170803	082249.50	108.53852810	34.22487123	24.05	-0.0070	-0.0340	-1.0590	3.08	NULL	NULL	0
1227	4	2	1	170803	082249.60	108.53852461	34.22486899	25.90	0.0400	-0.0570	-0.9840	3.08	NULL	NULL	0
1228	4	2	1	170803	082249.70	108.53852010	34.22486775	25.90	0.0260	-0.0370	-1.0680	2.32	NULL	NULL	0
1229	4	2	1	170803	082249.80	108.53851563	34.22486645	25.90	-0.0150	-0.0120	-0.9440	2.32	NULL	NULL	0
1230	4	2	1	170803	082249.90	108.53851115	34.22486524	24.05	0.0490	-0.0580	-0.9600	2.32	NULL	NULL	0
1231	4	2	1	170803	082250.00	108.53850667	34.22486377	25.90	-0.0500	0.0220	-1.0390	2.02	NULL	NULL	0
1232	4	2	1	170803	082250.10	108.53850223	34.22486244	25.90	0.0560	-0.0100	-1.0190	2.02	NULL	NULL	0
1233	4	2	1	170803	082250.20	108.53849745	34.22486145	25.90	0.1390	-0.1090	-0.9980	2.02	NULL	NULL	0
1234	4	2	1	170803	082250.30	108.53849293	34.22486015	25.90	0.0190	0.0410	-1.0490	2.17	NULL	NULL	0
1235	4	2	1	170803	082250.40	108.53848807	34.22485922	25.90	0.0750	-0.0030	-1.0000	2.17	NULL	NULL	0
1236	4	2	1	170803	082250.50	108.53848360	34.22485793	25.90	-0.0680	0.0370	-0.9910	2.17	NULL	NULL	0
1237	4	2	1	170803	082250.60	108.53847873	34.22485708	25.90	-0.1130	-0.0530	-1.0020	2.57	NULL	NULL	0
1238	4	2	1	170803	082250.70	108.53847430	34.22485576	25.90	-0.0260	0.0570	-0.9550	2.57	NULL	NULL	0
1239	4	2	1	170803	082250.80	108.53847056	34.22485395	24.05	0.0100	0.0090	-1.0330	2.57	NULL	NULL	0
1240	4	2	1	170803	082250.90	108.53846613	34.22485268	25.90	-0.0040	-0.0260	-1.0280	2.69	NULL	NULL	0
1241	4	2	1	170803	082251.00	108.53846166	34.22485149	24.05	0.0240	-0.0620	-1.0680	2.69	NULL	NULL	0
1242	4	2	1	170803	082251.10	108.53845717	34.22485027	25.90	-0.0060	-0.0220	-0.9980	2.69	NULL	NULL	0
1243	4	2	1	170803	082251.20	108.53845326	34.22484852	24.05	0.0220	0.0420	-1.0140	2.78	NULL	NULL	0
1244	4	2	1	170803	082251.30	108.53844881	34.22484733	25.90	0.0140	0.0600	-1.0120	2.78	NULL	NULL	0
1245	4	2	1	170803	082251.40	108.53844447	34.22484587	24.05	-0.0300	-0.0090	-0.9610	2.78	NULL	NULL	0
1246	4	2	1	170803	082251.50	108.53844007	34.22484465	24.05	-0.0160	-0.0100	-0.9680	2.92	NULL	NULL	0
1247	4	2	1	170803	082251.60	108.53843564	34.22484342	24.05	0.0380	-0.0030	-0.9810	2.92	NULL	NULL	0
1248	4	2	1	170803	082251.70	108.53843123	34.22484219	24.05	-0.0060	0.0020	-0.9820	2.92	NULL	NULL	0
1249	4	2	1	170803	082251.80	108.53842684	34.22484099	24.05	0.0230	0.0060	-1.0130	2.92	NULL	NULL	0
1250	4	2	1	170803	082251.90	108.53842241	34.22483982	24.05	-0.0330	-0.0060	-1.0060	2.92	NULL	NULL	0
1251	4	2	1	170803	082252.00	108.53841813	34.22483850	24.05	0.0080	-0.0210	-1.0130	2.92	NULL	NULL	0
1252	4	2	1	170803	082252.10	108.53841381	34.22483725	24.05	0.0500	-0.0220	-1.0020	2.92	NULL	NULL	0
1253	4	2	1	170803	082252.20	108.53840941	34.22483606	24.05	-0.0300	0.0400	-0.9730	2.02	NULL	NULL	0
1254	4	2	1	170803	082252.30	108.53840501	34.22483485	24.05	0.0900	0.0140	-1.0500	2.02	NULL	NULL	0
1255	4	2	1	170803	082252.40	108.53840076	34.22483393	24.05	0.0620	-0.0220	-0.9800	2.22	NULL	NULL	0
1256	4	2	1	170803	082252.50	108.53839638	34.22483274	24.05	0.0150	0.0480	-1.0080	2.22	NULL	NULL	0
1257	4	2	1	170803	082252.60	108.53839201	34.22483146	24.05	0.0470	-0.0070	-0.9770	2.22	NULL	NULL	0
1258	4	2	1	170803	082252.70	108.53838770	34.22483024	24.05	-0.0950	0.0050	-0.9910	2.22	NULL	NULL	0
1259	4	2	1	170803	082252.80	108.53838326	34.22482905	24.05	-0.0080	-0.0150	-1.0150	2.37	NULL	NULL	0
1260	4	2	1	170803	082252.90	108.53837895	34.22482782	24.05	-0.0900	0.0300	-1.0480	2.37	NULL	NULL	0
1261	4	2	1	170803	082253.00	108.53837460	34.22482672	24.05	-0.0610	0.0180	-1.0490	3.05	NULL	NULL	0
1262	4	2	1	170803	082253.10	108.53837022	34.22482554	24.05	0.0220	0.0070	-0.9810	3.05	NULL	NULL	0
1263	4	2	1	170803	082253.20	108.53836600	34.22482423	24.05	0.1270	0.0080	-0.9610	3.05	NULL	NULL	0
1264	4	2	1	170803	082253.30	108.53836162	34.22482310	24.05	-0.0090	-0.0380	-0.9880	3.05	NULL	NULL	0
1265	4	2	1	170803	082253.40	108.53835729	34.22482184	24.05	-0.0290	0.0260	-0.9590	3.59	NULL	NULL	0
1266	4	2	1	170803	082253.50	108.53835294	34.22482066	24.05	-0.0910	0.0560	-1.0120	3.59	NULL	NULL	0
1267	4	2	1	170803	082253.60	108.53834802	34.22482014	24.05	-0.1120	-0.1270	-1.1230	3.59	NULL	NULL	0
1268	4	2	1	170803	082253.70	108.53834366	34.22481893	24.05	0.2110	0.0160	-1.0250	3.77	NULL	NULL	0
1269	4	2	1	170803	082253.80	108.53833896	34.22481818	24.05	0.2400	0.0190	-1.0260	3.77	NULL	NULL	0
1270	4	2	1	170803	082253.90	108.53833457	34.22481696	24.05	0.0590	0.0040	-1.0350	3.77	NULL	NULL	0
1271	4	2	1	170803	082254.00	108.53833072	34.22481475	24.05	0.1730	0.0200	-1.0330	4.08	NULL	NULL	0
1272	4	2	1	170803	082254.10	108.53832627	34.22481358	24.05	-0.0520	-0.0360	-0.9950	4.08	NULL	NULL	0
1273	4	2	1	170803	082254.20	108.53832203	34.22481233	24.05	-0.0530	0.0000	-1.0090	4.08	NULL	NULL	0
1274	4	2	1	170803	082254.30	108.53831749	34.22481118	25.90	-0.0370	0.0090	-1.0050	3.58	NULL	NULL	0
1275	4	2	1	170803	082254.40	108.53831317	34.22480982	25.90	0.0020	0.0370	-0.9830	3.58	NULL	NULL	0
1276	4	2	1	170803	082254.50	108.53830868	34.22480859	25.90	0.0260	-0.0250	-1.0220	3.58	NULL	NULL	0
1277	4	2	1	170803	082254.60	108.53830415	34.22480740	25.90	-0.0020	-0.0040	-1.0560	2.90	NULL	NULL	0
1278	4	2	1	170803	082254.70	108.53829957	34.22480619	25.90	0.0360	-0.0400	-1.0000	2.90	NULL	NULL	0
1279	4	2	1	170803	082254.80	108.53829498	34.22480482	25.90	0.0240	0.0000	-0.9980	2.90	NULL	NULL	0
1280	4	2	1	170803	082254.90	108.53829039	34.22480362	25.90	0.0090	0.0740	-0.9650	2.56	NULL	NULL	0
1281	4	2	1	170803	082255.00	108.53828578	34.22480239	25.90	-0.0410	0.0460	-0.9870	2.56	NULL	NULL	0
1282	4	2	1	170803	082255.10	108.53828118	34.22480119	25.90	0.0490	-0.0160	-0.9900	2.56	NULL	NULL	0
1283	4	2	1	170803	082255.20	108.53827621	34.22480056	25.90	0.0520	0.0600	-0.9800	2.12	NULL	NULL	0
1284	4	2	1	170803	082255.30	108.53827160	34.22479936	25.90	0.0270	0.0660	-1.1170	2.12	NULL	NULL	0
1285	4	2	1	170803	082255.40	108.53826703	34.22479812	25.90	0.0860	0.0010	-1.0340	2.12	NULL	NULL	0
1286	4	2	1	170803	082255.50	108.53826244	34.22479684	25.90	-0.0280	0.0400	-0.9750	1.95	NULL	NULL	0
1287	4	2	1	170803	082255.60	108.53825817	34.22479510	25.90	0.0420	-0.0040	-1.0110	1.95	NULL	NULL	0
1288	4	2	1	170803	082255.70	108.53825356	34.22479389	25.90	0.0290	-0.0090	-0.9960	1.95	NULL	NULL	0
1289	4	2	1	170803	082255.80	108.53824848	34.22479337	25.90	-0.0590	0.0360	-0.9780	1.95	NULL	NULL	0
1290	4	2	1	170803	082255.90	108.53824392	34.22479218	25.90	-0.0280	-0.0060	-0.9310	1.95	NULL	NULL	0
1291	4	2	1	170803	082256.00	108.53823886	34.22479139	25.90	-0.0080	0.0150	-1.0470	1.95	NULL	NULL	0
1292	4	2	1	170803	082256.10	108.53823438	34.22479017	25.90	0.0010	-0.0260	-0.9700	1.95	NULL	NULL	0
1293	4	2	1	170803	082256.20	108.53823093	34.22478756	25.90	-0.0650	-0.1390	-1.0430	2.26	NULL	NULL	0
1294	4	2	1	170803	082256.30	108.53822644	34.22478636	25.90	-0.0950	0.0230	-1.0100	2.26	NULL	NULL	0
1295	4	2	1	170803	082256.40	108.53822199	34.22478533	25.90	-0.1670	0.0430	-1.0560	2.83	NULL	NULL	0
1296	4	2	1	170803	082256.50	108.53821753	34.22478415	24.05	0.0390	0.0260	-1.0250	2.83	NULL	NULL	0
1297	4	2	1	170803	082256.60	108.53821303	34.22478310	24.05	-0.0600	-0.0900	-1.0290	2.83	NULL	NULL	0
1298	4	2	1	170803	082256.70	108.53820857	34.22478195	24.05	0.0060	0.0440	-1.0230	2.83	NULL	NULL	0
1299	4	2	1	170803	082256.80	108.53820414	34.22478073	24.05	0.0720	0.0210	-0.9460	3.63	NULL	NULL	0
1300	4	2	1	170803	082256.90	108.53819976	34.22477954	24.05	0.0190	-0.0090	-0.9810	3.63	NULL	NULL	0
1301	4	2	1	170803	082257.00	108.53819539	34.22477839	24.05	-0.0930	-0.0620	-0.9330	3.47	NULL	NULL	0
1302	4	2	1	170803	082257.10	108.53819098	34.22477723	24.05	0.0510	0.0090	-0.9970	3.47	NULL	NULL	0
1303	4	2	1	170803	082257.20	108.53818603	34.22477696	24.05	0.0510	-0.0010	-0.9750	3.47	NULL	NULL	0
1304	4	2	1	170803	082257.30	108.53818170	34.22477581	24.05	0.0240	-0.0090	-1.0350	3.47	NULL	NULL	0
1305	4	2	1	170803	082257.40	108.53817755	34.22477445	24.05	0.0650	-0.0020	-1.0630	2.73	NULL	NULL	0
1306	4	2	1	170803	082257.50	108.53817321	34.22477329	24.05	-0.0130	-0.0270	-1.0320	2.73	NULL	NULL	0
1307	4	2	1	170803	082257.60	108.53816878	34.22477227	24.05	0.0370	-0.0080	-0.9140	2.73	NULL	NULL	0
1308	4	2	1	170803	082257.70	108.53816445	34.22477121	24.05	-0.0480	0.0280	-0.9180	2.06	NULL	NULL	0
1309	4	2	1	170803	082257.80	108.53816078	34.22476918	24.05	-0.0350	-0.0400	-0.9740	2.06	NULL	NULL	0
1310	4	2	1	170803	082257.90	108.53815651	34.22476805	24.05	0.0450	-0.0180	-1.0000	2.06	NULL	NULL	0
1311	4	2	1	170803	082258.00	108.53815222	34.22476692	24.05	-0.0420	0.0190	-1.0050	1.91	NULL	NULL	0
1312	4	2	1	170803	082258.10	108.53814801	34.22476578	24.05	0.0450	-0.0250	-1.0460	1.91	NULL	NULL	0
1313	4	2	1	170803	082258.20	108.53814376	34.22476465	24.05	0.0980	0.0270	-1.0460	1.91	NULL	NULL	0
1314	4	2	1	170803	082258.30	108.53813952	34.22476353	24.05	-0.1010	-0.0490	-1.0610	2.05	NULL	NULL	0
1315	4	2	1	170803	082258.40	108.53813529	34.22476239	24.05	-0.0260	-0.0130	-0.9760	2.05	NULL	NULL	0
1316	4	2	1	170803	082258.50	108.53813107	34.22476127	24.05	0.0340	0.0230	-0.9690	2.05	NULL	NULL	0
1317	4	2	1	170803	082258.60	108.53812683	34.22476015	24.05	0.0030	0.0210	-1.0820	2.20	NULL	NULL	0
1318	4	2	1	170803	082258.70	108.53812254	34.22475901	24.05	0.1580	0.0120	-1.0390	2.20	NULL	NULL	0
1319	4	2	1	170803	082258.80	108.53811811	34.22475755	24.05	0.1820	0.0090	-1.0070	2.20	NULL	NULL	0
1320	4	2	1	170803	082258.90	108.53811375	34.22475636	24.05	0.0120	-0.0400	-1.0320	3.69	NULL	NULL	0
1321	4	2	1	170803	082259.00	108.53810953	34.22475559	24.05	0.2210	-0.0060	-0.9760	3.69	NULL	NULL	0
1322	4	2	1	170803	082259.10	108.53810508	34.22475442	24.05	-0.0410	0.0140	-0.9500	3.69	NULL	NULL	0
1323	4	2	1	170803	082259.20	108.53810061	34.22475324	24.05	-0.0550	0.0320	-1.0490	3.81	NULL	NULL	0
1324	4	2	1	170803	082259.30	108.53809610	34.22475203	25.90	0.1500	0.0020	-0.9890	3.81	NULL	NULL	0
1325	4	2	1	170803	082259.40	108.53809155	34.22475084	25.90	0.0790	0.0160	-1.0350	3.81	NULL	NULL	0
1326	4	2	1	170803	082259.50	108.53808697	34.22474963	25.90	0.0950	0.0280	-0.9930	21.73	NULL	NULL	0
1327	4	2	1	170803	082259.60	108.53808232	34.22474842	25.90	0.0530	-0.0270	-0.9760	21.73	NULL	NULL	0
1328	4	2	1	170803	082259.70	108.53807768	34.22474718	25.90	0.0350	0.0130	-1.0510	21.73	NULL	NULL	0
1329	4	2	1	170803	082259.80	108.53807298	34.22474579	25.90	0.1410	0.0270	-1.0050	2.56	NULL	NULL	0
1330	4	2	1	170803	082259.90	108.53806827	34.22474456	25.90	0.0690	-0.0530	-1.0030	2.56	NULL	NULL	0
1331	4	2	1	170803	082300.00	108.53806355	34.22474329	25.90	0.0940	-0.0050	-1.0300	2.56	NULL	NULL	0
1332	4	2	1	170803	082300.10	108.53805882	34.22474203	25.90	-0.0070	-0.0110	-1.0180	2.56	NULL	NULL	0
1333	4	2	1	170803	082300.20	108.53805402	34.22474072	25.90	0.0730	-0.0130	-0.9460	2.38	NULL	NULL	0
1334	4	2	1	170803	082300.30	108.53804922	34.22473948	27.75	0.0360	-0.0420	-0.9910	2.38	NULL	NULL	0
1335	4	2	1	170803	082300.40	108.53804440	34.22473820	27.75	-0.0000	-0.0260	-1.0340	1.84	NULL	NULL	0
1336	4	2	1	170803	082300.50	108.53803959	34.22473690	27.75	0.0110	-0.0010	-0.9880	1.84	NULL	NULL	0
1337	4	2	1	170803	082300.60	108.53803478	34.22473563	27.75	-0.0110	-0.0390	-0.9910	1.84	NULL	NULL	0
1338	4	2	1	170803	082300.70	108.53802997	34.22473433	27.75	0.0270	-0.0110	-0.9200	1.84	NULL	NULL	0
1339	4	2	1	170803	082300.80	108.53802513	34.22473303	27.75	-0.0250	-0.0350	-1.0200	1.93	NULL	NULL	0
1340	4	2	1	170803	082300.90	108.53802029	34.22473174	27.75	0.0240	-0.0160	-0.9700	1.93	NULL	NULL	0
1341	4	2	1	170803	082301.00	108.53801546	34.22473041	27.75	0.0140	-0.0360	-0.9630	3.03	NULL	NULL	0
1342	4	2	1	170803	082301.10	108.53801064	34.22472911	27.75	0.0070	0.0260	-1.0280	3.03	NULL	NULL	0
1343	4	2	1	170803	082301.20	108.53800580	34.22472782	27.75	-0.0600	0.0090	-1.0240	3.03	NULL	NULL	0
1344	4	2	1	170803	082301.30	108.53800097	34.22472652	27.75	-0.0370	-0.0080	-1.0760	3.03	NULL	NULL	0
1345	4	2	1	170803	082301.40	108.53799613	34.22472519	27.75	0.0080	0.0470	-0.9900	4.19	NULL	NULL	0
1346	4	2	1	170803	082301.50	108.53799130	34.22472394	27.75	0.0480	-0.0010	-1.0000	4.19	NULL	NULL	0
1347	4	2	1	170803	082301.60	108.53798647	34.22472262	27.75	-0.0560	0.0010	-1.0000	4.19	NULL	NULL	0
1348	4	2	1	170803	082301.70	108.53798168	34.22472133	27.75	-0.0190	-0.0110	-0.9860	4.71	NULL	NULL	0
1349	4	2	1	170803	082301.80	108.53797690	34.22472008	25.90	0.0050	-0.0180	-0.9770	4.71	NULL	NULL	0
1350	4	2	1	170803	082301.90	108.53797213	34.22471882	25.90	0.0620	0.0060	-1.0190	4.71	NULL	NULL	0
1351	4	2	1	170803	082302.00	108.53796737	34.22471752	25.90	-0.1110	0.0320	-1.0110	4.53	NULL	NULL	0
1352	4	2	1	170803	082302.10	108.53796261	34.22471629	25.90	0.0630	0.0160	-1.1020	4.53	NULL	NULL	0
1353	4	2	1	170803	082302.20	108.53795784	34.22471506	25.90	0.1350	0.0240	-0.9980	4.53	NULL	NULL	0
1354	4	2	1	170803	082302.30	108.53795310	34.22471384	25.90	-0.0200	-0.0170	-1.0510	2.72	NULL	NULL	0
1355	4	2	1	170803	082302.40	108.53794838	34.22471261	25.90	0.0400	0.0070	-0.9920	2.72	NULL	NULL	0
1356	4	2	1	170803	082302.50	108.53794366	34.22471140	25.90	-0.0260	0.0220	-0.9760	2.72	NULL	NULL	0
1357	4	2	1	170803	082302.60	108.53793897	34.22471021	25.90	0.0010	0.0130	-0.9930	2.66	NULL	NULL	0
1358	4	2	1	170803	082302.70	108.53793429	34.22470900	25.90	-0.0950	0.0480	-1.0960	2.66	NULL	NULL	0
1359	4	2	1	170803	082302.80	108.53792957	34.22470763	25.90	-0.0180	0.0890	-1.0660	2.66	NULL	NULL	0
1360	4	2	1	170803	082302.90	108.53792492	34.22470649	25.90	-0.0940	0.0210	-1.0160	2.28	NULL	NULL	0
1361	4	2	1	170803	082303.00	108.53792033	34.22470549	25.90	-0.0260	0.0420	-1.0030	2.28	NULL	NULL	0
1362	4	2	1	170803	082303.10	108.53791570	34.22470430	25.90	-0.0190	-0.0210	-0.9670	2.28	NULL	NULL	0
1363	4	2	1	170803	082303.20	108.53791106	34.22470311	25.90	-0.0700	0.0010	-1.0640	0.20	NULL	NULL	0
1364	4	2	1	170803	082303.30	108.53790646	34.22470199	25.90	-0.0850	-0.0330	-1.0340	0.20	NULL	NULL	0
1365	4	2	1	170803	082303.40	108.53790191	34.22470088	25.90	-0.0370	-0.0090	-1.0090	0.20	NULL	NULL	0
1366	4	2	1	170803	082303.50	108.53789732	34.22469970	25.90	0.0090	0.0210	-1.0120	1.81	NULL	NULL	0
1367	4	2	1	170803	082303.60	108.53789270	34.22469856	25.90	-0.0610	-0.0590	-1.0330	1.81	NULL	NULL	0
1368	4	2	1	170803	082303.70	108.53788814	34.22469740	25.90	-0.0200	-0.0180	-1.0000	1.81	NULL	NULL	0
1369	4	2	1	170803	082303.80	108.53788351	34.22469610	25.90	-0.0440	-0.0050	-0.9660	104.26	NULL	NULL	0
1370	4	2	1	170803	082303.90	108.53787893	34.22469496	25.90	0.0120	-0.0120	-1.0050	104.26	NULL	NULL	0
1371	4	2	1	170803	082304.00	108.53787439	34.22469380	25.90	-0.0200	-0.0150	-0.9770	104.26	NULL	NULL	0
1372	4	2	1	170803	082304.10	108.53786980	34.22469260	25.90	0.0260	-0.0300	-0.9610	104.26	NULL	NULL	0
1373	4	2	1	170803	082304.20	108.53786523	34.22469139	25.90	-0.0510	-0.0290	-1.0080	1.76	NULL	NULL	0
1374	4	2	1	170803	082304.30	108.53786064	34.22469022	25.90	0.0550	-0.0230	-0.9420	1.76	NULL	NULL	0
1375	4	2	1	170803	082304.40	108.53785603	34.22468898	25.90	0.0220	-0.0130	-1.0050	1.86	NULL	NULL	0
1376	4	2	1	170803	082304.50	108.53785141	34.22468776	25.90	0.1030	-0.0370	-0.9910	1.86	NULL	NULL	0
1377	4	2	1	170803	082304.60	108.53784678	34.22468648	25.90	0.0270	0.0040	-1.0010	1.86	NULL	NULL	0
1378	4	2	1	170803	082304.70	108.53784213	34.22468526	25.90	-0.0180	-0.0060	-1.0650	1.86	NULL	NULL	0
1379	4	2	1	170803	082304.80	108.53783746	34.22468402	25.90	0.0100	-0.0320	-0.9770	0.00	NULL	NULL	0
1380	4	2	1	170803	082304.90	108.53783279	34.22468279	25.90	0.0300	-0.0600	-0.9720	0.00	NULL	NULL	0
1381	4	2	1	170803	082305.00	108.53782812	34.22468152	25.90	-0.0450	0.0050	-1.0110	0.00	NULL	NULL	0
1382	4	2	1	170803	082305.10	108.53782345	34.22468029	25.90	0.0190	-0.0490	-0.9900	0.00	NULL	NULL	0
1383	4	2	1	170803	082305.20	108.53781879	34.22467904	25.90	-0.0320	0.0460	-1.0160	0.00	NULL	NULL	0
1384	4	2	1	170803	082305.30	108.53781409	34.22467779	25.90	-0.0710	-0.0200	-1.0850	0.00	NULL	NULL	0
1385	4	2	1	170803	082305.40	108.53780944	34.22467653	25.90	0.0560	-0.0070	-1.0320	1.94	NULL	NULL	0
1386	4	2	1	170803	082305.50	108.53780474	34.22467529	25.90	-0.0320	-0.0140	-1.0030	1.94	NULL	NULL	0
1387	4	2	1	170803	082305.60	108.53780011	34.22467416	25.90	-0.0120	-0.0020	-1.0000	1.94	NULL	NULL	0
1388	4	2	1	170803	082305.70	108.53779549	34.22467290	25.90	-0.0600	0.0030	-1.0240	1.92	NULL	NULL	0
1389	4	2	1	170803	082305.80	108.53779078	34.22467156	25.90	-0.0690	-0.0390	-0.9520	1.92	NULL	NULL	0
1390	4	2	1	170803	082305.90	108.53778617	34.22467028	25.90	0.0180	0.0060	-0.9730	1.92	NULL	NULL	0
1391	4	2	1	170803	082306.00	108.53778155	34.22466909	25.90	-0.0100	0.0310	-1.0050	1.84	NULL	NULL	0
1392	4	2	1	170803	082306.10	108.53777695	34.22466787	25.90	-0.0250	0.0110	-1.0220	1.84	NULL	NULL	0
1393	4	2	1	170803	082306.20	108.53777236	34.22466671	25.90	0.0420	-0.0130	-0.9990	1.84	NULL	NULL	0
1394	4	2	1	170803	082306.30	108.53776776	34.22466548	25.90	-0.0310	0.0220	-1.0490	2.17	NULL	NULL	0
1395	4	2	1	170803	082306.40	108.53776310	34.22466421	25.90	0.0710	-0.0790	-0.9540	2.17	NULL	NULL	0
1396	4	2	1	170803	082306.50	108.53775853	34.22466298	25.90	0.0110	-0.0130	-0.9990	2.17	NULL	NULL	0
1397	4	2	1	170803	082306.60	108.53775398	34.22466174	25.90	0.0750	-0.0070	-0.9980	3.00	NULL	NULL	0
1398	4	2	1	170803	082306.70	108.53774941	34.22466057	25.90	0.0620	0.0250	-0.9430	3.00	NULL	NULL	0
1399	4	2	1	170803	082306.80	108.53774479	34.22465933	25.90	0.0910	-0.0580	-1.0110	3.00	NULL	NULL	0
1400	4	2	1	170803	082306.90	108.53774026	34.22465814	25.90	-0.0360	-0.0350	-1.0430	3.06	NULL	NULL	0
1401	4	2	1	170803	082307.00	108.53773577	34.22465703	25.90	0.0540	0.0440	-0.9840	3.06	NULL	NULL	0
1402	4	2	1	170803	082307.10	108.53773125	34.22465584	25.90	-0.0750	-0.0120	-0.9100	3.06	NULL	NULL	0
1403	4	2	1	170803	082307.20	108.53772668	34.22465453	25.90	-0.0460	0.0150	-1.0050	2.27	NULL	NULL	0
1404	4	2	1	170803	082307.30	108.53772219	34.22465333	25.90	-0.1050	0.3050	-1.0270	2.27	NULL	NULL	0
1405	4	2	1	170803	082307.40	108.53771768	34.22465215	25.90	-0.0890	0.0500	-1.0710	2.27	NULL	NULL	0
1406	4	2	1	170803	082307.50	108.53771319	34.22465097	25.90	-0.0960	-0.0070	-1.0010	2.28	NULL	NULL	0
1407	4	2	1	170803	082307.60	108.53770870	34.22464975	25.90	0.0740	-0.0300	-0.8990	2.28	NULL	NULL	0
1408	4	2	1	170803	082307.70	108.53770417	34.22464858	25.90	0.2770	-0.0080	-1.0850	2.28	NULL	NULL	0
1409	4	2	1	170803	082307.80	108.53769964	34.22464734	25.90	0.1500	0.0340	-1.0690	2.51	NULL	NULL	0
1410	4	2	1	170803	082307.90	108.53769508	34.22464614	25.90	-0.1020	0.0160	-1.0780	2.51	NULL	NULL	0
1411	4	2	1	170803	082308.00	108.53769053	34.22464493	25.90	0.0520	-0.0280	-1.0510	2.51	NULL	NULL	0
1412	4	2	1	170803	082308.10	108.53768591	34.22464366	25.90	0.0240	0.0230	-1.0230	2.51	NULL	NULL	0
1413	4	2	1	170803	082308.20	108.53768123	34.22464243	25.90	-0.0580	-0.0200	-1.0860	2.46	NULL	NULL	0
1414	4	2	1	170803	082308.30	108.53767651	34.22464118	25.90	0.0480	-0.0080	-1.0980	2.46	NULL	NULL	0
1415	4	2	1	170803	082308.40	108.53767181	34.22463989	25.90	0.1160	-0.0160	-1.0140	2.18	NULL	NULL	0
1416	4	2	1	170803	082308.50	108.53766701	34.22463859	27.75	0.0470	-0.0450	-0.9730	2.18	NULL	NULL	0
1417	4	2	1	170803	082308.60	108.53766228	34.22463743	25.90	0.0360	0.0010	-0.9750	2.18	NULL	NULL	0
1418	4	2	1	170803	082308.70	108.53765745	34.22463612	27.75	0.0070	-0.0140	-0.9730	1.89	NULL	NULL	0
1419	4	2	1	170803	082308.80	108.53765273	34.22463497	27.75	0.0840	0.0040	-0.9640	1.89	NULL	NULL	0
1420	4	2	1	170803	082308.90	108.53764786	34.22463366	27.75	0.1270	-0.0110	-0.9460	1.89	NULL	NULL	0
1421	4	2	1	170803	082309.00	108.53764303	34.22463234	27.75	0.0030	0.0300	-1.0330	1.75	NULL	NULL	0
1422	4	2	1	170803	082309.10	108.53763813	34.22463108	27.75	0.0570	0.0110	-0.9840	1.75	NULL	NULL	0
1423	4	2	1	170803	082309.20	108.53763326	34.22462970	27.75	0.0180	-0.0100	-0.9950	1.75	NULL	NULL	0
1424	4	2	1	170803	082309.30	108.53762835	34.22462841	27.75	0.0460	-0.0320	-1.0160	1.75	NULL	NULL	0
1425	4	2	1	170803	082309.40	108.53762344	34.22462703	27.75	0.0150	0.0480	-0.9340	104.11	NULL	NULL	0
1426	4	2	1	170803	082309.50	108.53761856	34.22462572	27.75	0.0120	0.0090	-1.0100	104.11	NULL	NULL	0
1427	4	2	1	170803	082309.60	108.53761371	34.22462453	27.75	0.0440	-0.0710	-0.9570	104.11	NULL	NULL	0
1428	4	2	1	170803	082309.70	108.53760885	34.22462320	27.75	-0.0300	0.0070	-0.9560	1.71	NULL	NULL	0
1429	4	2	1	170803	082309.80	108.53760398	34.22462191	27.75	-0.0310	0.0250	-0.9850	1.71	NULL	NULL	0
1430	4	2	1	170803	082309.90	108.53759908	34.22462062	27.75	0.0420	-0.0080	-0.9540	1.71	NULL	NULL	0
1431	4	2	1	170803	082310.00	108.53759423	34.22461928	27.75	-0.0470	0.0280	-0.9740	1.70	NULL	NULL	0
1432	4	2	1	170803	082310.10	108.53758936	34.22461800	27.75	0.0100	-0.0490	-0.9900	1.70	NULL	NULL	0
1433	4	2	1	170803	082310.20	108.53758448	34.22461668	27.75	0.0450	0.0640	-0.9730	1.70	NULL	NULL	0
1434	4	2	1	170803	082310.30	108.53757966	34.22461543	27.75	-0.0380	0.0030	-0.9590	1.68	NULL	NULL	0
1435	4	2	1	170803	082310.40	108.53757485	34.22461413	27.75	0.0340	0.0260	-0.9720	1.68	NULL	NULL	0
1436	4	2	1	170803	082310.50	108.53757002	34.22461286	27.75	0.0070	-0.0450	-0.9980	1.68	NULL	NULL	0
1437	4	2	1	170803	082310.60	108.53756522	34.22461146	25.90	0.0260	-0.0510	-1.0360	1.89	NULL	NULL	0
1438	4	2	1	170803	082310.70	108.53756042	34.22461024	25.90	-0.0800	0.0120	-1.0130	1.89	NULL	NULL	0
1439	4	2	1	170803	082310.80	108.53755566	34.22460904	25.90	0.0240	0.0350	-0.9670	1.89	NULL	NULL	0
1440	4	2	1	170803	082310.90	108.53755093	34.22460777	25.90	-0.0130	0.0270	-0.9870	1.92	NULL	NULL	0
1441	4	2	1	170803	082311.00	108.53754609	34.22460628	25.90	-0.0540	-0.0210	-0.9510	1.92	NULL	NULL	0
1442	4	2	1	170803	082311.10	108.53754138	34.22460504	25.90	0.0240	0.0080	-1.0140	1.92	NULL	NULL	0
1443	4	2	1	170803	082311.20	108.53753668	34.22460382	25.90	0.0520	-0.0170	-1.0070	1.92	NULL	NULL	0
1444	4	2	1	170803	082311.30	108.53753199	34.22460260	25.90	-0.0430	0.0090	-0.9740	1.92	NULL	NULL	0
1445	4	2	1	170803	082311.40	108.53752730	34.22460140	25.90	-0.0260	0.0150	-0.9850	1.92	NULL	NULL	0
1446	4	2	1	170803	082311.50	108.53752268	34.22460019	25.90	-0.0490	-0.0470	-0.9720	2.07	NULL	NULL	0
1447	4	2	1	170803	082311.60	108.53751802	34.22459896	25.90	-0.0520	0.0010	-0.9910	2.07	NULL	NULL	0
1448	4	2	1	170803	082311.70	108.53751340	34.22459778	25.90	0.0210	-0.0210	-0.9740	2.07	NULL	NULL	0
1449	4	2	1	170803	082311.80	108.53750879	34.22459657	25.90	0.0080	0.0150	-1.0340	2.47	NULL	NULL	0
1450	4	2	1	170803	082311.90	108.53750423	34.22459538	25.90	-0.0260	-0.0110	-0.9970	2.47	NULL	NULL	0
1451	4	2	1	170803	082312.00	108.53749963	34.22459422	25.90	-0.0640	0.0040	-1.0230	2.47	NULL	NULL	0
1452	4	2	1	170803	082312.10	108.53749507	34.22459306	25.90	0.0070	0.0010	-1.0390	2.47	NULL	NULL	0
1453	4	2	1	170803	082312.20	108.53749051	34.22459188	25.90	0.0150	-0.0180	-0.9540	3.11	NULL	NULL	0
1454	4	2	1	170803	082312.30	108.53748598	34.22459075	25.90	0.0040	-0.0520	-0.9660	3.11	NULL	NULL	0
1455	4	2	1	170803	082312.40	108.53748146	34.22458959	25.90	0.0440	-0.0390	-0.9940	3.28	NULL	NULL	0
1456	4	2	1	170803	082312.50	108.53747694	34.22458843	25.90	0.0430	-0.0050	-0.9960	3.28	NULL	NULL	0
1457	4	2	1	170803	082312.60	108.53747243	34.22458729	25.90	0.0600	-0.0040	-1.0400	3.28	NULL	NULL	0
1458	4	2	1	170803	082312.70	108.53746792	34.22458614	25.90	0.0800	0.0160	-0.9910	3.28	NULL	NULL	0
1459	4	2	1	170803	082312.80	108.53746336	34.22458499	25.90	0.0540	-0.0220	-1.0180	2.59	NULL	NULL	0
1460	4	2	1	170803	082312.90	108.53745881	34.22458383	25.90	0.0400	-0.0080	-0.9730	2.59	NULL	NULL	0
1461	4	2	1	170803	082313.00	108.53745422	34.22458267	25.90	0.0780	0.0370	-1.0100	2.11	NULL	NULL	0
1462	4	2	1	170803	082313.10	108.53744963	34.22458153	25.90	0.0800	-0.0510	-1.0340	2.11	NULL	NULL	0
1463	4	2	1	170803	082313.20	108.53744498	34.22458035	25.90	0.0480	-0.0160	-1.0250	2.11	NULL	NULL	0
1464	4	2	1	170803	082313.30	108.53744035	34.22457916	25.90	0.0100	-0.0250	-1.0560	2.11	NULL	NULL	0
1465	4	2	1	170803	082313.40	108.53743570	34.22457798	25.90	0.0990	0.0440	-0.9880	2.09	NULL	NULL	0
1466	4	2	1	170803	082313.50	108.53743096	34.22457677	25.90	0.0200	-0.0190	-1.0540	2.09	NULL	NULL	0
1467	4	2	1	170803	082313.60	108.53742630	34.22457576	25.90	0.1270	-0.0910	-0.9540	2.09	NULL	NULL	0
1468	4	2	1	170803	082313.70	108.53742154	34.22457453	25.90	0.0190	-0.0210	-0.9990	2.01	NULL	NULL	0
1469	4	2	1	170803	082313.80	108.53741671	34.22457338	27.75	0.0670	-0.0070	-0.9870	2.01	NULL	NULL	0
1470	4	2	1	170803	082313.90	108.53741194	34.22457212	25.90	-0.0100	-0.0040	-0.9830	2.01	NULL	NULL	0
1471	4	2	1	170803	082314.00	108.53740710	34.22457099	27.75	0.0650	0.0240	-0.9870	1.92	NULL	NULL	0
1472	4	2	1	170803	082314.10	108.53740228	34.22456970	27.75	-0.0130	-0.0310	-0.9780	1.92	NULL	NULL	0
1473	4	2	1	170803	082314.20	108.53739739	34.22456848	27.75	0.0620	-0.0110	-0.9800	1.92	NULL	NULL	0
1474	4	2	1	170803	082314.30	108.53739250	34.22456724	27.75	0.0050	0.0090	-0.9510	2.13	NULL	NULL	0
1475	4	2	1	170803	082314.40	108.53738767	34.22456609	27.75	0.0480	-0.0550	-0.9750	2.13	NULL	NULL	0
1476	4	2	1	170803	082314.50	108.53738274	34.22456490	27.75	0.0820	-0.0490	-1.0240	2.13	NULL	NULL	0
1477	4	2	1	170803	082314.60	108.53737789	34.22456366	27.75	0.1200	0.0070	-0.9490	2.28	NULL	NULL	0
1478	4	2	1	170803	082314.70	108.53737296	34.22456241	27.75	-0.0110	-0.0340	-1.0150	2.28	NULL	NULL	0
1479	4	2	1	170803	082314.80	108.53736806	34.22456115	27.75	0.0630	0.0290	-1.0250	2.28	NULL	NULL	0
1480	4	2	1	170803	082314.90	108.53736317	34.22455989	27.75	0.0130	-0.0390	-0.9960	2.34	NULL	NULL	0
1481	4	2	1	170803	082315.00	108.53735820	34.22455868	27.75	-0.0580	0.0020	-1.0190	2.34	NULL	NULL	0
1482	4	2	1	170803	082315.10	108.53735334	34.22455741	27.75	0.0230	-0.0290	-0.9790	2.34	NULL	NULL	0
1483	4	2	1	170803	082315.20	108.53734842	34.22455617	27.75	0.0110	-0.0310	-1.0100	104.66	NULL	NULL	0
1484	4	2	1	170803	082315.30	108.53734352	34.22455494	27.75	0.0720	0.0110	-1.0240	104.66	NULL	NULL	0
1485	4	2	1	170803	082315.40	108.53733865	34.22455369	27.75	0.0310	-0.0220	-1.0130	104.66	NULL	NULL	0
1486	4	2	1	170803	082315.50	108.53733374	34.22455244	27.75	-0.0300	-0.0580	-0.9750	1.99	NULL	NULL	0
1487	4	2	1	170803	082315.60	108.53732890	34.22455121	27.75	0.0070	-0.0150	-0.9950	1.99	NULL	NULL	0
1488	4	2	1	170803	082315.70	108.53732407	34.22454996	27.75	0.0130	0.0020	-0.9820	1.99	NULL	NULL	0
1489	4	2	1	170803	082315.80	108.53731921	34.22454876	27.75	-0.0010	0.0360	-1.0390	2.04	NULL	NULL	0
1490	4	2	1	170803	082315.90	108.53731439	34.22454753	27.75	-0.1120	0.0130	-1.0580	2.04	NULL	NULL	0
1491	4	2	1	170803	082316.00	108.53730955	34.22454622	25.90	0.0430	-0.0720	-1.0250	2.04	NULL	NULL	0
1492	4	2	1	170803	082316.10	108.53730477	34.22454499	25.90	0.0270	0.0030	-0.9840	2.04	NULL	NULL	0
1493	4	2	1	170803	082316.20	108.53730002	34.22454390	25.90	-0.0570	0.0010	-0.9960	2.67	NULL	NULL	0
1494	4	2	1	170803	082316.30	108.53729528	34.22454270	25.90	-0.0510	0.0390	-1.0470	2.67	NULL	NULL	0
1495	4	2	1	170803	082316.40	108.53729054	34.22454152	25.90	0.0730	0.0010	-1.0190	3.01	NULL	NULL	0
1496	4	2	1	170803	082316.50	108.53728582	34.22454029	25.90	-0.0770	-0.0820	-1.0510	3.01	NULL	NULL	0
1497	4	2	1	170803	082316.60	108.53728108	34.22453912	25.90	-0.0010	0.0360	-1.0350	3.01	NULL	NULL	0
1498	4	2	1	170803	082316.70	108.53727635	34.22453792	25.90	-0.1130	-0.0510	-1.0270	3.01	NULL	NULL	0
1499	4	2	1	170803	082316.80	108.53727166	34.22453672	25.90	-0.0660	-0.0290	-0.9610	3.29	NULL	NULL	0
1500	4	2	1	170803	082316.90	108.53726700	34.22453550	25.90	-0.0830	0.0160	-0.9680	3.29	NULL	NULL	0
1501	4	2	1	170803	082317.00	108.53726235	34.22453431	25.90	-0.0210	-0.0520	-0.9910	3.38	NULL	NULL	0
1502	4	2	1	170803	082317.10	108.53725772	34.22453311	25.90	-0.0110	0.0450	-1.0030	3.38	NULL	NULL	0
1503	4	2	1	170803	082317.20	108.53725310	34.22453191	25.90	-0.0030	0.0160	-0.9310	3.38	NULL	NULL	0
1504	4	2	1	170803	082317.30	108.53724848	34.22453074	25.90	0.0830	0.1000	-1.0890	3.38	NULL	NULL	0
1505	4	2	1	170803	082317.40	108.53724387	34.22452956	25.90	0.2090	0.0310	-0.9250	3.44	NULL	NULL	0
1506	4	2	1	170803	082317.50	108.53723922	34.22452835	25.90	0.1440	-0.0680	-0.9970	3.44	NULL	NULL	0
1507	4	2	1	170803	082317.60	108.53723457	34.22452712	25.90	0.1960	0.0850	-1.1020	3.44	NULL	NULL	0
1508	4	2	1	170803	082317.70	108.53722984	34.22452594	25.90	-0.0670	-0.0740	-1.0240	2.54	NULL	NULL	0
1509	4	2	1	170803	082317.80	108.53722514	34.22452472	25.90	0.0690	-0.0160	-0.9640	2.54	NULL	NULL	0
1510	4	2	1	170803	082317.90	108.53722042	34.22452353	25.90	0.0610	0.0210	-0.9770	2.54	NULL	NULL	0
1511	4	2	1	170803	082318.00	108.53721567	34.22452232	25.90	0.1360	-0.0870	-1.0410	2.16	NULL	NULL	0
1512	4	2	1	170803	082318.10	108.53721087	34.22452111	25.90	0.2310	0.0880	-1.1310	2.16	NULL	NULL	0
1513	4	2	1	170803	082318.20	108.53720592	34.22451982	27.75	0.3060	-0.0600	-0.9370	2.16	NULL	NULL	0
1514	4	2	1	170803	082318.30	108.53720100	34.22451852	27.75	-0.0640	-0.0370	-1.0600	1.82	NULL	NULL	0
1515	4	2	1	170803	082318.40	108.53719617	34.22451727	27.75	0.1330	0.0500	-0.3760	1.82	NULL	NULL	0
1516	4	2	1	170803	082318.50	108.53719143	34.22451612	25.90	-1.1430	0.3560	-2.9000	1.82	NULL	NULL	0
1517	4	2	1	170803	082318.60	108.53718669	34.22451489	25.90	-0.3470	-0.0190	-1.0950	1.62	NULL	NULL	0
1518	4	2	1	170803	082318.70	108.53718182	34.22451365	27.75	0.2830	0.0430	-1.3220	1.62	NULL	NULL	0
1519	4	2	1	170803	082318.80	108.53717692	34.22451245	27.75	0.1250	-0.0210	-1.1320	1.62	NULL	NULL	0
1520	4	2	1	170803	082318.90	108.53717198	34.22451115	27.75	-0.0500	0.0250	-0.9770	1.61	NULL	NULL	0
1521	4	2	1	170803	082319.00	108.53716707	34.22450988	27.75	-0.0410	0.0060	-0.8340	1.61	NULL	NULL	0
1522	4	2	1	170803	082319.10	108.53716223	34.22450865	27.75	0.0260	0.0110	-0.8540	1.61	NULL	NULL	0
1523	4	2	1	170803	082319.20	108.53715737	34.22450736	27.75	-0.0230	0.0310	-1.0130	1.59	NULL	NULL	0
1524	4	2	1	170803	082319.30	108.53715253	34.22450614	27.75	0.0200	0.0010	-1.0770	1.59	NULL	NULL	0
1525	4	2	1	170803	082319.40	108.53714767	34.22450488	27.75	-0.0110	0.0170	-1.0860	1.59	NULL	NULL	0
1526	4	2	1	170803	082319.50	108.53714280	34.22450361	27.75	0.0140	0.0130	-1.0460	1.63	NULL	NULL	0
1527	4	2	1	170803	082319.60	108.53713796	34.22450238	27.75	-0.0060	0.0020	-0.9760	1.63	NULL	NULL	0
1528	4	2	1	170803	082319.70	108.53713315	34.22450113	27.75	-0.0430	-0.0230	-0.9410	1.63	NULL	NULL	0
1529	4	2	1	170803	082319.80	108.53712834	34.22449989	25.90	0.0370	-0.0100	-0.9720	1.63	NULL	NULL	0
1530	4	2	1	170803	082319.90	108.53712355	34.22449865	25.90	-0.0130	-0.0210	-0.9700	1.63	NULL	NULL	0
1531	4	2	1	170803	082320.00	108.53711869	34.22449739	27.75	-0.0390	-0.0130	-1.0420	1.63	NULL	NULL	0
1532	4	2	1	170803	082320.10	108.53711385	34.22449614	27.75	0.1140	0.0000	-1.0530	1.67	NULL	NULL	0
1533	4	2	1	170803	082320.20	108.53710897	34.22449486	27.75	0.0780	0.0160	-1.0560	1.67	NULL	NULL	0
1534	4	2	1	170803	082320.30	108.53710408	34.22449359	27.75	0.0570	0.0010	-1.0020	1.67	NULL	NULL	0
1535	4	2	1	170803	082320.40	108.53709920	34.22449228	27.75	0.0670	-0.0110	-1.0240	1.70	NULL	NULL	0
1536	4	2	1	170803	082320.50	108.53709424	34.22449098	27.75	0.0280	-0.0170	-1.0070	1.70	NULL	NULL	0
1537	4	2	1	170803	082320.60	108.53708930	34.22448963	27.75	-0.0280	0.0070	-0.9800	1.70	NULL	NULL	0
1538	4	2	1	170803	082320.70	108.53708433	34.22448831	27.75	0.0400	-0.0060	-0.9800	1.70	NULL	NULL	0
1539	4	2	1	170803	082320.80	108.53707937	34.22448704	27.75	0.0760	-0.0280	-1.0300	1.73	NULL	NULL	0
1540	4	2	1	170803	082320.90	108.53707433	34.22448576	27.75	-0.0160	-0.0090	-1.0120	1.73	NULL	NULL	0
1541	4	2	1	170803	082321.00	108.53706930	34.22448439	27.75	0.0880	0.0070	-1.0130	2.60	NULL	NULL	0
1542	4	2	1	170803	082321.10	108.53706421	34.22448307	27.75	0.0030	0.0190	-1.0000	2.60	NULL	NULL	0
1543	4	2	1	170803	082321.20	108.53705913	34.22448174	27.75	-0.0230	0.0020	-0.9940	2.60	NULL	NULL	0
1544	4	2	1	170803	082321.30	108.53705403	34.22448039	27.75	0.0360	-0.0280	-0.9530	2.60	NULL	NULL	0
1545	4	2	1	170803	082321.40	108.53704895	34.22447906	27.75	-0.0020	0.0480	-0.9730	3.30	NULL	NULL	0
1546	4	2	1	170803	082321.50	108.53704390	34.22447770	27.75	0.0390	0.0020	-0.9790	3.30	NULL	NULL	0
1547	4	2	1	170803	082321.60	108.53703882	34.22447639	27.75	0.0560	-0.0000	-1.0210	3.30	NULL	NULL	0
1548	4	2	1	170803	082321.70	108.53703377	34.22447507	27.75	-0.0110	0.0310	-1.0030	4.54	NULL	NULL	0
1549	4	2	1	170803	082321.80	108.53702868	34.22447376	27.75	-0.0670	-0.0050	-1.0580	4.54	NULL	NULL	0
1550	4	2	1	170803	082321.90	108.53702359	34.22447242	27.75	0.0280	0.0330	-0.9620	4.54	NULL	NULL	0
1551	4	2	1	170803	082322.00	108.53701850	34.22447114	27.75	-0.0160	0.0530	-0.9940	5.00	NULL	NULL	0
1552	4	2	1	170803	082322.10	108.53701349	34.22446986	27.75	0.0400	0.0180	-0.9970	5.00	NULL	NULL	0
1553	4	2	1	170803	082322.20	108.53700840	34.22446860	27.75	-0.0120	0.0480	-0.9920	5.00	NULL	NULL	0
1554	4	2	1	170803	082322.30	108.53700334	34.22446732	27.75	-0.0440	0.0520	-1.0170	4.90	NULL	NULL	0
1555	4	2	1	170803	082322.40	108.53699830	34.22446611	27.75	0.0130	0.0760	-0.9620	4.90	NULL	NULL	0
1556	4	2	1	170803	082322.50	108.53699330	34.22446489	27.75	-0.0500	0.0140	-0.9370	4.90	NULL	NULL	0
1557	4	2	1	170803	082322.60	108.53698813	34.22446382	27.75	-0.0340	0.0160	-0.9950	3.59	NULL	NULL	0
1558	4	2	1	170803	082322.70	108.53698316	34.22446266	27.75	0.0560	0.0560	-0.9940	3.59	NULL	NULL	0
1559	4	2	1	170803	082322.80	108.53697781	34.22446145	27.75	-0.0180	0.0040	-1.1330	3.59	NULL	NULL	0
1560	4	2	1	170803	082322.90	108.53697271	34.22446022	27.75	0.1090	-0.0100	-1.0580	3.70	NULL	NULL	0
1561	4	2	1	170803	082323.00	108.53696777	34.22445887	27.75	0.0690	-0.0510	-0.9740	3.70	NULL	NULL	0
1562	4	2	1	170803	082323.10	108.53696266	34.22445766	27.75	-0.0040	-0.0150	-0.9330	3.70	NULL	NULL	0
1563	4	2	1	170803	082323.20	108.53695768	34.22445636	27.75	0.0040	0.0110	-0.9590	3.27	NULL	NULL	0
1564	4	2	1	170803	082323.30	108.53695265	34.22445517	27.75	-0.0220	0.0360	-0.9990	3.27	NULL	NULL	0
1565	4	2	1	170803	082323.40	108.53694759	34.22445402	27.75	-0.0680	-0.0100	-1.0780	3.27	NULL	NULL	0
1566	4	2	1	170803	082323.50	108.53694247	34.22445275	27.75	0.0340	0.0120	-1.0030	2.61	NULL	NULL	0
1567	4	2	1	170803	082323.60	108.53693726	34.22445128	27.75	-0.0220	0.0180	-0.9880	2.61	NULL	NULL	0
1568	4	2	1	170803	082323.70	108.53693218	34.22445003	27.75	0.0690	-0.0020	-1.0370	2.61	NULL	NULL	0
1569	4	2	1	170803	082323.80	108.53692782	34.22444977	29.60	0.0260	-0.0310	-1.0550	104.84	NULL	NULL	0
1570	4	2	1	170803	082323.90	108.53692266	34.22444851	27.75	-0.0630	0.0070	-1.0120	104.84	NULL	NULL	0
1571	4	2	1	170803	082324.00	108.53691736	34.22444685	29.60	0.0670	-0.0170	-0.9620	104.84	NULL	NULL	0
1572	4	2	1	170803	082324.10	108.53691224	34.22444563	27.75	-0.0420	0.0020	-0.9310	104.84	NULL	NULL	0
1573	4	2	1	170803	082324.20	108.53690781	34.22444474	27.75	-0.0700	0.0090	-0.9840	104.84	NULL	NULL	0
1574	4	2	1	170803	082324.30	108.53690277	34.22444346	27.75	0.0050	-0.0400	-0.9870	104.84	NULL	NULL	0
1575	4	2	1	170803	082324.40	108.53689945	34.22443922	27.75	0.0110	0.0070	-1.0180	1.92	NULL	NULL	0
1576	4	2	1	170803	082324.50	108.53689438	34.22443791	27.75	-0.0360	-0.0500	-1.0470	1.92	NULL	NULL	0
1577	4	2	1	170803	082324.60	108.53688782	34.22443906	27.75	-0.0950	-0.0220	-1.0020	1.92	NULL	NULL	0
1578	4	2	1	170803	082324.70	108.53688281	34.22443774	27.75	-0.0790	0.0040	-0.9920	2.02	NULL	NULL	0
1579	4	2	1	170803	082324.80	108.53687737	34.22443682	27.75	-0.0760	-0.0320	-0.9600	2.02	NULL	NULL	0
1580	4	2	1	170803	082324.90	108.53687238	34.22443553	27.75	-0.0250	-0.0060	-0.9760	2.02	NULL	NULL	0
1581	4	2	1	170803	082325.00	108.53686750	34.22443365	27.75	-0.0800	-0.0160	-0.9950	1.78	NULL	NULL	0
1582	4	2	1	170803	082325.10	108.53686256	34.22443235	27.75	0.0460	0.0090	-0.9790	1.78	NULL	NULL	0
1583	4	2	1	170803	082325.20	108.53685627	34.22443048	27.75	-0.0310	0.0140	-0.9860	1.78	NULL	NULL	0
1584	4	2	1	170803	082325.30	108.53685133	34.22442920	27.75	-0.0230	0.0080	-1.0720	1.78	NULL	NULL	0
1585	4	2	1	170803	082325.40	108.53684620	34.22442778	27.75	-0.0220	0.0190	-1.0060	1.73	NULL	NULL	0
1586	4	2	1	170803	082325.50	108.53684129	34.22442652	27.75	-0.0730	0.0100	-1.0360	1.73	NULL	NULL	0
1587	4	2	1	170803	082325.60	108.53683716	34.22442594	27.75	-0.0120	0.0220	-0.9630	1.73	NULL	NULL	0
1588	4	2	1	170803	082325.70	108.53683228	34.22442471	27.75	0.0160	0.0050	-0.9610	1.72	NULL	NULL	0
1589	4	2	1	170803	082325.80	108.53682711	34.22442288	27.75	0.0360	0.0460	-0.9530	1.72	NULL	NULL	0
1590	4	2	1	170803	082325.90	108.53682228	34.22442168	27.75	0.0080	0.0040	-1.0120	1.72	NULL	NULL	0
1591	4	2	1	170803	082326.00	108.53681723	34.22442106	27.75	0.0410	0.0210	-1.0000	1.87	NULL	NULL	0
1592	4	2	1	170803	082326.10	108.53681241	34.22441986	27.75	-0.0120	0.0220	-1.0220	1.87	NULL	NULL	0
1593	4	2	1	170803	082326.20	108.53680792	34.22441896	27.75	0.0360	0.0920	-1.0120	1.87	NULL	NULL	0
1594	4	2	1	170803	082326.30	108.53680304	34.22441778	27.75	0.0070	-0.0290	-1.0310	1.92	NULL	NULL	0
1595	4	2	1	170803	082326.40	108.53679782	34.22441605	27.75	0.0700	-0.0040	-0.9980	1.92	NULL	NULL	0
1596	4	2	1	170803	082326.50	108.53679295	34.22441487	27.75	-0.0150	0.0260	-0.9430	1.92	NULL	NULL	0
1597	4	2	1	170803	082326.60	108.53678790	34.22441348	27.75	-0.0060	0.0320	-1.0320	2.03	NULL	NULL	0
1598	4	2	1	170803	082326.70	108.53678298	34.22441231	27.75	0.0320	0.0230	-1.0010	2.03	NULL	NULL	0
1599	4	2	1	170803	082326.80	108.53677819	34.22441149	27.75	0.0300	0.0180	-0.9790	2.03	NULL	NULL	0
1600	4	2	1	170803	082326.90	108.53677330	34.22441032	27.75	0.0810	0.0020	-1.0410	3.18	NULL	NULL	0
1601	4	2	1	170803	082327.00	108.53676836	34.22440925	27.75	0.0250	0.0180	-0.9400	3.18	NULL	NULL	0
1602	4	2	1	170803	082327.10	108.53676349	34.22440808	27.75	0.0170	0.0070	-1.0180	3.18	NULL	NULL	0
1603	4	2	1	170803	082327.20	108.53675855	34.22440696	27.75	0.0650	-0.0140	-1.0590	3.57	NULL	NULL	0
1604	4	2	1	170803	082327.30	108.53675364	34.22440578	27.75	0.0520	0.0300	-1.0040	3.57	NULL	NULL	0
1605	4	2	1	170803	082327.40	108.53674872	34.22440390	27.75	-0.0300	-0.0020	-0.9960	3.57	NULL	NULL	0
1606	4	2	1	170803	082327.50	108.53674379	34.22440271	27.75	0.0470	0.0040	-0.9950	3.33	NULL	NULL	0
1607	4	2	1	170803	082327.60	108.53673887	34.22440149	27.75	0.0470	-0.0110	-0.9550	3.33	NULL	NULL	0
1608	4	2	1	170803	082327.70	108.53673395	34.22440028	27.75	-0.0240	0.0000	-0.9740	3.33	NULL	NULL	0
1609	4	2	1	170803	082327.80	108.53672903	34.22439899	27.75	-0.0130	-0.0020	-1.0120	2.40	NULL	NULL	0
1610	4	2	1	170803	082327.90	108.53672411	34.22439778	27.75	-0.0170	-0.0130	-0.9850	2.40	NULL	NULL	0
1611	4	2	1	170803	082328.00	108.53671919	34.22439649	27.75	-0.0430	-0.0020	-1.0110	2.40	NULL	NULL	0
1612	4	2	1	170803	082328.10	108.53671429	34.22439526	27.75	0.0280	-0.0140	-1.0270	2.40	NULL	NULL	0
1613	4	2	1	170803	082328.20	108.53670947	34.22439424	27.75	0.0170	-0.0230	-0.9930	1.90	NULL	NULL	0
1614	4	2	1	170803	082328.30	108.53670460	34.22439303	27.75	-0.0110	0.0030	-1.0400	1.90	NULL	NULL	0
1615	4	2	1	170803	082328.40	108.53669973	34.22439178	27.75	-0.0240	0.0230	-1.0270	1.70	NULL	NULL	0
1616	4	2	1	170803	082328.50	108.53669488	34.22439055	27.75	-0.0230	0.0130	-1.0110	1.70	NULL	NULL	0
1617	4	2	1	170803	082328.60	108.53669014	34.22438935	27.75	0.0240	0.0050	-0.9850	1.70	NULL	NULL	0
1618	4	2	1	170803	082328.70	108.53668532	34.22438815	25.90	-0.0300	-0.0190	-0.9620	1.70	NULL	NULL	0
1619	4	2	1	170803	082328.80	108.53668062	34.22438692	25.90	0.0580	0.0250	-1.0020	1.78	NULL	NULL	0
1620	4	2	1	170803	082328.90	108.53667587	34.22438571	25.90	-0.0380	-0.0100	-1.0270	1.78	NULL	NULL	0
1621	4	2	1	170803	082329.00	108.53667112	34.22438448	25.90	-0.0250	-0.0160	-1.0220	1.81	NULL	NULL	0
1622	4	2	1	170803	082329.10	108.53666635	34.22438328	25.90	-0.0500	0.0040	-1.0460	1.81	NULL	NULL	0
1623	4	2	1	170803	082329.20	108.53666152	34.22438186	25.90	-0.0540	0.0130	-0.9720	1.81	NULL	NULL	0
1624	4	2	1	170803	082329.30	108.53665679	34.22438061	25.90	0.0560	0.0100	-0.9250	1.81	NULL	NULL	0
1625	4	2	1	170803	082329.40	108.53665213	34.22437941	25.90	0.0250	0.0130	-0.9410	1.71	NULL	NULL	0
1626	4	2	1	170803	082329.50	108.53664749	34.22437821	25.90	0.0550	-0.0020	-0.9980	1.71	NULL	NULL	0
1627	4	2	1	170803	082329.60	108.53664288	34.22437707	25.90	0.0410	0.0330	-1.0210	1.71	NULL	NULL	0
1628	4	2	1	170803	082329.70	108.53663823	34.22437590	25.90	0.0110	-0.0260	-1.0550	1.63	NULL	NULL	0
1629	4	2	1	170803	082329.80	108.53663364	34.22437475	25.90	0.0630	0.0040	-1.0360	1.63	NULL	NULL	0
1630	4	2	1	170803	082329.90	108.53662901	34.22437358	25.90	-0.0860	0.0350	-0.9710	1.63	NULL	NULL	0
1631	4	2	1	170803	082330.00	108.53662440	34.22437230	25.90	0.0260	-0.0170	-0.9160	1.68	NULL	NULL	0
1632	4	2	1	170803	082330.10	108.53661986	34.22437115	25.90	-0.0940	-0.0200	-0.9910	1.68	NULL	NULL	0
1633	4	2	1	170803	082330.20	108.53661538	34.22437000	25.90	0.0140	0.0510	-1.0230	1.68	NULL	NULL	0
1634	4	2	1	170803	082330.30	108.53661081	34.22436887	25.90	-0.0290	0.0080	-1.0530	3.15	NULL	NULL	0
1635	4	2	1	170803	082330.40	108.53660634	34.22436772	25.90	-0.0100	0.0130	-1.0940	3.15	NULL	NULL	0
1636	4	2	1	170803	082330.50	108.53660182	34.22436656	25.90	-0.0350	0.0140	-1.0080	3.15	NULL	NULL	0
1637	4	2	1	170803	082330.60	108.53659734	34.22436545	25.90	-0.0730	-0.0380	-0.9480	4.08	NULL	NULL	0
1638	4	2	1	170803	082330.70	108.53659286	34.22436433	24.05	0.0090	0.0530	-0.9270	4.08	NULL	NULL	0
1639	4	2	1	170803	082330.80	108.53658843	34.22436319	24.05	-0.0030	-0.0140	-0.9920	4.08	NULL	NULL	0
1640	4	2	1	170803	082330.90	108.53658397	34.22436207	24.05	0.0480	-0.0030	-0.9700	5.22	NULL	NULL	0
1641	4	2	1	170803	082331.00	108.53657954	34.22436091	24.05	0.0150	0.0280	-1.0030	5.22	NULL	NULL	0
1642	4	2	1	170803	082331.10	108.53657509	34.22435979	24.05	0.0740	0.0000	-1.0160	5.22	NULL	NULL	0
1643	4	2	1	170803	082331.20	108.53657065	34.22435868	24.05	0.0420	0.0310	-0.9650	4.82	NULL	NULL	0
1644	4	2	1	170803	082331.30	108.53656621	34.22435759	24.05	-0.0100	0.0200	-0.9730	4.82	NULL	NULL	0
1645	4	2	1	170803	082331.40	108.53656180	34.22435646	24.05	0.0380	0.0580	-0.9400	4.82	NULL	NULL	0
1646	4	2	1	170803	082331.50	108.53655736	34.22435536	24.05	-0.0220	0.0100	-1.0140	3.51	NULL	NULL	0
1647	4	2	1	170803	082331.60	108.53655292	34.22435423	24.05	0.0390	0.0330	-1.0180	3.51	NULL	NULL	0
1648	4	2	1	170803	082331.70	108.53654844	34.22435312	24.05	0.0170	-0.0230	-0.9770	3.51	NULL	NULL	0
1649	4	2	1	170803	082331.80	108.53654399	34.22435199	24.05	0.0070	0.0620	-0.9790	2.81	NULL	NULL	0
1650	4	2	1	170803	082331.90	108.53653951	34.22435089	24.05	0.0510	0.0210	-1.0140	2.81	NULL	NULL	0
1651	4	2	1	170803	082332.00	108.53653499	34.22434978	25.90	0.0860	0.0100	-1.0440	2.81	NULL	NULL	0
1652	4	2	1	170803	082332.10	108.53653052	34.22434863	24.05	0.0120	0.0320	-1.0060	2.81	NULL	NULL	0
1653	4	2	1	170803	082332.20	108.53652596	34.22434753	25.90	-0.0220	0.0220	-1.0220	2.46	NULL	NULL	0
1654	4	2	1	170803	082332.30	108.53652143	34.22434636	25.90	0.0080	-0.0120	-1.0280	2.46	NULL	NULL	0
1655	4	2	1	170803	082332.40	108.53651689	34.22434524	25.90	-0.0160	0.0170	-1.0090	2.23	NULL	NULL	0
1656	4	2	1	170803	082332.50	108.53651233	34.22434407	25.90	-0.0080	-0.0330	-0.9460	2.23	NULL	NULL	0
1657	4	2	1	170803	082332.60	108.53650778	34.22434297	25.90	-0.0060	0.0080	-1.0050	2.23	NULL	NULL	0
1658	4	2	1	170803	082332.70	108.53650322	34.22434182	25.90	-0.0220	-0.0320	-1.0130	2.23	NULL	NULL	0
1659	4	2	1	170803	082332.80	108.53649865	34.22434067	25.90	-0.0470	0.0330	-0.9960	1.97	NULL	NULL	0
1660	4	2	1	170803	082332.90	108.53649412	34.22433950	25.90	0.0720	0.0300	-1.0090	1.97	NULL	NULL	0
1661	4	2	1	170803	082333.00	108.53648953	34.22433838	25.90	-0.0280	-0.0140	-0.9780	1.82	NULL	NULL	0
1662	4	2	1	170803	082333.10	108.53648499	34.22433718	25.90	0.0360	-0.0040	-0.9430	1.82	NULL	NULL	0
1663	4	2	1	170803	082333.20	108.53648049	34.22433603	24.05	0.0180	0.0330	-1.0370	1.82	NULL	NULL	0
1664	4	2	1	170803	082333.30	108.53647596	34.22433490	25.90	-0.0010	-0.0180	-0.9990	1.82	NULL	NULL	0
1665	4	2	1	170803	082333.40	108.53647144	34.22433373	25.90	0.0250	0.0350	-1.0420	1.71	NULL	NULL	0
1666	4	2	1	170803	082333.50	108.53646698	34.22433257	24.05	0.0130	0.0120	-1.0080	1.71	NULL	NULL	0
1667	4	2	1	170803	082333.60	108.53646253	34.22433161	25.90	-0.0560	0.0130	-0.9700	1.71	NULL	NULL	0
1668	4	2	1	170803	082333.70	108.53645809	34.22433048	24.05	0.0010	0.0180	-0.9890	1.69	NULL	NULL	0
1669	4	2	1	170803	082333.80	108.53645367	34.22432938	24.05	-0.0120	0.0330	-1.0220	1.69	NULL	NULL	0
1670	4	2	1	170803	082333.90	108.53644925	34.22432825	24.05	-0.0090	0.0140	-1.0090	1.69	NULL	NULL	0
1671	4	2	1	170803	082334.00	108.53644485	34.22432722	24.05	-0.0060	0.0140	-1.0040	1.74	NULL	NULL	0
1672	4	2	1	170803	082334.10	108.53644045	34.22432610	24.05	-0.0040	-0.0110	-1.0160	1.74	NULL	NULL	0
1673	4	2	1	170803	082334.20	108.53643586	34.22432575	24.05	-0.0250	0.0330	-0.9690	1.74	NULL	NULL	0
1674	4	2	1	170803	082334.30	108.53643148	34.22432464	24.05	-0.0160	0.0240	-0.9290	1.78	NULL	NULL	0
1675	4	2	1	170803	082334.40	108.53642713	34.22432344	24.05	-0.0300	-0.0320	-0.9690	1.78	NULL	NULL	0
1676	4	2	1	170803	082334.50	108.53642280	34.22432231	24.05	0.0170	0.0890	-1.0180	1.78	NULL	NULL	0
1677	4	2	1	170803	082334.60	108.53641836	34.22432096	24.05	0.0280	0.0070	-1.0340	1.76	NULL	NULL	0
1678	4	2	1	170803	082334.70	108.53641399	34.22431985	24.05	-0.0000	-0.0140	-0.9900	1.76	NULL	NULL	0
1679	4	2	1	170803	082334.80	108.53640968	34.22431878	24.05	0.0350	-0.0150	-1.0010	1.76	NULL	NULL	0
1680	4	2	1	170803	082334.90	108.53640536	34.22431767	24.05	0.0190	0.0630	-0.9900	1.75	NULL	NULL	0
1681	4	2	1	170803	082335.00	108.53640096	34.22431646	24.05	0.0550	0.0040	-0.9930	1.75	NULL	NULL	0
1682	4	2	1	170803	082335.10	108.53639668	34.22431541	24.05	-0.0630	-0.0090	-0.9790	1.75	NULL	NULL	0
1683	4	2	1	170803	082335.20	108.53639238	34.22431425	24.05	-0.0660	0.0080	-0.9880	2.93	NULL	NULL	0
1684	4	2	1	170803	082335.30	108.53638812	34.22431314	24.05	-0.0010	-0.0130	-1.0300	2.93	NULL	NULL	0
1685	4	2	1	170803	082335.40	108.53638390	34.22431207	24.05	-0.0760	0.0080	-0.9920	2.93	NULL	NULL	0
1686	4	2	1	170803	082335.50	108.53637961	34.22431097	24.05	-0.0250	0.0080	-1.0110	3.40	NULL	NULL	0
1687	4	2	1	170803	082335.60	108.53637540	34.22431001	24.05	-0.0490	-0.0650	-0.9980	3.40	NULL	NULL	0
1688	4	2	1	170803	082335.70	108.53637113	34.22430891	24.05	0.0730	0.0060	-0.9130	3.40	NULL	NULL	0
1689	4	2	1	170803	082335.80	108.53636688	34.22430772	24.05	0.0560	0.0480	-1.0250	3.75	NULL	NULL	0
1690	4	2	1	170803	082335.90	108.53636258	34.22430659	24.05	0.0720	0.0200	-1.0150	3.75	NULL	NULL	0
1691	4	2	1	170803	082336.00	108.53635833	34.22430560	24.05	0.1360	0.0030	-1.0060	3.75	NULL	NULL	0
1692	4	2	1	170803	082336.10	108.53635401	34.22430448	24.05	-0.0270	0.0510	-0.9880	3.75	NULL	NULL	0
1693	4	2	1	170803	082336.20	108.53634965	34.22430332	24.05	-0.0430	-0.0310	-0.9860	4.27	NULL	NULL	0
1694	4	2	1	170803	082336.30	108.53634532	34.22430216	24.05	0.0440	0.0150	-1.0080	4.27	NULL	NULL	0
1695	4	2	1	170803	082336.40	108.53634093	34.22430099	24.05	0.0340	-0.0290	-0.9530	4.40	NULL	NULL	0
1696	4	2	1	170803	082336.50	108.53633655	34.22429987	24.05	0.1480	-0.0090	-0.9290	4.40	NULL	NULL	0
1697	4	2	1	170803	082336.60	108.53633219	34.22429877	24.05	0.1350	0.0460	-1.0430	4.40	NULL	NULL	0
1698	4	2	1	170803	082336.70	108.53632776	34.22429767	24.05	0.0140	0.0150	-1.0490	4.40	NULL	NULL	0
1699	4	2	1	170803	082336.80	108.53632324	34.22429636	24.05	0.0240	0.0140	-1.0230	3.00	NULL	NULL	0
1700	4	2	1	170803	082336.90	108.53631876	34.22429516	25.90	-0.0420	0.0450	-0.9770	3.00	NULL	NULL	0
1701	4	2	1	170803	082337.00	108.53631428	34.22429397	25.90	0.0370	-0.0190	-0.9570	3.00	NULL	NULL	0
1702	4	2	1	170803	082337.10	108.53630977	34.22429279	25.90	0.0770	-0.0070	-0.9360	3.00	NULL	NULL	0
1703	4	2	1	170803	082337.20	108.53630524	34.22429159	25.90	0.0590	0.0300	-0.9990	3.00	NULL	NULL	0
1704	4	2	1	170803	082337.30	108.53630066	34.22429038	25.90	0.1040	0.0040	-1.0250	3.00	NULL	NULL	0
1705	4	2	1	170803	082337.40	108.53629614	34.22428898	25.90	0.1210	0.0170	-1.0400	2.40	NULL	NULL	0
1706	4	2	1	170803	082337.50	108.53629151	34.22428777	25.90	-0.0100	0.0190	-0.9760	2.40	NULL	NULL	0
1707	4	2	1	170803	082337.60	108.53628683	34.22428673	25.90	0.0150	-0.0160	-0.9870	2.40	NULL	NULL	0
1708	4	2	1	170803	082337.70	108.53628219	34.22428550	25.90	0.0290	-0.0410	-0.9830	2.12	NULL	NULL	0
1709	4	2	1	170803	082337.80	108.53627752	34.22428428	25.90	-0.0060	-0.0400	-1.0290	2.12	NULL	NULL	0
1710	4	2	1	170803	082337.90	108.53627282	34.22428302	25.90	0.0230	0.0110	-0.9840	2.12	NULL	NULL	0
1711	4	2	1	170803	082338.00	108.53626810	34.22428169	25.90	0.0260	0.0270	-1.0100	1.93	NULL	NULL	0
1712	4	2	1	170803	082338.10	108.53626341	34.22428045	25.90	0.0460	0.0020	-1.0200	1.93	NULL	NULL	0
1713	4	2	1	170803	082338.20	108.53625862	34.22427927	25.90	-0.0250	0.0220	-0.9930	1.93	NULL	NULL	0
1714	4	2	1	170803	082338.30	108.53625385	34.22427801	25.90	-0.0040	-0.0460	-1.0200	1.79	NULL	NULL	0
1715	4	2	1	170803	082338.40	108.53624908	34.22427669	25.90	0.0030	0.0630	-1.0490	1.79	NULL	NULL	0
1716	4	2	1	170803	082338.50	108.53624424	34.22427543	27.75	0.0340	0.0210	-1.0080	1.79	NULL	NULL	0
1717	4	2	1	170803	082338.60	108.53623936	34.22427418	27.75	0.0020	-0.0220	-0.9670	1.66	NULL	NULL	0
1718	4	2	1	170803	082338.70	108.53623450	34.22427288	27.75	0.1140	0.0330	-0.9720	1.66	NULL	NULL	0
1719	4	2	1	170803	082338.80	108.53622958	34.22427161	27.75	0.0190	-0.0590	-0.9860	1.66	NULL	NULL	0
1720	4	2	1	170803	082338.90	108.53622469	34.22427032	27.75	0.0750	0.0250	-0.9680	1.53	NULL	NULL	0
1721	4	2	1	170803	082339.00	108.53621980	34.22426905	27.75	0.0660	0.0210	-0.9790	1.53	NULL	NULL	0
1722	4	2	1	170803	082339.10	108.53621485	34.22426776	27.75	-0.0060	0.0460	-1.0020	1.53	NULL	NULL	0
1723	4	2	1	170803	082339.20	108.53620990	34.22426650	27.75	0.0020	0.0220	-1.0460	1.53	NULL	NULL	0
1724	4	2	1	170803	082339.30	108.53620497	34.22426523	27.75	-0.1040	0.0170	-0.9660	1.53	NULL	NULL	0
1725	4	2	1	170803	082339.40	108.53620003	34.22426398	27.75	-0.0530	0.0400	-0.9990	1.53	NULL	NULL	0
1726	4	2	1	170803	082339.50	108.53619508	34.22426274	27.75	-0.0650	-0.0540	-0.9910	0.21	NULL	NULL	0
1727	4	2	1	170803	082339.60	108.53619013	34.22426150	27.75	-0.0970	0.0300	-0.9720	0.21	NULL	NULL	0
1728	4	2	1	170803	082339.70	108.53618522	34.22426025	27.75	-0.0580	0.0080	-1.0330	0.21	NULL	NULL	0
1729	4	2	1	170803	082339.80	108.53618029	34.22425903	27.75	-0.0600	0.0090	-1.0090	1.73	NULL	NULL	0
1730	4	2	1	170803	082339.90	108.53617534	34.22425781	27.75	0.0120	-0.0170	-1.0340	1.73	NULL	NULL	0
1731	4	2	1	170803	082340.00	108.53617041	34.22425662	27.75	0.0110	0.0190	-0.9210	1.73	NULL	NULL	0
1732	4	2	1	170803	082340.10	108.53616549	34.22425537	27.75	0.0090	0.0800	-0.9340	1.73	NULL	NULL	0
1733	4	2	1	170803	082340.20	108.53616062	34.22425415	27.75	-0.0780	-0.0680	-0.9610	3.61	NULL	NULL	0
1734	4	2	1	170803	082340.30	108.53615576	34.22425292	27.75	-0.0270	0.0870	-0.9970	3.61	NULL	NULL	0
1735	4	2	1	170803	082340.40	108.53615091	34.22425172	27.75	-0.0020	-0.0320	-0.9860	4.36	NULL	NULL	0
1736	4	2	1	170803	082340.50	108.53614609	34.22425052	27.75	0.0170	0.0480	-1.0250	4.36	NULL	NULL	0
1737	4	2	1	170803	082340.60	108.53614130	34.22424932	25.90	0.0460	0.0130	-1.0720	4.36	NULL	NULL	0
1738	4	2	1	170803	082340.70	108.53613649	34.22424811	25.90	-0.0620	0.0260	-1.0430	4.36	NULL	NULL	0
1739	4	2	1	170803	082340.80	108.53613166	34.22424689	27.75	-0.0390	-0.0060	-1.0490	4.14	NULL	NULL	0
1740	4	2	1	170803	082340.90	108.53612684	34.22424568	27.75	-0.0980	-0.0250	-1.0050	4.14	NULL	NULL	0
1741	4	2	1	170803	082341.00	108.53612206	34.22424448	25.90	-0.0500	0.0070	-0.8860	3.31	NULL	NULL	0
1742	4	2	1	170803	082341.10	108.53611731	34.22424324	25.90	-0.0980	-0.0380	-1.0100	3.31	NULL	NULL	0
1743	4	2	1	170803	082341.20	108.53611260	34.22424207	25.90	-0.0550	-0.0300	-0.9380	3.31	NULL	NULL	0
1744	4	2	1	170803	082341.30	108.53610794	34.22424085	25.90	-0.0250	-0.0130	-0.9800	3.31	NULL	NULL	0
1745	4	2	1	170803	082341.40	108.53610327	34.22423964	25.90	-0.0790	0.0530	-1.0450	2.68	NULL	NULL	0
1746	4	2	1	170803	082341.50	108.53609855	34.22423841	25.90	0.0280	0.0290	-0.9900	2.68	NULL	NULL	0
1747	4	2	1	170803	082341.60	108.53609388	34.22423720	25.90	-0.0310	-0.0060	-1.0670	2.68	NULL	NULL	0
1748	4	2	1	170803	082341.70	108.53608927	34.22423599	25.90	0.1360	-0.0540	-0.7770	2.55	NULL	NULL	0
1749	4	2	1	170803	082341.80	108.53608466	34.22423475	25.90	0.0380	0.0030	-0.9510	2.55	NULL	NULL	0
1750	4	2	1	170803	082341.90	108.53608005	34.22423354	25.90	0.0310	-0.0270	-0.9880	2.55	NULL	NULL	0
1751	4	2	1	170803	082342.00	108.53607548	34.22423230	25.90	0.0640	-0.0070	-1.0620	1.97	NULL	NULL	0
1752	4	2	1	170803	082342.10	108.53607089	34.22423105	25.90	0.0210	-0.0430	-1.0340	1.97	NULL	NULL	0
1753	4	2	1	170803	082342.20	108.53606626	34.22422982	25.90	-0.0190	-0.0640	-1.0020	1.97	NULL	NULL	0
1754	4	2	1	170803	082342.30	108.53606166	34.22422855	25.90	-0.0790	-0.0020	-0.9850	2.13	NULL	NULL	0
1755	4	2	1	170803	082342.40	108.53605704	34.22422727	25.90	-0.0480	-0.0480	-0.9610	2.13	NULL	NULL	0
1756	4	2	1	170803	082342.50	108.53605244	34.22422600	25.90	0.0200	0.0130	-0.9920	2.13	NULL	NULL	0
1757	4	2	1	170803	082342.60	108.53604784	34.22422470	25.90	-0.0200	0.0150	-1.0410	3.19	NULL	NULL	0
1758	4	2	1	170803	082342.70	108.53604320	34.22422346	25.90	0.0770	0.0140	-0.9470	3.19	NULL	NULL	0
1759	4	2	1	170803	082342.80	108.53603851	34.22422220	25.90	-0.0050	0.0230	-1.0220	3.19	NULL	NULL	0
1760	4	2	1	170803	082342.90	108.53603386	34.22422093	25.90	0.0540	0.0890	-1.0300	3.65	NULL	NULL	0
1761	4	2	1	170803	082343.00	108.53602915	34.22421968	25.90	0.0340	0.0470	-0.9880	3.65	NULL	NULL	0
1762	4	2	1	170803	082343.10	108.53602443	34.22421843	25.90	0.0360	0.0100	-1.0250	3.65	NULL	NULL	0
1763	4	2	1	170803	082343.20	108.53601966	34.22421720	25.90	0.0200	-0.0030	-0.9880	4.10	NULL	NULL	0
1764	4	2	1	170803	082343.30	108.53601492	34.22421592	25.90	0.0120	-0.0010	-0.9620	4.10	NULL	NULL	0
1765	4	2	1	170803	082343.40	108.53601018	34.22421470	25.90	-0.0450	0.0190	-1.0030	4.10	NULL	NULL	0
1766	4	2	1	170803	082343.50	108.53600541	34.22421345	25.90	0.0340	0.0460	-0.9930	4.03	NULL	NULL	0
1767	4	2	1	170803	082343.60	108.53600066	34.22421224	25.90	-0.0160	0.0260	-1.0170	4.03	NULL	NULL	0
1768	4	2	1	170803	082343.70	108.53599592	34.22421102	25.90	0.0680	0.0250	-1.0050	4.03	NULL	NULL	0
1769	4	2	1	170803	082343.80	108.53599117	34.22420982	25.90	0.0690	0.0200	-1.0470	2.93	NULL	NULL	0
1770	4	2	1	170803	082343.90	108.53598638	34.22420861	25.90	-0.0340	-0.0420	-1.0100	2.93	NULL	NULL	0
1771	4	2	1	170803	082344.00	108.53598160	34.22420739	25.90	0.0070	0.0540	-0.9970	2.93	NULL	NULL	0
1772	4	2	1	170803	082344.10	108.53597688	34.22420620	25.90	-0.0310	0.0590	-1.0080	2.93	NULL	NULL	0
1773	4	2	1	170803	082344.20	108.53597217	34.22420500	25.90	-0.1230	-0.0020	-0.8860	2.54	NULL	NULL	0
1774	4	2	1	170803	082344.30	108.53596748	34.22420384	25.90	-0.0380	0.0020	-1.0260	2.54	NULL	NULL	0
1775	4	2	1	170803	082344.40	108.53596280	34.22420266	25.90	0.0010	0.0190	-1.0620	2.81	NULL	NULL	0
1776	4	2	1	170803	082344.50	108.53595813	34.22420148	25.90	0.0290	0.0040	-1.0380	2.81	NULL	NULL	0
1777	4	2	1	170803	082344.60	108.53595342	34.22420034	25.90	-0.0070	0.0050	-1.0280	2.81	NULL	NULL	0
1778	4	2	1	170803	082344.70	108.53594877	34.22419918	25.90	-0.0560	-0.0020	-1.0350	2.30	NULL	NULL	0
1779	4	2	1	170803	082344.80	108.53594414	34.22419803	25.90	0.0090	0.0700	-0.9640	2.30	NULL	NULL	0
1780	4	2	1	170803	082344.90	108.53593951	34.22419692	25.90	-0.0300	-0.0260	-0.9700	2.30	NULL	NULL	0
1781	4	2	1	170803	082345.00	108.53593491	34.22419578	25.90	0.0180	0.0560	-0.9830	2.03	NULL	NULL	0
1782	4	2	1	170803	082345.10	108.53593033	34.22419466	25.90	-0.0310	-0.0040	-1.0420	2.03	NULL	NULL	0
1783	4	2	1	170803	082345.20	108.53592577	34.22419355	25.90	0.0170	-0.0170	-0.9670	2.03	NULL	NULL	0
1784	4	2	1	170803	082345.30	108.53592122	34.22419245	25.90	-0.0720	0.0860	-0.9920	2.03	NULL	NULL	0
1785	4	2	1	170803	082345.40	108.53591668	34.22419137	25.90	-0.0290	-0.0540	-0.9650	2.03	NULL	NULL	0
1786	4	2	1	170803	082345.50	108.53591217	34.22419026	25.90	-0.1110	0.0060	-1.0030	2.03	NULL	NULL	0
1787	4	2	1	170803	082345.60	108.53590769	34.22418917	24.05	-0.0250	0.0240	-1.0160	2.03	NULL	NULL	0
1788	4	2	1	170803	082345.70	108.53590318	34.22418810	24.05	-0.0720	0.0110	-0.9800	3.77	NULL	NULL	0
1789	4	2	1	170803	082345.80	108.53589871	34.22418699	24.05	-0.1210	-0.0140	-0.9190	3.77	NULL	NULL	0
1790	4	2	1	170803	082345.90	108.53589423	34.22418592	24.05	0.0510	-0.0100	-0.9920	3.77	NULL	NULL	0
1791	4	2	1	170803	082346.00	108.53588981	34.22418486	24.05	-0.0720	0.0000	-0.9410	3.91	NULL	NULL	0
1792	4	2	1	170803	082346.10	108.53588544	34.22418378	24.05	0.0970	-0.0110	-1.0360	3.91	NULL	NULL	0
1793	4	2	1	170803	082346.20	108.53588104	34.22418270	24.05	0.1440	0.1170	-0.9270	3.91	NULL	NULL	0
1794	4	2	1	170803	082346.30	108.53587664	34.22418163	24.05	-0.1480	-0.0190	-1.0840	2.82	NULL	NULL	0
1795	4	2	1	170803	082346.40	108.53587226	34.22418054	24.05	-0.0750	0.0480	-1.1100	2.82	NULL	NULL	0
1796	4	2	1	170803	082346.50	108.53586786	34.22417946	24.05	-0.0810	-0.0320	-1.0300	2.82	NULL	NULL	0
1797	4	2	1	170803	082346.60	108.53586345	34.22417837	24.05	-0.0460	0.0070	-0.9800	2.39	NULL	NULL	0
1798	4	2	1	170803	082346.70	108.53585904	34.22417727	24.05	0.0180	0.0300	-0.9420	2.39	NULL	NULL	0
1799	4	2	1	170803	082346.80	108.53585462	34.22417614	24.05	0.0090	0.0110	-0.9600	2.39	NULL	NULL	0
1800	4	2	1	170803	082346.90	108.53585022	34.22417505	24.05	0.0740	-0.0430	-0.9770	1.88	NULL	NULL	0