329	4	2	1	170803	084750.80	108.53990185	34.22530577	46.25	0.1030	-0.0250	-0.9560	5.17	NULL	NULL	0
330	4	2	1	170803	084750.90	108.53989398	34.22530265	46.25	0.0380	0.0620	-1.0420	5.17	NULL	NULL	0
331	4	2	1	170803	084751.00	108.53988609	34.22529956	48.10	0.0440	0.0110	-1.0350	4.88	NULL	NULL	0
332	4	2	1	170803	084751.10	108.53987821	34.22529646	46.25	-0.0150	0.0380	-0.9180	4.88	NULL	NULL	0
333	4	2	1	170803	084751.20	108.53987032	34.22529342	46.25	-0.0070	-0.0470	-0.9960	4.88	NULL	NULL	0
334	4	2	1	170803	084751.30	108.53986237	34.22529042	48.10	-0.0190	-0.0300	-0.9730	3.54	NULL	NULL	0
335	4	2	1	170803	084751.40	108.53985449	34.22528745	46.25	-0.0330	0.0120	-1.0740	3.54	NULL	NULL	0
336	4	2	1	170803	084751.50	108.53984659	34.22528443	46.25	-0.0050	-0.0470	-0.9750	3.54	NULL	NULL	0
337	4	2	1	170803	084751.60	108.53983868	34.22528144	46.25	0.0200	-0.0330	-1.0140	2.77	NULL	NULL	0
338	4	2	1	170803	084751.70	108.53983075	34.22527845	46.25	-0.0110	0.0150	-0.9160	2.77	NULL	NULL	0
339	4	2	1	170803	084751.80	108.53982288	34.22527553	46.25	-0.0880	-0.0940	-1.0020	2.77	NULL	NULL	0
340	4	2	1	170803	084751.90	108.53981503	34.22527261	46.25	0.0180	-0.0170	-0.9970	2.77	NULL	NULL	0
341	4	2	1	170803	084752.00	108.53980716	34.22526969	46.25	-0.0160	0.0270	-1.0150	2.50	NULL	NULL	0
342	4	2	1	170803	084752.10	108.53979922	34.22526682	46.25	-0.0870	-0.0520	-1.0210	2.50	NULL	NULL	0
343	4	2	1	170803	084752.20	108.53979138	34.22526395	46.25	0.0350	-0.0610	-0.9290	2.06	NULL	NULL	0
344	4	2	1	170803	084752.30	108.53978357	34.22526107	46.25	-0.1260	-0.0070	-1.0560	2.06	NULL	NULL	0
345	4	2	1	170803	084752.40	108.53977578	34.22525823	46.25	-0.0090	-0.0860	-0.9750	2.06	NULL	NULL	0
346	4	2	1	170803	084752.50	108.53976795	34.22525534	46.25	0.0060	-0.0300	-0.9630	2.06	NULL	NULL	0
347	4	2	1	170803	084752.60	108.53976009	34.22525247	46.25	-0.0230	-0.0050	-0.9380	1.87	NULL	NULL	0
348	4	2	1	170803	084752.70	108.53975230	34.22524966	46.25	-0.0200	0.0000	-0.9850	1.87	NULL	NULL	0
349	4	2	1	170803	084752.80	108.53974456	34.22524682	46.25	-0.0010	-0.1180	-1.0440	1.87	NULL	NULL	0
350	4	2	1	170803	084752.90	108.53973679	34.22524402	46.25	-0.1260	-0.1000	-1.0270	1.97	NULL	NULL	0
351	4	2	1	170803	084753.00	108.53972909	34.22524117	46.25	0.0470	-0.0690	-0.9990	1.97	NULL	NULL	0
352	4	2	1	170803	084753.10	108.53972139	34.22523835	46.25	-0.1240	-0.0400	-0.9670	1.97	NULL	NULL	0
353	4	2	1	170803	084753.20	108.53971379	34.22523558	44.40	-0.2320	-0.0460	-0.9660	1.90	NULL	NULL	0
354	4	2	1	170803	084753.30	108.53970623	34.22523283	44.40	-0.1530	0.0090	-0.9500	1.90	NULL	NULL	0
355	4	2	1	170803	084753.40	108.53969869	34.22523029	44.40	-0.1400	-0.1030	-1.0140	1.90	NULL	NULL	0
356	4	2	1	170803	084753.50	108.53969131	34.22522767	42.55	-0.1370	0.0210	-1.0750	1.78	NULL	NULL	0
357	4	2	1	170803	084753.60	108.53968388	34.22522517	42.55	-0.1050	-0.0780	-1.0330	1.78	NULL	NULL	0
358	4	2	1	170803	084753.70	108.53967667	34.22522255	42.55	-0.0750	-0.0230	-1.0230	1.78	NULL	NULL	0
359	4	2	1	170803	084753.80	108.53966958	34.22521973	42.55	0.0070	-0.0160	-1.0190	1.79	NULL	NULL	0
360	4	2	1	170803	084753.90	108.53966244	34.22521711	42.55	-0.0790	0.0150	-0.9730	1.79	NULL	NULL	0
361	4	2	1	170803	084754.00	108.53965526	34.22521457	42.55	-0.0700	-0.0310	-0.9510	1.79	NULL	NULL	0
362	4	2	1	170803	084754.10	108.53964812	34.22521198	42.55	-0.0650	-0.0630	-1.0300	1.83	NULL	NULL	0
363	4	2	1	170803	084754.20	108.53964099	34.22520948	42.55	-0.0660	-0.0050	-1.0280	1.83	NULL	NULL	0
364	4	2	1	170803	084754.30	108.53963390	34.22520692	42.55	-0.0120	-0.1300	-1.0820	1.83	NULL	NULL	0
365	4	2	1	170803	084754.40	108.53962691	34.22520437	42.55	-0.0300	-0.0580	-1.0040	1.84	NULL	NULL	0
366	4	2	1	170803	084754.50	108.53961982	34.22520179	42.55	0.0350	-0.1360	-1.0110	1.84	NULL	NULL	0
367	4	2	1	170803	084754.60	108.53961251	34.22519943	42.55	-0.0090	-0.0360	-1.0440	1.84	NULL	NULL	0
368	4	2	1	170803	084754.70	108.53960549	34.22519686	40.70	-0.1130	0.0120	-0.9490	1.87	NULL	NULL	0
369	4	2	1	170803	084754.80	108.53959843	34.22519451	40.70	-0.0840	-0.0640	-1.0090	1.87	NULL	NULL	0
370	4	2	1	170803	084754.90	108.53959144	34.22519197	40.70	-0.0150	-0.0590	-1.0080	1.87	NULL	NULL	0
371	4	2	1	170803	084755.00	108.53958458	34.22518917	40.70	-0.0090	-0.0090	-1.0050	1.88	NULL	NULL	0
372	4	2	1	170803	084755.10	108.53957757	34.22518660	40.70	-0.0740	-0.0680	-1.0200	1.88	NULL	NULL	0
373	4	2	1	170803	084755.20	108.53957064	34.22518402	40.70	-0.0420	-0.0280	-0.9920	1.88	NULL	NULL	0
374	4	2	1	170803	084755.30	108.53956366	34.22518150	40.70	-0.0810	-0.0760	-0.9620	1.84	NULL	NULL	0
375	4	2	1	170803	084755.40	108.53955675	34.22517903	40.70	0.0980	-0.0310	-0.8700	1.84	NULL	NULL	0
376	4	2	1	170803	084755.50	108.53954979	34.22517654	40.70	0.0340	0.0320	-1.0150	1.84	NULL	NULL	0
377	4	2	1	170803	084755.60	108.53954278	34.22517423	40.70	0.0090	-0.0660	-1.0660	3.09	NULL	NULL	0
378	4	2	1	170803	084755.70	108.53953576	34.22517169	40.70	0.0510	-0.0370	-1.0090	3.09	NULL	NULL	0
379	4	2	1	170803	084755.80	108.53952898	34.22516879	40.70	0.0890	-0.0010	-1.0050	3.09	NULL	NULL	0
380	4	2	1	170803	084755.90	108.53952192	34.22516633	40.70	0.0670	0.0110	-1.0030	3.09	NULL	NULL	0
381	4	2	1	170803	084756.00	108.53951489	34.22516365	40.70	0.1350	0.0510	-1.0290	4.79	NULL	NULL	0
382	4	2	1	170803	084756.10	108.53950773	34.22516132	40.70	-0.0960	-0.0480	-0.9580	4.79	NULL	NULL	0
383	4	2	1	170803	084756.20	108.53950192	34.22516092	40.70	-0.0310	0.0090	-0.9550	6.27	NULL	NULL	0
384	4	2	1	170803	084756.30	108.53949466	34.22515847	42.55	0.0460	-0.0160	-1.0750	6.27	NULL	NULL	0
385	4	2	1	170803	084756.40	108.53948644	34.22515405	42.55	-0.0170	-0.0410	-1.0430	6.27	NULL	NULL	0
386	4	2	1	170803	084756.50	108.53947900	34.22515175	42.55	0.0830	-0.0210	-1.0530	6.27	NULL	NULL	0
387	4	2	1	170803	084756.60	108.53947255	34.22515031	42.55	0.0280	-0.0090	-0.9830	6.57	NULL	NULL	0
388	4	2	1	170803	084756.70	108.53946503	34.22514791	44.40	-0.0070	-0.0650	-0.9500	6.57	NULL	NULL	0
389	4	2	1	170803	084756.80	108.53945642	34.22514509	42.55	0.0310	0.0090	-0.9670	6.57	NULL	NULL	0
390	4	2	1	170803	084756.90	108.53944896	34.22514264	42.55	0.0570	-0.0180	-0.9990	6.50	NULL	NULL	0
391	4	2	1	170803	084757.00	108.53944259	34.22514133	42.55	0.0330	-0.0300	-1.0120	6.50	NULL	NULL	0
392	4	2	1	170803	084757.10	108.53943508	34.22513896	42.55	0.0180	0.0130	-1.0400	6.50	NULL	NULL	0
393	4	2	1	170803	084757.20	108.53942541	34.22513317	42.55	0.1360	-0.0260	-1.0230	4.26	NULL	NULL	0
394	4	2	1	170803	084757.30	108.53941778	34.22513061	44.40	0.0680	-0.0570	-0.9530	4.26	NULL	NULL	0
395	4	2	1	170803	084757.40	108.53941055	34.22512832	44.40	0.0620	-0.0350	-0.9490	4.26	NULL	NULL	0
396	4	2	1	170803	084757.50	108.53940294	34.22512583	44.40	-0.0280	0.0280	-0.9980	5.17	NULL	NULL	0
397	4	2	1	170803	084757.60	108.53939539	34.22512335	44.40	0.0190	-0.0580	-0.9760	5.17	NULL	NULL	0
398	4	2	1	170803	084757.70	108.53938772	34.22512088	44.40	0.0310	-0.0970	-1.0010	5.17	NULL	NULL	0
399	4	2	1	170803	084757.80	108.53938035	34.22511906	44.40	0.0620	-0.0220	-0.9940	6.03	NULL	NULL	0
400	4	2	1	170803	084757.90	108.53937263	34.22511658	44.40	0.0330	-0.0950	-0.9850	6.03	NULL	NULL	0
401	4	2	1	170803	084758.00	108.53936455	34.22511326	44.40	0.0070	-0.0580	-1.0050	6.03	NULL	NULL	0
402	4	2	1	170803	084758.10	108.53935683	34.22511074	44.40	0.0700	-0.1160	-0.9820	6.02	NULL	NULL	0
403	4	2	1	170803	084758.20	108.53934939	34.22510854	44.40	0.0390	-0.1360	-0.9980	6.02	NULL	NULL	0
404	4	2	1	170803	084758.30	108.53934167	34.22510604	44.40	0.0770	-0.0610	-0.9630	6.02	NULL	NULL	0
405	4	2	1	170803	084758.40	108.53933392	34.22510506	44.40	0.0420	-0.0960	-0.9950	4.70	NULL	NULL	0
406	4	2	1	170803	084758.50	108.53932616	34.22510250	44.40	0.0090	-0.0400	-1.0330	4.70	NULL	NULL	0
407	4	2	1	170803	084758.60	108.53931840	34.22509983	44.40	0.0460	-0.0800	-1.0100	4.70	NULL	NULL	0
408	4	2	1	170803	084758.70	108.53931060	34.22509731	44.40	-0.0310	-0.0350	-1.0180	3.82	NULL	NULL	0
409	4	2	1	170803	084758.80	108.53930318	34.22509498	44.40	0.0300	-0.0540	-0.9910	3.82	NULL	NULL	0
410	4	2	1	170803	084758.90	108.53929540	34.22509247	44.40	0.0400	-0.0420	-1.0370	3.82	NULL	NULL	0
411	4	2	1	170803	084759.00	108.53928789	34.22509039	44.40	-0.0020	0.0580	-0.9550	3.35	NULL	NULL	0
412	4	2	1	170803	084759.10	108.53928008	34.22508787	44.40	0.0460	-0.0270	-0.9930	3.35	NULL	NULL	0
413	4	2	1	170803	084759.20	108.53927245	34.22508551	44.40	0.0510	-0.0490	-1.0140	3.35	NULL	NULL	0
414	4	2	1	170803	084759.30	108.53926463	34.22508300	44.40	0.0370	-0.0530	-0.8670	3.28	NULL	NULL	0
415	4	2	1	170803	084759.40	108.53925676	34.22508060	46.25	0.0080	-0.0370	-1.0320	3.28	NULL	NULL	0
416	4	2	1	170803	084759.50	108.53924890	34.22507812	46.25	0.0350	-0.0370	-1.0410	3.28	NULL	NULL	0
417	4	2	1	170803	084759.60	108.53924097	34.22507553	46.25	-0.0280	-0.0490	-1.0780	4.21	NULL	NULL	0
418	4	2	1	170803	084759.70	108.53923301	34.22507306	46.25	-0.0030	-0.0430	-1.0030	4.21	NULL	NULL	0
419	4	2	1	170803	084759.80	108.53922537	34.22507119	46.25	-0.0000	-0.0130	-0.9890	4.21	NULL	NULL	0
420	4	2	1	170803	084759.90	108.53921743	34.22506869	46.25	0.0500	0.0110	-0.9750	4.21	NULL	NULL	0
421	4	2	1	170803	084800.00	108.53920945	34.22506618	46.25	0.0780	-0.0180	-0.9740	4.44	NULL	NULL	0
422	4	2	1	170803	084800.10	108.53920146	34.22506373	46.25	0.0030	0.0450	-0.9310	4.44	NULL	NULL	0
423	4	2	1	170803	084800.20	108.53919318	34.22506064	46.25	0.0200	-0.0040	-0.9820	4.67	NULL	NULL	0
424	4	2	1	170803	084800.30	108.53918518	34.22505824	46.25	0.0180	-0.0310	-1.0180	4.67	NULL	NULL	0
425	4	2	1	170803	084800.40	108.53917664	34.22505491	46.25	0.0030	-0.0210	-0.9720	4.67	NULL	NULL	0
426	4	2	1	170803	084800.50	108.53916857	34.22505251	46.25	0.0620	-0.0510	-0.9880	4.67	NULL	NULL	0
427	4	2	1	170803	084800.60	108.53916045	34.22505013	46.25	0.0070	0.0120	-1.0090	3.85	NULL	NULL	0
428	4	2	1	170803	084800.70	108.53915236	34.22504771	46.25	0.0570	-0.0530	-0.9990	3.85	NULL	NULL	0
429	4	2	1	170803	084800.80	108.53914418	34.22504520	46.25	0.0270	-0.0520	-0.9910	3.85	NULL	NULL	0
430	4	2	1	170803	084800.90	108.53913602	34.22504276	46.25	0.0950	-0.0150	-0.9630	4.59	NULL	NULL	0
431	4	2	1	170803	084801.00	108.53912778	34.22504036	46.25	0.0800	-0.0880	-1.0060	4.59	NULL	NULL	0
432	4	2	1	170803	084801.10	108.53911956	34.22503795	46.25	0.0640	-0.0270	-1.0370	4.59	NULL	NULL	0
433	4	2	1	170803	084801.20	108.53911131	34.22503553	48.10	0.0300	-0.0600	-1.0320	5.64	NULL	NULL	0
434	4	2	1	170803	084801.30	108.53910303	34.22503311	48.10	0.0140	-0.0390	-0.9310	5.64	NULL	NULL	0
435	4	2	1	170803	084801.40	108.53909478	34.22503069	48.10	-0.0550	-0.0830	-0.9600	5.64	NULL	NULL	0
436	4	2	1	170803	084801.50	108.53908658	34.22502824	46.25	-0.0820	-0.0530	-0.9890	6.01	NULL	NULL	0
437	4	2	1	170803	084801.60	108.53907826	34.22502611	46.25	-0.0320	-0.0540	-0.8910	6.01	NULL	NULL	0
438	4	2	1	170803	084801.70	108.53907007	34.22502368	46.25	-0.0030	-0.0050	-0.9990	6.01	NULL	NULL	0
439	4	2	1	170803	084801.80	108.53906202	34.22502111	46.25	0.0630	-0.0500	-1.0360	4.29	NULL	NULL	0
440	4	2	1	170803	084801.90	108.53905385	34.22501870	46.25	-0.0940	-0.0320	-1.0550	4.29	NULL	NULL	0
441	4	2	1	170803	084802.00	108.53904577	34.22501612	46.25	-0.0430	-0.0440	-1.0520	4.29	NULL	NULL	0
442	4	2	1	170803	084802.10	108.53903762	34.22501371	46.25	0.0040	-0.0770	-0.9710	2.66	NULL	NULL	0
443	4	2	1	170803	084802.20	108.53902955	34.22501125	46.25	-0.0440	-0.0500	-0.9040	2.66	NULL	NULL	0
444	4	2	1	170803	084802.30	108.53902145	34.22500884	46.25	0.0150	0.0510	-0.9650	2.66	NULL	NULL	0
445	4	2	1	170803	084802.40	108.53901342	34.22500642	46.25	-0.0320	-0.0480	-1.0070	2.52	NULL	NULL	0
446	4	2	1	170803	084802.50	108.53900541	34.22500401	46.25	-0.0690	-0.0590	-0.9740	2.52	NULL	NULL	0
447	4	2	1	170803	084802.60	108.53899744	34.22500161	46.25	-0.0460	-0.1180	-1.0310	2.52	NULL	NULL	0
448	4	2	1	170803	084802.70	108.53898946	34.22499919	46.25	-0.0300	-0.0670	-1.0140	2.38	NULL	NULL	0
449	4	2	1	170803	084802.80	108.53898152	34.22499679	46.25	-0.0020	-0.0560	-0.9580	2.38	NULL	NULL	0
450	4	2	1	170803	084802.90	108.53897360	34.22499438	46.25	0.0390	0.0290	-0.9960	2.38	NULL	NULL	0
451	4	2	1	170803	084803.00	108.53896568	34.22499203	46.25	-0.0600	0.0200	-1.0070	2.15	NULL	NULL	0
452	4	2	1	170803	084803.10	108.53895777	34.22498968	46.25	-0.0450	0.0390	-0.9910	2.15	NULL	NULL	0
453	4	2	1	170803	084803.20	108.53894987	34.22498736	44.40	-0.0320	-0.0230	-0.9440	2.15	NULL	NULL	0
454	4	2	1	170803	084803.30	108.53894206	34.22498501	44.40	-0.0700	0.0320	-0.9700	2.20	NULL	NULL	0
455	4	2	1	170803	084803.40	108.53893423	34.22498270	44.40	-0.1510	-0.0170	-1.0510	2.20	NULL	NULL	0
456	4	2	1	170803	084803.50	108.53892648	34.22498043	44.40	0.0790	0.0110	-0.9990	2.20	NULL	NULL	0
457	4	2	1	170803	084803.60	108.53891875	34.22497817	44.40	0.0040	0.0160	-1.0260	2.12	NULL	NULL	0
458	4	2	1	170803	084803.70	108.53891109	34.22497590	44.40	-0.1420	-0.0010	-1.0110	2.12	NULL	NULL	0
459	4	2	1	170803	084803.80	108.53890348	34.22497370	42.55	-0.0400	-0.0390	-1.0290	2.12	NULL	NULL	0
460	4	2	1	170803	084803.90	108.53889591	34.22497148	42.55	-0.1390	-0.0150	-1.0130	2.12	NULL	NULL	0
461	4	2	1	170803	084804.00	108.53888838	34.22496926	42.55	-0.0050	-0.1110	-1.0040	0.00	NULL	NULL	0
462	4	2	1	170803	084804.10	108.53888088	34.22496705	42.55	-0.0790	-0.0420	-0.9780	0.00	NULL	NULL	0
463	4	2	1	170803	084804.20	108.53887340	34.22496488	42.55	-0.0750	0.0580	-0.9420	0.00	NULL	NULL	0
464	4	2	1	170803	084804.30	108.53886598	34.22496269	42.55	-0.0430	-0.0100	-0.9850	0.00	NULL	NULL	0
465	4	2	1	170803	084804.40	108.53885839	34.22496035	42.55	-0.0610	-0.0500	-0.9520	0.00	NULL	NULL	0
466	4	2	1	170803	084804.50	108.53885105	34.22495815	42.55	0.0000	-0.0350	-1.0530	0.00	NULL	NULL	0
467	4	2	1	170803	084804.60	108.53884370	34.22495592	42.55	-0.0420	-0.1230	-1.0200	0.00	NULL	NULL	0
468	4	2	1	170803	084804.70	108.53883637	34.22495372	42.55	0.0100	-0.0740	-0.9830	0.00	NULL	NULL	0
469	4	2	1	170803	084804.80	108.53882908	34.22495153	42.55	0.0480	0.0090	-0.9540	0.00	NULL	NULL	0
470	4	2	1	170803	084804.90	108.53882179	34.22494930	42.55	0.1490	-0.0440	-0.9990	0.00	NULL	NULL	0
471	4	2	1	170803	084805.00	108.53881447	34.22494711	42.55	0.0590	-0.0210	-1.0490	0.00	NULL	NULL	0
472	4	2	1	170803	084805.10	108.53880713	34.22494486	42.55	0.1500	-0.0490	-1.0270	0.00	NULL	NULL	0
473	4	2	1	170803	084805.20	108.53879976	34.22494262	42.55	0.1260	-0.0520	-1.0420	2.19	NULL	NULL	0
474	4	2	1	170803	084805.30	108.53879234	34.22494033	42.55	-0.0780	0.0700	-0.9460	2.19	NULL	NULL	0
475	4	2	1	170803	084805.40	108.53878492	34.22493807	42.55	-0.0540	0.0270	-0.8990	2.19	NULL	NULL	0
476	4	2	1	170803	084805.50	108.53877752	34.22493578	42.55	0.0220	-0.0110	-0.9520	5.22	NULL	NULL	0
477	4	2	1	170803	084805.60	108.53877012	34.22493359	42.55	0.0590	-0.0360	-1.0040	5.22	NULL	NULL	0
478	4	2	1	170803	084805.70	108.53876266	34.22493132	42.55	0.0300	-0.0350	-1.1240	5.22	NULL	NULL	0
479	4	2	1	170803	084805.80	108.53875517	34.22492913	42.55	0.0480	-0.0160	-1.0780	5.85	NULL	NULL	0
480	4	2	1	170803	084805.90	108.53874762	34.22492682	42.55	0.0170	-0.0210	-1.0210	5.85	NULL	NULL	0
481	4	2	1	170803	084806.00	108.53874007	34.22492453	42.55	0.0230	-0.0080	-0.9220	5.85	NULL	NULL	0
482	4	2	1	170803	084806.10	108.53873253	34.22492223	42.55	-0.0380	0.0430	-0.8780	5.20	NULL	NULL	0
483	4	2	1	170803	084806.20	108.53872511	34.22491985	42.55	-0.0480	0.0410	-0.9790	5.20	NULL	NULL	0
484	4	2	1	170803	084806.30	108.53871756	34.22491756	42.55	0.0140	-0.0440	-1.0040	5.20	NULL	NULL	0
485	4	2	1	170803	084806.40	108.53870998	34.22491530	44.40	-0.0030	0.1120	-1.0580	4.34	NULL	NULL	0
486	4	2	1	170803	084806.50	108.53870237	34.22491303	44.40	0.1040	-0.0780	-1.0080	4.34	NULL	NULL	0
487	4	2	1	170803	084806.60	108.53869481	34.22491077	44.40	-0.0530	0.0400	-1.0710	4.34	NULL	NULL	0
488	4	2	1	170803	084806.70	108.53868720	34.22490849	44.40	0.0100	-0.0250	-0.9900	4.09	NULL	NULL	0
489	4	2	1	170803	084806.80	108.53867958	34.22490621	44.40	0.0110	-0.0700	-1.0440	4.09	NULL	NULL	0
490	4	2	1	170803	084806.90	108.53867203	34.22490392	42.55	-0.0260	-0.0220	-1.0310	4.09	NULL	NULL	0
491	4	2	1	170803	084807.00	108.53866444	34.22490166	44.40	0.0030	0.0390	-1.0260	4.26	NULL	NULL	0
492	4	2	1	170803	084807.10	108.53865678	34.22489937	44.40	0.0090	-0.0260	-1.0190	4.26	NULL	NULL	0
493	4	2	1	170803	084807.20	108.53864921	34.22489710	44.40	-0.0470	0.0580	-0.9050	4.26	NULL	NULL	0
494	4	2	1	170803	084807.30	108.53864165	34.22489483	42.55	0.0010	0.0090	-0.9730	2.63	NULL	NULL	0
495	4	2	1	170803	084807.40	108.53863406	34.22489256	44.40	-0.0390	-0.0160	-1.0090	2.63	NULL	NULL	0
496	4	2	1	170803	084807.50	108.53862651	34.22489034	42.55	-0.0000	-0.0290	-0.9720	2.63	NULL	NULL	0
497	4	2	1	170803	084807.60	108.53861885	34.22488822	42.55	-0.0750	0.0000	-1.0700	2.43	NULL	NULL	0
498	4	2	1	170803	084807.70	108.53861133	34.22488600	42.55	0.0250	0.0340	-1.0290	2.43	NULL	NULL	0
499	4	2	1	170803	084807.80	108.53860376	34.22488380	42.55	-0.0190	0.0060	-1.0850	2.43	NULL	NULL	0
500	4	2	1	170803	084807.90	108.53859621	34.22488154	42.55	0.1020	0.0170	-1.0170	2.43	NULL	NULL	0
501	4	2	1	170803	084808.00	108.53858792	34.22488011	42.55	0.1230	0.0080	-0.9740	2.20	NULL	NULL	0
502	4	2	1	170803	084808.10	108.53858033	34.22487792	42.55	-0.0790	0.0030	-0.9480	2.20	NULL	NULL	0
503	4	2	1	170803	084808.20	108.53857284	34.22487575	42.55	0.0530	-0.0450	-0.9890	2.21	NULL	NULL	0
504	4	2	1	170803	084808.30	108.53856520	34.22487351	44.40	0.0640	-0.0330	-1.0160	2.21	NULL	NULL	0
505	4	2	1	170803	084808.40	108.53855785	34.22487076	44.40	0.0640	0.0400	-1.0320	2.21	NULL	NULL	0
506	4	2	1	170803	084808.50	108.53855004	34.22486863	44.40	0.0610	0.0350	-0.9620	2.21	NULL	NULL	0
507	4	2	1	170803	084808.60	108.53854274	34.22486613	44.40	0.1340	-0.0340	-0.9590	3.80	NULL	NULL	0
508	4	2	1	170803	084808.70	108.53853497	34.22486395	44.40	0.0910	0.0670	-0.9870	3.80	NULL	NULL	0
509	4	2	1	170803	084808.80	108.53852720	34.22486171	44.40	0.1060	-0.0030	-1.0050	3.80	NULL	NULL	0
510	4	2	1	170803	084808.90	108.53851922	34.22485952	46.25	0.1050	0.0800	-0.8970	6.09	NULL	NULL	0
511	4	2	1	170803	084809.00	108.53851114	34.22485763	44.40	0.0480	-0.0140	-0.8750	6.09	NULL	NULL	0
512	4	2	1	170803	084809.10	108.53850317	34.22485542	46.25	0.1200	0.1230	-0.9790	6.09	NULL	NULL	0
513	4	2	1	170803	084809.20	108.53849514	34.22485328	46.25	0.1410	0.1640	-0.9720	6.77	NULL	NULL	0
514	4	2	1	170803	084809.30	108.53848706	34.22485111	46.25	0.1360	0.0500	-1.0090	6.77	NULL	NULL	0
515	4	2	1	170803	084809.40	108.53847886	34.22484900	46.25	0.0450	0.0770	-1.0650	6.77	NULL	NULL	0
516	4	2	1	170803	084809.50	108.53847069	34.22484682	46.25	-0.0130	-0.0040	-1.0320	7.39	NULL	NULL	0
517	4	2	1	170803	084809.60	108.53846261	34.22484438	46.25	-0.0830	-0.0240	-1.1240	7.39	NULL	NULL	0
518	4	2	1	170803	084809.70	108.53845432	34.22484220	46.25	0.0460	-0.0180	-1.0910	7.39	NULL	NULL	0
519	4	2	1	170803	084809.80	108.53844608	34.22483982	48.10	0.1330	-0.0310	-1.0170	8.45	NULL	NULL	0
520	4	2	1	170803	084809.90	108.53843775	34.22483766	46.25	0.1120	0.0420	-0.9880	8.45	NULL	NULL	0
521	4	2	1	170803	084810.00	108.53842939	34.22483547	48.10	0.0150	0.0160	-0.9230	8.45	NULL	NULL	0
522	4	2	1	170803	084810.10	108.53842103	34.22483333	48.10	-0.0320	0.0020	-0.9710	8.34	NULL	NULL	0
523	4	2	1	170803	084810.20	108.53841249	34.22483156	46.25	0.0620	-0.0400	-1.0070	8.34	NULL	NULL	0
524	4	2	1	170803	084810.30	108.53840421	34.22482936	46.25	0.0550	-0.0630	-1.0540	8.34	NULL	NULL	0
525	4	2	1	170803	084810.40	108.53839597	34.22482709	48.10	-0.0330	-0.0070	-1.0150	4.38	NULL	NULL	0
526	4	2	1	170803	084810.50	108.53838758	34.22482498	48.10	-0.1050	0.0070	-1.0100	4.38	NULL	NULL	0
527	4	2	1	170803	084810.60	108.53837943	34.22482262	46.25	-0.0330	0.0190	-0.9650	4.38	NULL	NULL	0
528	4	2	1	170803	084810.70	108.53837106	34.22482056	46.25	0.1120	-0.0490	-0.9980	3.21	NULL	NULL	0
529	4	2	1	170803	084810.80	108.53836249	34.22481868	46.25	0.2850	-0.1400	-1.0560	3.21	NULL	NULL	0
530	4	2	1	170803	084810.90	108.53835429	34.22481656	46.25	-0.0930	0.0020	-0.9560	3.21	NULL	NULL	0
531	4	2	1	170803	084811.00	108.53834598	34.22481434	46.25	-0.2090	-0.0390	-0.7540	2.67	NULL	NULL	0
532	4	2	1	170803	084811.10	108.53833783	34.22481222	46.25	0.1440	-0.1150	-1.1680	2.67	NULL	NULL	0
533	4	2	1	170803	084811.20	108.53832959	34.22481021	46.25	0.0030	-0.0320	-1.0570	2.67	NULL	NULL	0
534	4	2	1	170803	084811.30	108.53832146	34.22480813	46.25	-0.1090	-0.0090	-1.0390	2.44	NULL	NULL	0
535	4	2	1	170803	084811.40	108.53831380	34.22480576	46.25	-0.0620	-0.0100	-1.0420	2.44	NULL	NULL	0
536	4	2	1	170803	084811.50	108.53830577	34.22480369	46.25	0.0020	-0.0050	-1.0220	2.44	NULL	NULL	0
537	4	2	1	170803	084811.60	108.53829769	34.22480186	46.25	0.0030	0.0390	-0.9950	2.27	NULL	NULL	0
538	4	2	1	170803	084811.70	108.53828973	34.22479976	44.40	-0.0530	0.0190	-0.9760	2.27	NULL	NULL	0
539	4	2	1	170803	084811.80	108.53828152	34.22479784	44.40	-0.1940	0.0350	-0.9620	2.27	NULL	NULL	0
540	4	2	1	170803	084811.90	108.53827366	34.22479578	44.40	-0.1310	-0.0310	-0.9640	2.27	NULL	NULL	0
541	4	2	1	170803	084812.00	108.53826592	34.22479355	44.40	-0.0940	-0.0010	-1.0650	2.21	NULL	NULL	0
542	4	2	1	170803	084812.10	108.53825810	34.22479152	44.40	0.0160	0.0630	-1.0620	2.21	NULL	NULL	0
543	4	2	1	170803	084812.20	108.53825075	34.22478945	44.40	-0.0390	0.0470	-1.0010	2.22	NULL	NULL	0
544	4	2	1	170803	084812.30	108.53824300	34.22478741	44.40	-0.0470	-0.0370	-0.9550	2.22	NULL	NULL	0
545	4	2	1	170803	084812.40	108.53823506	34.22478548	44.40	-0.1270	-0.0640	-0.9440	2.22	NULL	NULL	0
546	4	2	1	170803	084812.50	108.53822737	34.22478353	42.55	0.1290	-0.0000	-1.0760	2.22	NULL	NULL	0
547	4	2	1	170803	084812.60	108.53822011	34.22478111	42.55	0.0940	0.0840	-1.1060	2.07	NULL	NULL	0
548	4	2	1	170803	084812.70	108.53821244	34.22477911	42.55	0.1240	0.0700	-0.6820	2.07	NULL	NULL	0
549	4	2	1	170803	084812.80	108.53820478	34.22477711	42.55	0.0470	-0.0900	-1.0590	2.07	NULL	NULL	0
550	4	2	1	170803	084812.90	108.53819715	34.22477506	42.55	-0.0100	-0.0380	-0.9450	0.00	NULL	NULL	0
551	4	2	1	170803	084813.00	108.53818948	34.22477331	42.55	0.0580	-0.0050	-1.0480	0.00	NULL	NULL	0
552	4	2	1	170803	084813.10	108.53818185	34.22477128	42.55	-0.0720	-0.0070	-1.0290	0.00	NULL	NULL	0
553	4	2	1	170803	084813.20	108.53817421	34.22476959	42.55	-0.0040	0.0110	-0.9910	2.17	NULL	NULL	0
554	4	2	1	170803	084813.30	108.53816647	34.22476756	44.40	0.1620	-0.0000	-1.0130	2.17	NULL	NULL	0
555	4	2	1	170803	084813.40	108.53815873	34.22476480	44.40	0.0910	-0.0090	-1.0080	2.17	NULL	NULL	0
556	4	2	1	170803	084813.50	108.53815098	34.22476275	44.40	0.0440	0.0680	-0.9540	3.04	NULL	NULL	0
557	4	2	1	170803	084813.60	108.53814322	34.22476111	44.40	-0.0110	-0.0030	-1.0220	3.04	NULL	NULL	0
558	4	2	1	170803	084813.70	108.53813544	34.22475906	44.40	-0.0190	0.0080	-1.0490	3.04	NULL	NULL	0
559	4	2	1	170803	084813.80	108.53812759	34.22475665	44.40	0.0310	0.0140	-0.9990	6.30	NULL	NULL	0
560	4	2	1	170803	084813.90	108.53811981	34.22475459	44.40	0.0970	-0.0660	-0.9900	6.30	NULL	NULL	0
561	4	2	1	170803	084814.00	108.53811170	34.22475262	44.40	-0.0180	-0.0080	-0.9830	6.30	NULL	NULL	0
562	4	2	1	170803	084814.10	108.53810392	34.22475055	44.40	0.0110	0.0270	-0.9980	5.03	NULL	NULL	0
563	4	2	1	170803	084814.20	108.53809603	34.22474884	44.40	-0.0140	-0.0490	-0.9820	5.03	NULL	NULL	0
564	4	2	1	170803	084814.30	108.53808824	34.22474678	44.40	-0.0710	0.0480	-0.9410	5.03	NULL	NULL	0
565	4	2	1	170803	084814.40	108.53808054	34.22474453	44.40	0.0240	-0.0350	-0.9560	3.41	NULL	NULL	0
566	4	2	1	170803	084814.50	108.53807284	34.22474247	44.40	-0.0120	-0.0170	-1.0320	3.41	NULL	NULL	0
567	4	2	1	170803	084814.60	108.53806516	34.22474033	44.40	-0.0200	0.0040	-1.0560	3.41	NULL	NULL	0
568	4	2	1	170803	084814.70	108.53805748	34.22473828	44.40	-0.0430	-0.0420	-1.0510	2.84	NULL	NULL	0
569	4	2	1	170803	084814.80	108.53804983	34.22473615	44.40	-0.0570	-0.0110	-1.0530	2.84	NULL	NULL	0
570	4	2	1	170803	084814.90	108.53804218	34.22473410	42.55	-0.0330	0.0100	-1.0110	2.84	NULL	NULL	0
571	4	2	1	170803	084815.00	108.53803454	34.22473206	42.55	-0.0430	0.0230	-0.9580	2.60	NULL	NULL	0
572	4	2	1	170803	084815.10	108.53802694	34.22473004	42.55	-0.0580	0.0400	-0.9910	2.60	NULL	NULL	0
573	4	2	1	170803	084815.20	108.53801940	34.22472800	42.55	-0.0530	-0.0120	-1.0020	2.60	NULL	NULL	0
574	4	2	1	170803	084815.30	108.53801186	34.22472598	42.55	-0.0650	0.0060	-1.0600	2.37	NULL	NULL	0
575	4	2	1	170803	084815.40	108.53800415	34.22472439	42.55	0.0710	-0.0200	-0.9740	2.37	NULL	NULL	0
576	4	2	1	170803	084815.50	108.53799663	34.22472239	42.55	0.0770	-0.0250	-1.0210	2.37	NULL	NULL	0
577	4	2	1	170803	084815.60	108.53798912	34.22472038	42.55	0.0060	-0.0250	-1.0230	2.00	NULL	NULL	0
578	4	2	1	170803	084815.70	108.53798161	34.22471840	42.55	-0.0180	-0.0120	-0.9820	2.00	NULL	NULL	0
579	4	2	1	170803	084815.80	108.53797422	34.22471628	42.55	-0.0430	-0.0170	-1.0060	2.00	NULL	NULL	0
580	4	2	1	170803	084815.90	108.53796677	34.22471434	42.55	-0.0420	0.0620	-0.9690	2.00	NULL	NULL	0
581	4	2	1	170803	084816.00	108.53795931	34.22471239	42.55	0.0720	0.0310	-1.0040	2.13	NULL	NULL	0
582	4	2	1	170803	084816.10	108.53795185	34.22471047	42.55	0.0370	0.0020	-0.9650	2.13	NULL	NULL	0
583	4	2	1	170803	084816.20	108.53794438	34.22470855	42.55	0.0120	0.1070	-0.9930	2.04	NULL	NULL	0
584	4	2	1	170803	084816.30	108.53793693	34.22470663	42.55	0.1210	0.0420	-0.8930	2.04	NULL	NULL	0
585	4	2	1	170803	084816.40	108.53792944	34.22470477	42.55	0.1240	0.0640	-1.0170	2.04	NULL	NULL	0
586	4	2	1	170803	084816.50	108.53792195	34.22470287	42.55	0.0910	0.0190	-0.9490	2.04	NULL	NULL	0
587	4	2	1	170803	084816.60	108.53791442	34.22470096	42.55	0.0220	-0.0930	-1.0180	1.97	NULL	NULL	0
588	4	2	1	170803	084816.70	108.53790687	34.22469902	42.55	0.0380	-0.1170	-0.9900	1.97	NULL	NULL	0
589	4	2	1	170803	084816.80	108.53789934	34.22469694	42.55	0.0310	0.0250	-1.0290	1.97	NULL	NULL	0
590	4	2	1	170803	084816.90	108.53789168	34.22469499	42.55	0.0840	-0.0810	-0.9520	3.61	NULL	NULL	0
591	4	2	1	170803	084817.00	108.53788401	34.22469298	42.55	0.0920	-0.0200	-0.9810	3.61	NULL	NULL	0
592	4	2	1	170803	084817.10	108.53787630	34.22469101	44.40	0.0930	-0.0490	-0.9720	3.61	NULL	NULL	0
593	4	2	1	170803	084817.20	108.53786858	34.22468891	44.40	-0.0130	-0.0180	-0.9760	6.51	NULL	NULL	0
594	4	2	1	170803	084817.30	108.53786081	34.22468690	44.40	0.0160	-0.0610	-1.0030	6.51	NULL	NULL	0
595	4	2	1	170803	084817.40	108.53785303	34.22468487	44.40	-0.0240	-0.0160	-0.9860	6.51	NULL	NULL	0
596	4	2	1	170803	084817.50	108.53784522	34.22468284	44.40	0.0610	0.0010	-1.0870	6.81	NULL	NULL	0
597	4	2	1	170803	084817.60	108.53783736	34.22468080	44.40	-0.0090	0.0380	-1.0340	6.81	NULL	NULL	0
598	4	2	1	170803	084817.70	108.53782949	34.22467877	44.40	-0.0210	-0.0050	-1.0020	6.81	NULL	NULL	0
599	4	2	1	170803	084817.80	108.53782164	34.22467669	44.40	0.0090	-0.0550	-0.9960	6.44	NULL	NULL	0
600	4	2	1	170803	084817.90	108.53781371	34.22467464	44.40	-0.0870	0.0090	-1.0820	6.44	NULL	NULL	0
601	4	2	1	170803	084818.00	108.53780580	34.22467258	44.40	-0.0010	0.0250	-1.0040	6.44	NULL	NULL	0
602	4	2	1	170803	084818.10	108.53779784	34.22467051	44.40	-0.0220	-0.0370	-1.0070	4.81	NULL	NULL	0
603	4	2	1	170803	084818.20	108.53778984	34.22466854	44.40	0.0490	-0.0540	-0.9690	4.81	NULL	NULL	0
604	4	2	1	170803	084818.30	108.53778186	34.22466645	44.40	0.0920	0.0040	-0.9810	4.81	NULL	NULL	0
605	4	2	1	170803	084818.40	108.53777386	34.22466432	46.25	0.0830	-0.0490	-1.0130	4.63	NULL	NULL	0
606	4	2	1	170803	084818.50	108.53776579	34.22466221	46.25	-0.0280	0.0400	-1.0700	4.63	NULL	NULL	0
607	4	2	1	170803	084818.60	108.53775769	34.22466014	46.25	0.1230	-0.0190	-0.9640	4.63	NULL	NULL	0
608	4	2	1	170803	084818.70	108.53774955	34.22465801	46.25	0.0490	0.0380	-1.0230	4.65	NULL	NULL	0
609	4	2	1	170803	084818.80	108.53774138	34.22465590	46.25	0.1030	-0.0410	-0.9230	4.65	NULL	NULL	0
610	4	2	1	170803	084818.90	108.53773316	34.22465375	46.25	0.0160	0.0500	-0.9060	4.65	NULL	NULL	0
611	4	2	1	170803	084819.00	108.53772524	34.22465150	46.25	0.0280	-0.0580	-0.9640	6.24	NULL	NULL	0
612	4	2	1	170803	084819.10	108.53771704	34.22464939	46.25	0.1050	0.0330	-1.0320	6.24	NULL	NULL	0
613	4	2	1	170803	084819.20	108.53770877	34.22464726	46.25	0.0520	-0.0600	-1.0760	6.24	NULL	NULL	0
614	4	2	1	170803	084819.30	108.53770048	34.22464512	46.25	0.0600	-0.0100	-1.0190	6.67	NULL	NULL	0
615	4	2	1	170803	084819.40	108.53769218	34.22464300	46.25	-0.0210	0.0670	-0.9760	6.67	NULL	NULL	0
616	4	2	1	170803	084819.50	108.53768390	34.22464087	46.25	-0.0530	0.0390	-1.0180	6.67	NULL	NULL	0
617	4	2	1	170803	084819.60	108.53767560	34.22463874	46.25	-0.0670	0.0010	-1.0480	4.78	NULL	NULL	0
618	4	2	1	170803	084819.70	108.53766732	34.22463663	46.25	-0.0710	0.0080	-1.0250	4.78	NULL	NULL	0
619	4	2	1	170803	084819.80	108.53765905	34.22463447	46.25	-0.0780	-0.0390	-0.9180	4.78	NULL	NULL	0
620	4	2	1	170803	084819.90	108.53765078	34.22463239	46.25	0.0580	0.0060	-0.9290	4.78	NULL	NULL	0
621	4	2	1	170803	084820.00	108.53764257	34.22463028	46.25	-0.1310	0.0060	-1.0250	3.99	NULL	NULL	0
622	4	2	1	170803	084820.10	108.53763435	34.22462823	46.25	0.1230	0.0280	-0.9690	3.99	NULL	NULL	0
623	4	2	1	170803	084820.20	108.53762615	34.22462614	46.25	0.0100	-0.0120	-0.9960	2.75	NULL	NULL	0
624	4	2	1	170803	084820.30	108.53761798	34.22462407	46.25	-0.0220	0.0810	-1.0570	2.75	NULL	NULL	0
625	4	2	1	170803	084820.40	108.53760983	34.22462202	46.25	-0.0240	0.0150	-0.9860	2.75	NULL	NULL	0
626	4	2	1	170803	084820.50	108.53760169	34.22461998	46.25	-0.0700	0.0340	-0.9780	2.75	NULL	NULL	0
627	4	2	1	170803	084820.60	108.53759361	34.22461796	46.25	-0.0750	0.0450	-1.0280	2.44	NULL	NULL	0
628	4	2	1	170803	084820.70	108.53758553	34.22461596	46.25	-0.0100	-0.0630	-1.0010	2.44	NULL	NULL	0
629	4	2	1	170803	084820.80	108.53757751	34.22461396	44.40	-0.0470	0.0140	-0.9890	2.44	NULL	NULL	0
630	4	2	1	170803	084820.90	108.53756954	34.22461197	44.40	-0.0630	0.0270	-0.9220	2.29	NULL	NULL	0
631	4	2	1	170803	084821.00	108.53756160	34.22460999	44.40	-0.0010	-0.0230	-0.9380	2.29	NULL	NULL	0
632	4	2	1	170803	084821.10	108.53755370	34.22460801	44.40	-0.0630	-0.0140	-0.9800	2.29	NULL	NULL	0
633	4	2	1	170803	084821.20	108.53754588	34.22460604	44.40	-0.0550	-0.0610	-1.0200	2.05	NULL	NULL	0
634	4	2	1	170803	084821.30	108.53753809	34.22460406	44.40	-0.0430	-0.0220	-1.0020	2.05	NULL	NULL	0
635	4	2	1	170803	084821.40	108.53753032	34.22460209	44.40	-0.0820	0.0770	-1.0120	2.05	NULL	NULL	0
636	4	2	1	170803	084821.50	108.53752259	34.22460013	44.40	-0.1910	0.0050	-1.0400	2.16	NULL	NULL	0
637	4	2	1	170803	084821.60	108.53751489	34.22459777	42.55	-0.1640	-0.0430	-0.9900	2.16	NULL	NULL	0
638	4	2	1	170803	084821.70	108.53750731	34.22459582	42.55	-0.1200	-0.0120	-1.0170	2.16	NULL	NULL	0
639	4	2	1	170803	084821.80	108.53749976	34.22459390	42.55	-0.0990	0.0170	-0.9590	2.07	NULL	NULL	0
640	4	2	1	170803	084821.90	108.53749231	34.22459191	42.55	-0.0320	-0.0360	-1.0150	2.07	NULL	NULL	0
641	4	2	1	170803	084822.00	108.53748485	34.22458996	42.55	-0.1010	-0.0130	-1.0330	2.07	NULL	NULL	0
642	4	2	1	170803	084822.10	108.53747743	34.22458804	42.55	-0.0350	-0.0280	-0.9960	0.00	NULL	NULL	0
643	4	2	1	170803	084822.20	108.53747007	34.22458608	42.55	-0.0560	0.0110	-1.0260	0.00	NULL	NULL	0
644	4	2	1	170803	084822.30	108.53746274	34.22458415	40.70	-0.0150	-0.0140	-0.9940	0.00	NULL	NULL	0
645	4	2	1	170803	084822.40	108.53745543	34.22458216	40.70	-0.0440	-0.0190	-1.0060	0.00	NULL	NULL	0
646	4	2	1	170803	084822.50	108.53744809	34.22458022	40.70	0.0240	-0.0400	-1.0550	0.00	NULL	NULL	0
647	4	2	1	170803	084822.60	108.53744079	34.22457824	40.70	0.0320	-0.0110	-0.9630	0.00	NULL	NULL	0
648	4	2	1	170803	084822.70	108.53743349	34.22457627	40.70	0.0740	0.0350	-0.9180	0.00	NULL	NULL	0
649	4	2	1	170803	084822.80	108.53742615	34.22457431	40.70	0.0820	-0.0250	-1.0040	0.00	NULL	NULL	0
650	4	2	1	170803	084822.90	108.53741880	34.22457236	40.70	0.1990	0.0020	-0.9350	0.00	NULL	NULL	0
651	4	2	1	170803	084823.00	108.53741145	34.22457039	42.55	0.1850	-0.0190	-0.9790	2.38	NULL	NULL	0
652	4	2	1	170803	084823.10	108.53740404	34.22456847	42.55	-0.0200	-0.0230	-1.0380	2.38	NULL	NULL	0
653	4	2	1	170803	084823.20	108.53739658	34.22456653	42.55	0.0950	-0.0050	-1.0070	2.38	NULL	NULL	0
654	4	2	1	170803	084823.30	108.53738908	34.22456456	42.55	0.0270	0.0620	-0.9980	4.38	NULL	NULL	0
655	4	2	1	170803	084823.40	108.53738154	34.22456263	42.55	0.0550	0.0020	-0.9130	4.38	NULL	NULL	0
656	4	2	1	170803	084823.50	108.53737395	34.22456070	42.55	0.1480	0.0190	-0.9450	4.38	NULL	NULL	0
657	4	2	1	170803	084823.60	108.53736632	34.22455871	42.55	0.0920	-0.0230	-1.0220	6.03	NULL	NULL	0
658	4	2	1	170803	084823.70	108.53735863	34.22455677	42.55	0.0770	0.0210	-0.9460	6.03	NULL	NULL	0
659	4	2	1	170803	084823.80	108.53735088	34.22455482	44.40	0.0690	-0.0140	-1.0350	6.03	NULL	NULL	0
660	4	2	1	170803	084823.90	108.53734305	34.22455284	44.40	0.1390	0.0380	-1.0430	6.03	NULL	NULL	0
661	4	2	1	170803	084824.00	108.53733518	34.22455085	44.40	-0.0030	0.0130	-0.9920	7.72	NULL	NULL	0
662	4	2	1	170803	084824.10	108.53732725	34.22454883	44.40	0.0850	-0.0060	-0.9640	7.72	NULL	NULL	0
663	4	2	1	170803	084824.20	108.53731933	34.22454685	44.40	0.0810	0.0420	-0.9670	8.20	NULL	NULL	0
664	4	2	1	170803	084824.30	108.53731138	34.22454487	44.40	0.0100	0.0190	-0.9910	8.20	NULL	NULL	0
665	4	2	1	170803	084824.40	108.53730341	34.22454287	44.40	0.0540	-0.0210	-1.0270	8.20	NULL	NULL	0
666	4	2	1	170803	084824.50	108.53729545	34.22454087	44.40	0.0390	0.0170	-0.9980	8.20	NULL	NULL	0
667	4	2	1	170803	084824.60	108.53728748	34.22453888	44.40	0.0240	-0.0740	-0.9890	7.38	NULL	NULL	0
668	4	2	1	170803	084824.70	108.53727950	34.22453690	44.40	-0.0440	-0.0030	-1.0910	7.38	NULL	NULL	0
669	4	2	1	170803	084824.80	108.53727148	34.22453487	44.40	-0.0010	-0.0090	-0.9350	7.38	NULL	NULL	0
670	4	2	1	170803	084824.90	108.53726349	34.22453286	44.40	-0.0480	0.0090	-0.9530	3.86	NULL	NULL	0
671	4	2	1	170803	084825.00	108.53725556	34.22453087	44.40	0.0240	0.0510	-0.9330	3.86	NULL	NULL	0
672	4	2	1	170803	084825.10	108.53724768	34.22452890	44.40	-0.1350	-0.0310	-0.9910	3.86	NULL	NULL	0
673	4	2	1	170803	084825.20	108.53723979	34.22452693	44.40	-0.1550	-0.0560	-1.0850	2.71	NULL	NULL	0
674	4	2	1	170803	084825.30	108.53723193	34.22452494	44.40	0.1110	0.1270	-0.9860	2.71	NULL	NULL	0
675	4	2	1	170803	084825.40	108.53722402	34.22452298	44.40	0.0320	0.0150	-1.0460	2.71	NULL	NULL	0
676	4	2	1	170803	084825.50	108.53721616	34.22452102	44.40	0.0400	-0.0260	-0.9620	1.71	NULL	NULL	0
677	4	2	1	170803	084825.60	108.53720825	34.22451907	44.40	0.2670	0.0590	-0.8230	1.71	NULL	NULL	0
678	4	2	1	170803	084825.70	108.53720029	34.22451709	44.40	0.0580	0.0350	-0.8150	1.71	NULL	NULL	0
679	4	2	1	170803	084825.80	108.53719242	34.22451514	44.40	-0.0070	0.0060	0.0150	1.58	NULL	NULL	0
680	4	2	1	170803	084825.90	108.53718485	34.22451322	42.55	0.3610	-0.3400	-0.3930	1.58	NULL	NULL	0
681	4	2	1	170803	084826.00	108.53717700	34.22451160	42.55	0.1750	-0.0240	-1.4180	1.58	NULL	NULL	0
682	4	2	1	170803	084826.10	108.53716922	34.22450966	44.40	-0.1130	-0.0500	-1.3040	1.59	NULL	NULL	0
683	4	2	1	170803	084826.20	108.53716154	34.22450758	44.40	-0.0580	-0.0130	-1.0490	1.59	NULL	NULL	0
684	4	2	1	170803	084826.30	108.53715383	34.22450558	44.40	-0.0300	0.0130	-0.9270	1.59	NULL	NULL	0
685	4	2	1	170803	084826.40	108.53714616	34.22450357	44.40	-0.0680	-0.0340	-0.8700	1.64	NULL	NULL	0
686	4	2	1	170803	084826.50	108.53713851	34.22450161	42.55	-0.0560	-0.0200	-0.8980	1.64	NULL	NULL	0
687	4	2	1	170803	084826.60	108.53713107	34.22449942	42.55	-0.0080	0.0460	-0.9780	1.64	NULL	NULL	0
688	4	2	1	170803	084826.70	108.53712350	34.22449745	42.55	0.0390	-0.0280	-1.0070	1.43	NULL	NULL	0
689	4	2	1	170803	084826.80	108.53711592	34.22449552	42.55	-0.0170	0.0000	-1.1290	1.43	NULL	NULL	0
690	4	2	1	170803	084826.90	108.53710836	34.22449353	42.55	0.0210	0.0030	-0.9870	1.43	NULL	NULL	0
691	4	2	1	170803	084827.00	108.53710073	34.22449174	42.55	-0.0510	0.0140	-0.9890	1.40	NULL	NULL	0
692	4	2	1	170803	084827.10	108.53709319	34.22448976	42.55	-0.0160	0.0070	-0.9700	1.40	NULL	NULL	0
693	4	2	1	170803	084827.20	108.53708572	34.22448773	42.55	-0.0340	0.0050	-0.9400	1.40	NULL	NULL	0
694	4	2	1	170803	084827.30	108.53707823	34.22448575	42.55	0.1040	-0.0260	-0.9380	1.39	NULL	NULL	0
695	4	2	1	170803	084827.40	108.53707073	34.22448376	42.55	0.1190	0.0280	-1.0260	1.39	NULL	NULL	0
696	4	2	1	170803	084827.50	108.53706322	34.22448178	42.55	0.0820	0.0080	-1.0390	1.39	NULL	NULL	0
697	4	2	1	170803	084827.60	108.53705561	34.22447978	42.55	0.0730	0.0950	-0.9430	1.78	NULL	NULL	0
698	4	2	1	170803	084827.70	108.53704800	34.22447778	42.55	0.1270	-0.0020	-0.9500	1.78	NULL	NULL	0
699	4	2	1	170803	084827.80	108.53704040	34.22447579	42.55	0.0370	0.0340	-0.9790	1.78	NULL	NULL	0
700	4	2	1	170803	084827.90	108.53703275	34.22447380	42.55	0.1000	0.0680	-1.0340	1.78	NULL	NULL	0
701	4	2	1	170803	084828.00	108.53702504	34.22447183	44.40	0.0860	0.0010	-1.0520	2.84	NULL	NULL	0
702	4	2	1	170803	084828.10	108.53701728	34.22446984	44.40	0.0430	-0.0040	-1.0490	2.84	NULL	NULL	0
703	4	2	1	170803	084828.20	108.53700948	34.22446784	44.40	0.1510	0.0010	-1.0350	4.97	NULL	NULL	0
704	4	2	1	170803	084828.30	108.53700156	34.22446582	44.40	0.1180	0.0120	-0.9990	4.97	NULL	NULL	0
705	4	2	1	170803	084828.40	108.53699377	34.22446366	44.40	0.0890	0.0760	-0.9450	4.97	NULL	NULL	0
706	4	2	1	170803	084828.50	108.53698580	34.22446166	44.40	0.0920	0.0020	-0.9940	4.97	NULL	NULL	0
707	4	2	1	170803	084828.60	108.53697792	34.22445956	44.40	0.1570	0.0040	-1.0340	6.21	NULL	NULL	0
708	4	2	1	170803	084828.70	108.53696978	34.22445750	46.25	0.0210	0.0130	-1.0820	6.21	NULL	NULL	0
709	4	2	1	170803	084828.80	108.53696155	34.22445560	46.25	0.1040	-0.0030	-0.9300	6.21	NULL	NULL	0
710	4	2	1	170803	084828.90	108.53695362	34.22445348	44.40	0.1150	0.0010	-0.9670	8.23	NULL	NULL	0
711	4	2	1	170803	084829.00	108.53694541	34.22445138	46.25	0.1060	0.0130	-0.9320	8.23	NULL	NULL	0
712	4	2	1	170803	084829.10	108.53693716	34.22444925	46.25	0.0620	-0.0090	-0.9920	8.23	NULL	NULL	0
713	4	2	1	170803	084829.20	108.53692897	34.22444711	46.25	0.1100	-0.0120	-1.0400	8.30	NULL	NULL	0
714	4	2	1	170803	084829.30	108.53692060	34.22444497	48.10	0.1210	0.0200	-1.0490	8.30	NULL	NULL	0
715	4	2	1	170803	084829.40	108.53691208	34.22444290	48.10	-0.0280	-0.0200	-0.9760	8.30	NULL	NULL	0
716	4	2	1	170803	084829.50	108.53690359	34.22444081	48.10	0.0620	-0.0350	-0.9540	8.27	NULL	NULL	0
717	4	2	1	170803	084829.60	108.53689551	34.22443832	48.10	0.0670	-0.0130	-0.9760	8.27	NULL	NULL	0
718	4	2	1	170803	084829.70	108.53688710	34.22443623	48.10	0.0070	-0.0100	-0.9880	8.27	NULL	NULL	0
719	4	2	1	170803	084829.80	108.53687875	34.22443360	48.10	0.0110	-0.0110	-1.0270	4.59	NULL	NULL	0
720	4	2	1	170803	084829.90	108.53687039	34.22443153	46.25	-0.0210	0.0170	-1.0610	4.59	NULL	NULL	0
721	4	2	1	170803	084830.00	108.53686104	34.22443048	48.10	-0.0400	0.0130	-0.9390	4.59	NULL	NULL	0
722	4	2	1	170803	084830.10	108.53685265	34.22442828	48.10	-0.0730	-0.0060	-0.9990	3.80	NULL	NULL	0
723	4	2	1	170803	084830.20	108.53684435	34.22442751	48.10	-0.0730	0.0090	-1.0160	3.80	NULL	NULL	0
724	4	2	1	170803	084830.30	108.53683593	34.22442533	48.10	-0.0060	-0.0330	-1.0320	3.80	NULL	NULL	0
725	4	2	1	170803	084830.40	108.53682795	34.22442195	48.10	-0.0170	-0.0200	-1.0450	2.72	NULL	NULL	0
726	4	2	1	170803	084830.50	108.53681959	34.22441980	48.10	0.1360	-0.0270	-0.8550	2.72	NULL	NULL	0
727	4	2	1	170803	084830.60	108.53681122	34.22441681	48.10	0.0200	0.0200	-1.0470	2.72	NULL	NULL	0
728	4	2	1	170803	084830.70	108.53680288	34.22441466	46.25	-0.0590	-0.0600	-0.9650	1.69	NULL	NULL	0
729	4	2	1	170803	084830.80	108.53679477	34.22441264	46.25	-0.0640	-0.0480	-1.0640	1.69	NULL	NULL	0
730	4	2	1	170803	084830.90	108.53678649	34.22441047	46.25	-0.0920	-0.0430	-1.0650	1.69	NULL	NULL	0
731	4	2	1	170803	084831.00	108.53677812	34.22440811	46.25	-0.1720	0.0050	-1.0600	1.51	NULL	NULL	0
732	4	2	1	170803	084831.10	108.53676987	34.22440596	46.25	-0.0760	0.0120	-0.9820	1.51	NULL	NULL	0
733	4	2	1	170803	084831.20	108.53676169	34.22440400	46.25	0.0010	-0.0290	-0.9760	1.51	NULL	NULL	0
734	4	2	1	170803	084831.30	108.53675351	34.22440190	46.25	0.0600	0.0440	-1.0640	1.44	NULL	NULL	0
735	4	2	1	170803	084831.40	108.53674524	34.22439999	46.25	0.0210	0.0120	-1.0120	1.44	NULL	NULL	0
736	4	2	1	170803	084831.50	108.53673706	34.22439789	46.25	-0.0700	0.0340	-0.9540	1.44	NULL	NULL	0
737	4	2	1	170803	084831.60	108.53672891	34.22439597	46.25	0.0020	0.0160	-0.9760	1.52	NULL	NULL	0
738	4	2	1	170803	084831.70	108.53672077	34.22439389	46.25	-0.0910	0.0580	-0.9780	1.52	NULL	NULL	0
739	4	2	1	170803	084831.80	108.53671264	34.22439209	46.25	-0.0550	0.0510	-0.9690	1.52	NULL	NULL	0
740	4	2	1	170803	084831.90	108.53670459	34.22439008	46.25	0.0090	0.0570	-1.0390	1.52	NULL	NULL	0
741	4	2	1	170803	084832.00	108.53669663	34.22438799	46.25	-0.0720	-0.0010	-1.1000	1.52	NULL	NULL	0
742	4	2	1	170803	084832.10	108.53668858	34.22438596	46.25	-0.1100	0.0400	-1.0300	1.52	NULL	NULL	0
743	4	2	1	170803	084832.20	108.53668053	34.22438388	44.40	0.0220	0.0200	-0.9650	1.75	NULL	NULL	0
744	4	2	1	170803	084832.30	108.53667255	34.22438191	44.40	-0.0020	0.0090	-0.9580	1.75	NULL	NULL	0
745	4	2	1	170803	084832.40	108.53666443	34.22438007	44.40	-0.0150	-0.0310	-1.0230	1.75	NULL	NULL	0
746	4	2	1	170803	084832.50	108.53665640	34.22437806	44.40	-0.0430	0.0070	-0.9340	1.75	NULL	NULL	0
747	4	2	1	170803	084832.60	108.53664835	34.22437629	44.40	-0.0810	0.0040	-0.9390	2.17	NULL	NULL	0
748	4	2	1	170803	084832.70	108.53664042	34.22437433	44.40	-0.0690	0.0180	-1.0640	2.17	NULL	NULL	0
749	4	2	1	170803	084832.80	108.53663239	34.22437238	44.40	0.0010	-0.0370	-0.9680	2.17	NULL	NULL	0
750	4	2	1	170803	084832.90	108.53662440	34.22437040	44.40	0.0970	-0.0250	-0.9080	2.17	NULL	NULL	0
751	4	2	1	170803	084833.00	108.53661645	34.22436842	44.40	-0.0260	-0.0160	-0.9870	2.17	NULL	NULL	0
752	4	2	1	170803	084833.10	108.53660850	34.22436646	44.40	0.1270	0.0120	-0.9890	2.17	NULL	NULL	0
753	4	2	1	170803	084833.20	108.53660058	34.22436432	44.40	0.0570	-0.0290	-1.0440	2.37	NULL	NULL	0
754	4	2	1	170803	084833.30	108.53659256	34.22436230	44.40	0.0280	-0.0090	-1.0030	2.37	NULL	NULL	0
755	4	2	1	170803	084833.40	108.53658516	34.22435892	46.25	0.0380	-0.0280	-0.9900	2.37	NULL	NULL	0
756	4	2	1	170803	084833.50	108.53657707	34.22435685	46.25	0.0200	-0.0030	-1.0190	3.50	NULL	NULL	0
757	4	2	1	170803	084833.60	108.53656892	34.22435495	46.25	0.0710	-0.0620	-0.9890	3.50	NULL	NULL	0
758	4	2	1	170803	084833.70	108.53656080	34.22435288	46.25	0.0520	0.0440	-0.9570	3.50	NULL	NULL	0
759	4	2	1	170803	084833.80	108.53655280	34.22435054	46.25	0.0650	-0.0340	-1.0220	5.76	NULL	NULL	0
760	4	2	1	170803	084833.90	108.53654459	34.22434852	46.25	0.0270	0.0030	-1.0750	5.76	NULL	NULL	0
761	4	2	1	170803	084834.00	108.53653640	34.22434661	46.25	0.0540	0.0280	-1.0680	5.76	NULL	NULL	0
762	4	2	1	170803	084834.10	108.53652819	34.22434456	46.25	0.0330	0.0580	-0.9820	6.10	NULL	NULL	0
763	4	2	1	170803	084834.20	108.53652004	34.22434234	46.25	-0.0040	-0.0040	-1.0220	6.10	NULL	NULL	0
764	4	2	1	170803	084834.30	108.53651182	34.22434030	46.25	-0.0010	0.0200	-1.0230	6.10	NULL	NULL	0
765	4	2	1	170803	084834.40	108.53650364	34.22433828	46.25	0.0900	0.0060	-0.9660	5.20	NULL	NULL	0
766	4	2	1	170803	084834.50	108.53649540	34.22433624	46.25	-0.0270	0.0670	-1.0330	5.20	NULL	NULL	0
767	4	2	1	170803	084834.60	108.53648724	34.22433420	46.25	-0.0440	-0.0270	-1.0000	5.20	NULL	NULL	0
768	4	2	1	170803	084834.70	108.53647903	34.22433219	46.25	0.0060	-0.0240	-1.0000	3.65	NULL	NULL	0
769	4	2	1	170803	084834.80	108.53647086	34.22433020	46.25	0.0110	0.0630	-1.0690	3.65	NULL	NULL	0
770	4	2	1	170803	084834.90	108.53646266	34.22432817	46.25	-0.0040	-0.0410	-0.9480	3.65	NULL	NULL	0
771	4	2	1	170803	084835.00	108.53645452	34.22432618	46.25	0.0540	0.0340	-0.9550	3.16	NULL	NULL	0
772	4	2	1	170803	084835.10	108.53644638	34.22432415	46.25	-0.0450	0.0160	-1.0370	3.16	NULL	NULL	0
773	4	2	1	170803	084835.20	108.53643828	34.22432212	46.25	-0.0630	0.0270	-0.9970	3.16	NULL	NULL	0
774	4	2	1	170803	084835.30	108.53643015	34.22432010	46.25	-0.0440	-0.0030	-1.0250	2.50	NULL	NULL	0
775	4	2	1	170803	084835.40	108.53642209	34.22431807	46.25	0.0040	-0.0300	-0.9830	2.50	NULL	NULL	0
776	4	2	1	170803	084835.50	108.53641403	34.22431604	46.25	-0.0430	-0.0300	-1.0220	2.50	NULL	NULL	0
777	4	2	1	170803	084835.60	108.53640599	34.22431403	46.25	-0.0880	-0.0310	-1.0010	2.27	NULL	NULL	0
778	4	2	1	170803	084835.70	108.53639797	34.22431198	46.25	0.0110	-0.0570	-0.9560	2.27	NULL	NULL	0
779	4	2	1	170803	084835.80	108.53639001	34.22430994	44.40	-0.0630	-0.0680	-1.0340	2.27	NULL	NULL	0
780	4	2	1	170803	084835.90	108.53638208	34.22430792	44.40	-0.0740	-0.0040	-1.0100	2.27	NULL	NULL	0
781	4	2	1	170803	084836.00	108.53637413	34.22430589	44.40	-0.0090	-0.0770	-1.0390	2.05	NULL	NULL	0
782	4	2	1	170803	084836.10	108.53636621	34.22430387	44.40	-0.0690	0.0160	-1.0270	2.05	NULL	NULL	0
783	4	2	1	170803	084836.20	108.53635829	34.22430182	44.40	0.0590	0.0090	-1.0100	2.18	NULL	NULL	0
784	4	2	1	170803	084836.30	108.53635039	34.22429979	44.40	-0.0300	0.0310	-0.9650	2.18	NULL	NULL	0
785	4	2	1	170803	084836.40	108.53634244	34.22429774	44.40	0.0170	-0.0410	-0.9110	2.18	NULL	NULL	0
786	4	2	1	170803	084836.50	108.53633460	34.22429570	44.40	0.0950	0.0150	-0.8860	2.18	NULL	NULL	0
787	4	2	1	170803	084836.60	108.53632671	34.22429368	44.40	0.0410	-0.0160	-1.0070	2.09	NULL	NULL	0
788	4	2	1	170803	084836.70	108.53631880	34.22429166	44.40	-0.0750	0.0140	-1.0360	2.09	NULL	NULL	0
789	4	2	1	170803	084836.80	108.53631086	34.22428963	44.40	0.0780	0.0120	-0.9200	2.09	NULL	NULL	0
790	4	2	1	170803	084836.90	108.53630296	34.22428762	44.40	-0.0120	0.0230	-0.9930	2.08	NULL	NULL	0
791	4	2	1	170803	084837.00	108.53629495	34.22428560	44.40	0.0440	-0.0400	-0.9340	2.08	NULL	NULL	0
792	4	2	1	170803	084837.10	108.53628697	34.22428357	44.40	0.0950	0.0070	-1.0300	2.08	NULL	NULL	0
793	4	2	1	170803	084837.20	108.53627893	34.22428154	46.25	0.0660	-0.0100	-1.0230	4.74	NULL	NULL	0
794	4	2	1	170803	084837.30	108.53627086	34.22427948	46.25	0.0580	0.0020	-0.9390	4.74	NULL	NULL	0
795	4	2	1	170803	084837.40	108.53626278	34.22427745	46.25	-0.0120	0.0200	-0.9850	4.74	NULL	NULL	0
796	4	2	1	170803	084837.50	108.53625472	34.22427541	46.25	0.0490	0.0020	-1.0610	5.55	NULL	NULL	0
797	4	2	1	170803	084837.60	108.53624658	34.22427338	46.25	0.1170	-0.0140	-0.9930	5.55	NULL	NULL	0
798	4	2	1	170803	084837.70	108.53623841	34.22427132	46.25	0.1160	0.0080	-1.0130	5.55	NULL	NULL	0
799	4	2	1	170803	084837.80	108.53623020	34.22426925	46.25	0.0200	-0.0340	-1.0200	6.13	NULL	NULL	0
800	4	2	1	170803	084837.90	108.53622198	34.22426717	46.25	0.0980	-0.0410	-0.9330	6.13	NULL	NULL	0
801	4	2	1	170803	084838.00	108.53621376	34.22426508	46.25	0.1130	0.0040	-1.0390	6.13	NULL	NULL	0
802	4	2	1	170803	084838.10	108.53620548	34.22426298	46.25	0.0010	0.0160	-0.9980	5.71	NULL	NULL	0
803	4	2	1	170803	084838.20	108.53619718	34.22426090	46.25	0.0920	0.0970	-0.9930	5.71	NULL	NULL	0
804	4	2	1	170803	084838.30	108.53618888	34.22425879	46.25	0.0620	0.0190	-1.0500	5.71	NULL	NULL	0
805	4	2	1	170803	084838.40	108.53618050	34.22425668	48.10	0.0040	0.0110	-1.0590	5.58	NULL	NULL	0
806	4	2	1	170803	084838.50	108.53617212	34.22425457	48.10	0.0930	0.0160	-1.0360	5.58	NULL	NULL	0
807	4	2	1	170803	084838.60	108.53616368	34.22425246	48.10	0.1680	-0.0250	-0.8370	5.58	NULL	NULL	0
808	4	2	1	170803	084838.70	108.53615520	34.22425026	48.10	-0.0180	-0.0240	-0.8720	5.79	NULL	NULL	0
809	4	2	1	170803	084838.80	108.53614677	34.22424813	48.10	-0.0390	0.0640	-0.9540	5.79	NULL	NULL	0
810	4	2	1	170803	084838.90	108.53613835	34.22424599	48.10	0.0220	-0.0050	-1.0330	5.79	NULL	NULL	0
811	4	2	1	170803	084839.00	108.53612985	34.22424381	48.10	0.0730	0.0230	-1.0840	5.44	NULL	NULL	0
812	4	2	1	170803	084839.10	108.53612127	34.22424160	48.10	0.0360	-0.0790	-0.9660	5.44	NULL	NULL	0
813	4	2	1	170803	084839.20	108.53611268	34.22423939	48.10	-0.0380	-0.0040	-0.8760	5.44	NULL	NULL	0
814	4	2	1	170803	084839.30	108.53610423	34.22423720	48.10	0.0690	-0.0320	-0.9630	5.56	NULL	NULL	0
815	4	2	1	170803	084839.40	108.53609573	34.22423500	48.10	0.0560	0.0120	-1.0390	5.56	NULL	NULL	0
816	4	2	1	170803	084839.50	108.53608726	34.22423285	48.10	-0.1130	0.0610	-0.8950	5.56	NULL	NULL	0
817	4	2	1	170803	084839.60	108.53607881	34.22423067	48.10	-0.2150	-0.0030	-1.1560	4.01	NULL	NULL	0
818	4	2	1	170803	084839.70	108.53607035	34.22422850	48.10	0.1540	0.0420	-1.0620	4.01	NULL	NULL	0
819	4	2	1	170803	084839.80	108.53606184	34.22422632	48.10	0.1960	-0.0060	-0.9880	4.01	NULL	NULL	0
820	4	2	1	170803	084839.90	108.53605338	34.22422411	48.10	-0.0040	0.0030	-0.9760	4.01	NULL	NULL	0
821	4	2	1	170803	084840.00	108.53604493	34.22422197	48.10	0.1150	0.0210	-0.8780	3.28	NULL	NULL	0
822	4	2	1	170803	084840.10	108.53603657	34.22421981	48.10	-0.1500	-0.0060	-0.9050	3.28	NULL	NULL	0
823	4	2	1	170803	084840.20	108.53602760	34.22421878	48.10	-0.1380	0.0050	-1.0030	2.56	NULL	NULL	0
824	4	2	1	170803	084840.30	108.53601925	34.22421664	48.10	0.0620	0.0470	-1.1110	2.56	NULL	NULL	0
825	4	2	1	170803	084840.40	108.53601077	34.22421460	48.10	0.0320	-0.0500	-1.0740	2.56	NULL	NULL	0
826	4	2	1	170803	084840.50	108.53600240	34.22421243	48.10	0.0180	0.0100	-1.0110	2.56	NULL	NULL	0
827	4	2	1	170803	084840.60	108.53599409	34.22421046	48.10	0.1210	0.0710	-0.9470	2.41	NULL	NULL	0
828	4	2	1	170803	084840.70	108.53598574	34.22420830	48.10	0.1530	0.0250	-0.9930	2.41	NULL	NULL	0
829	4	2	1	170803	084840.80	108.53597740	34.22420601	48.10	0.0280	0.0340	-0.9520	2.41	NULL	NULL	0
830	4	2	1	170803	084840.90	108.53596909	34.22420385	46.25	-0.2010	0.0090	-0.9460	2.07	NULL	NULL	0
831	4	2	1	170803	084841.00	108.53596086	34.22420170	46.25	-0.0670	0.0010	-0.9720	2.07	NULL	NULL	0
832	4	2	1	170803	084841.10	108.53595262	34.22419953	46.25	-0.0610	0.0410	-1.1170	2.07	NULL	NULL	0
833	4	2	1	170803	084841.20	108.53594435	34.22419746	46.25	-0.1440	-0.0080	-1.0370	2.02	NULL	NULL	0
834	4	2	1	170803	084841.30	108.53593611	34.22419531	46.25	0.0900	0.0060	-1.0350	2.02	NULL	NULL	0
835	4	2	1	170803	084841.40	108.53592787	34.22419321	46.25	0.0440	-0.0050	-0.9670	2.02	NULL	NULL	0
836	4	2	1	170803	084841.50	108.53591967	34.22419108	46.25	-0.0260	0.0810	-0.9390	1.90	NULL	NULL	0
837	4	2	1	170803	084841.60	108.53591159	34.22418901	46.25	-0.0340	-0.0020	-0.9750	1.90	NULL	NULL	0
838	4	2	1	170803	084841.70	108.53590345	34.22418691	46.25	-0.0330	-0.0050	-0.9890	1.90	NULL	NULL	0
839	4	2	1	170803	084841.80	108.53589527	34.22418483	46.25	-0.1410	0.0180	-1.0340	1.94	NULL	NULL	0
840	4	2	1	170803	084841.90	108.53588713	34.22418274	46.25	-0.0000	0.0390	-0.9110	1.94	NULL	NULL	0
841	4	2	1	170803	084842.00	108.53587906	34.22418066	46.25	-0.0100	0.0030	-0.9040	1.94	NULL	NULL	0
842	4	2	1	170803	084842.10	108.53587104	34.22417862	46.25	-0.0210	0.0180	-1.0420	1.85	NULL	NULL	0
843	4	2	1	170803	084842.20	108.53586296	34.22417661	46.25	-0.0100	-0.0080	-1.0820	1.85	NULL	NULL	0
844	4	2	1	170803	084842.30	108.53585488	34.22417454	46.25	-0.0870	0.0780	-1.0730	1.85	NULL	NULL	0
845	4	2	1	170803	084842.40	108.53584686	34.22417253	46.25	-0.0700	0.0060	-0.9530	1.84	NULL	NULL	0